25 40
26 38.4615
166 6.0241
25 40
33 30.303
182 5.49451
28 35.7143
33 30.303
34 29.4118
33 30.303
33 30.303
34 29.4118
33 30.303
33 30.303
34 29.4118
33 30.303
33 30.303
34 29.4118
33 30.303
33 30.303
34 29.4118
33 30.303
33 30.303
34 29.4118
33 30.303
33 30.303
34 29.4118
33 30.303
33 30.303
34 29.4118
33 30.303
33 30.303
34 29.4118
33 30.303
33 30.303
34 29.4118
33 30.303
33 30.303
34 29.4118
33 30.303
33 30.303
34 29.4118
33 30.303
33 30.303
34 29.4118
33 30.303
33 30.303
34 29.4118
33 30.303
33 30.303
34 29.4118
33 30.303
33 30.303
34 29.4118
33 30.303
33 30.303
34 29.4118
33 30.303
33 30.303
34 29.4118
33 30.303
33 30.303
23 43.4783
23 43.4783
23 43.4783
30 33.3333
33 30.303
33 30.303
34 29.4118
33 30.303
33 30.303
34 29.4118
33 30.303
33 30.303
34 29.4118
33 30.303
33 30.303
34 29.4118
33 30.303
33 30.303
34 29.4118
33 30.303
33 30.303
34 29.4118
33 30.303
33 30.303
34 29.4118
33 30.303
33 30.303
34 29.4118
35 28.5714
31 32.2581
34 29.4118
33 30.303
33 30.303
34 29.4118
33 30.303
33 30.303
33 30.303
33 30.303
33 30.303
34 29.4118
33 30.303
33 30.303
34 29.4118
33 30.303
33 30.303
34 29.4118
33 30.303
33 30.303
34 29.4118
33 30.303
34 29.4118
33 30.303
33 30.303
33 30.303
34 29.4118
33 30.303
33 30.303
34 29.4118
33 30.303
33 30.303
33 30.303
34 29.4118
32 31.25
33 30.303
33 30.303
34 29.4118
33 30.303
34 29.4118
32 31.25
34 29.4118
33 30.303
33 30.303
34 29.4118
34 29.4118
32 31.25
33 30.303
33 30.303
33 30.303
33 30.303
33 30.303
34 29.4118
33 30.303
33 30.303
34 29.4118
33 30.303
33 30.303
34 29.4118
33 30.303
34 29.4118
33 30.303
33 30.303
33 30.303
34 29.4118
33 30.303
33 30.303
34 29.4118
33 30.303
33 30.303
34 29.4118
33 30.303
33 30.303
34 29.4118
33 30.303
34 29.4118
33 30.303
33 30.303
33 30.303
34 29.4118
33 30.303
33 30.303
34 29.4118
33 30.303
33 30.303
34 29.4118
33 30.303
33 30.303
34 29.4118
33 30.303
33 30.303
34 29.4118
33 30.303
33 30.303
34 29.4118
33 30.303
33 30.303
34 29.4118
33 30.303
34 29.4118
33 30.303
33 30.303
33 30.303
34 29.4118
33 30.303
33 30.303
34 29.4118
33 30.303
33 30.303
34 29.4118
33 30.303
33 30.303
34 29.4118
33 30.303
33 30.303
34 29.4118
33 30.303
33 30.303
34 29.4118
33 30.303
33 30.303
34 29.4118
33 30.303
33 30.303
34 29.4118
33 30.303
33 30.303
34 29.4118
33 30.303
33 30.303
34 29.4118
33 30.303
33 30.303
34 29.4118
33 30.303
33 30.303
34 29.4118
33 30.303
33 30.303
34 29.4118
33 30.303
33 30.303
34 29.4118
33 30.303
33 30.303
34 29.4118
33 30.303
33 30.303
34 29.4118
33 30.303
33 30.303
34 29.4118
33 30.303
33 30.303
34 29.4118
33 30.303
33 30.303
33 30.303
33 30.303
34 29.4118
33 30.303
33 30.303
33 30.303
34 29.4118
33 30.303
33 30.303
34 29.4118
33 30.303
33 30.303
34 29.4118
33 30.303
33 30.303
34 29.4118
33 30.303
33 30.303
33 30.303
33 30.303
33 30.303
34 29.4118
33 30.303
33 30.303
33 30.303
33 30.303
33 30.303
34 29.4118
33 30.303
33 30.303
33 30.303
33 30.303
33 30.303
34 29.4118
33 30.303
33 30.303
34 29.4118
33 30.303
33 30.303
33 30.303
33 30.303
34 29.4118
33 30.303
33 30.303
33 30.303
33 30.303
33 30.303
33 30.303
33 30.303
33 30.303
33 30.303
33 30.303
33 30.303
34 29.4118
33 30.303
33 30.303
33 30.303
34 29.4118
33 30.303
34 29.4118
33 30.303
33 30.303
33 30.303
34 29.4118
33 30.303
33 30.303
33 30.303
33 30.303
34 29.4118
33 30.303
33 30.303
34 29.4118
33 30.303
33 30.303
34 29.4118
33 30.303
33 30.303
33 30.303
33 30.303
33 30.303
34 29.4118
33 30.303
33 30.303
34 29.4118
33 30.303
33 30.303
33 30.303
33 30.303
33 30.303
34 29.4118
33 30.303
33 30.303
34 29.4118
33 30.303
33 30.303
34 29.4118
33 30.303
33 30.303
34 29.4118
33 30.303
33 30.303
34 29.4118
33 30.303
33 30.303
34 29.4118
33 30.303
33 30.303
34 29.4118
33 30.303
33 30.303
34 29.4118
33 30.303
33 30.303
34 29.4118
33 30.303
33 30.303
34 29.4118
33 30.303
33 30.303
34 29.4118
33 30.303
33 30.303
34 29.4118
33 30.303
33 30.303
34 29.4118
33 30.303
33 30.303
34 29.4118
33 30.303
33 30.303
34 29.4118
33 30.303
33 30.303
34 29.4118
33 30.303
33 30.303
34 29.4118
33 30.303
33 30.303
34 29.4118
33 30.303
33 30.303
34 29.4118
33 30.303
33 30.303
34 29.4118
33 30.303
33 30.303
34 29.4118
33 30.303
33 30.303
34 29.4118
33 30.303
33 30.303
34 29.4118
33 30.303
33 30.303
34 29.4118
68 14.7059
22 45.4545
24 41.6667
23 43.4783
29 34.4828
34 29.4118
33 30.303
34 29.4118
33 30.303
33 30.303
33 30.303
34 29.4118
33 30.303
33 30.303
35 28.5714
32 31.25
33 30.303
34 29.4118
33 30.303
33 30.303
34 29.4118
33 30.303
34 29.4118
33 30.303
33 30.303
33 30.303
34 29.4118
33 30.303
33 30.303
34 29.4118
33 30.303
33 30.303
34 29.4118
33 30.303
33 30.303
34 29.4118
33 30.303
33 30.303
34 29.4118
33 30.303
33 30.303
34 29.4118
33 30.303
33 30.303
35 28.5714
32 31.25
33 30.303
34 29.4118
33 30.303
33 30.303
34 29.4118
33 30.303
33 30.303
34 29.4118
33 30.303
33 30.303
34 29.4118
33 30.303
33 30.303
33 30.303
33 30.303
33 30.303
34 29.4118
33 30.303
33 30.303
34 29.4118
33 30.303
33 30.303
34 29.4118
33 30.303
33 30.303
34 29.4118
33 30.303
33 30.303
34 29.4118
32 31.25
33 30.303
34 29.4118
33 30.303
33 30.303
34 29.4118
33 30.303
32 31.25
34 29.4118
34 29.4118
32 31.25
34 29.4118
33 30.303
34 29.4118
33 30.303
33 30.303
33 30.303
33 30.303
33 30.303
33 30.303
34 29.4118
33 30.303
33 30.303
33 30.303
33 30.303
33 30.303
34 29.4118
33 30.303
33 30.303
33 30.303
33 30.303
33 30.303
33 30.303
33 30.303
33 30.303
33 30.303
33 30.303
33 30.303
33 30.303
33 30.303
33 30.303
33 30.303
33 30.303
34 29.4118
33 30.303
33 30.303
34 29.4118
33 30.303
33 30.303
33 30.303
33 30.303
