337.894 527.266 287.906336.075 525.409 287.227336.555 525.502 289.794
336.231 521.293 289.812336.555 525.502 289.794336.075 525.409 287.227
337.894 527.266 287.906336.075 525.409 287.227336.555 525.502 289.794
339.317 526.629 284.808336.075 525.409 287.227337.894 527.266 287.906
339.317 526.629 284.808336.075 525.409 287.227337.894 527.266 287.906
336.769 525.019 284.222336.075 525.409 287.227339.317 526.629 284.808
336.231 521.293 289.812337.627 521.155 291.264336.555 525.502 289.794
336.231 521.293 289.812336.555 525.502 289.794336.075 525.409 287.227
338.486 525.444 292.533336.555 525.502 289.794337.627 521.155 291.264
336.231 521.293 289.812337.627 521.155 291.264336.555 525.502 289.794
336.295 523.656 282.02336.769 525.019 284.222339.317 526.629 284.808
336.769 525.019 284.222333.954 521.334 287.061336.075 525.409 287.227
336.769 525.019 284.222336.075 525.409 287.227339.317 526.629 284.808
336.769 525.019 284.222336.075 525.409 287.227339.317 526.629 284.808
336.295 523.656 282.02336.769 525.019 284.222339.317 526.629 284.808
339.317 526.629 284.808340.573 525.532 281.268336.295 523.656 282.02
338.486 525.444 292.533340.788 530.278 290.862340.12 529.278 289.631
336.555 525.502 289.794338.486 525.444 292.533340.12 529.278 289.631
338.486 525.444 292.533336.555 525.502 289.794337.627 521.155 291.264
338.486 525.444 292.533340.788 530.278 290.862340.12 529.278 289.631
340.931 529.547 295.452338.486 525.444 292.533341.285 525.313 295.281
338.486 525.444 292.533340.931 529.547 295.452340.788 530.278 290.862
336.555 525.502 289.794338.486 525.444 292.533340.12 529.278 289.631
338.486 525.444 292.533340.931 529.547 295.452340.788 530.278 290.862
339.317 526.629 284.808340.573 525.532 281.268336.295 523.656 282.02
340.573 525.532 281.268337.542 523.216 278.892336.295 523.656 282.02
340.573 525.532 281.268337.542 523.216 278.892336.295 523.656 282.02
340.573 525.532 281.268341.864 524.395 277.715337.542 523.216 278.892
340.573 525.532 281.268341.864 524.395 277.715337.542 523.216 278.892
345.037 526.027 279.865341.864 524.395 277.715340.573 525.532 281.268
341.285 525.313 295.281338.486 525.444 292.533339.95 521.155 293.019
340.931 529.547 295.452338.486 525.444 292.533341.285 525.313 295.281
343.718 525.227 297.065343.108 529.426 297.843341.285 525.313 295.281
343.108 529.426 297.843340.931 529.547 295.452341.285 525.313 295.281
343.108 529.426 297.843340.931 529.547 295.452341.285 525.313 295.281
340.931 529.547 295.452338.486 525.444 292.533341.285 525.313 295.281
345.889 525.249 298.886345.061 529.291 299.467343.718 525.227 297.065
343.718 525.227 297.065343.108 529.426 297.843341.285 525.313 295.281
345.889 525.249 298.886345.061 529.291 299.467343.718 525.227 297.065
345.061 529.291 299.467343.108 529.426 297.843343.718 525.227 297.065
343.718 525.227 297.065343.108 529.426 297.843341.285 525.313 295.281
343.718 525.227 297.065341.285 525.313 295.281342.387 521.152 294.681
345.061 529.291 299.467343.108 529.426 297.843343.718 525.227 297.065
345.889 525.249 298.886343.718 525.227 297.065344.77 521.133 296.396
345.037 526.027 279.865341.864 524.395 277.715340.573 525.532 281.268
345.037 526.027 279.865346.468 523.977 275.945341.864 524.395 277.715
345.037 526.027 279.865346.468 523.977 275.945341.864 524.395 277.715
346.468 523.977 275.945345.037 526.027 279.865349.839 524.73 277.411
347.373 529.3 301.217345.061 529.291 299.467345.889 525.249 298.886
347.373 529.3 301.217345.061 529.291 299.467345.889 525.249 298.886
348.273 525.241 300.594347.373 529.3 301.217345.889 525.249 298.886
345.889 525.249 298.886345.061 529.291 299.467343.718 525.227 297.065
350.891 525.2 302.19349.549 529.305 303.049348.273 525.241 300.594
349.549 529.305 303.049347.373 529.3 301.217348.273 525.241 300.594
349.549 529.305 303.049347.373 529.3 301.217348.273 525.241 300.594
348.273 525.241 300.594347.373 529.3 301.217345.889 525.249 298.886
348.273 525.241 300.594347.373 529.3 301.217345.889 525.249 298.886
348.273 525.241 300.594345.889 525.249 298.886347.169 521.117 298.098
348.304 527.099 281.467349.839 524.73 277.411345.037 526.027 279.865
348.304 527.099 281.467349.839 524.73 277.411345.037 526.027 279.865
346.468 523.977 275.945345.037 526.027 279.865349.839 524.73 277.411
349.839 524.73 277.411348.304 527.099 281.467352.039 524.719 278.361
351.917 529.289 304.778349.549 529.305 303.049350.891 525.2 302.19
350.891 525.2 302.19349.549 529.305 303.049348.273 525.241 300.594
353.091 525.233 303.966351.917 529.289 304.778350.891 525.2 302.19
351.917 529.289 304.778349.549 529.305 303.049350.891 525.2 302.19
353.091 525.233 303.966350.891 525.2 302.19352.034 521.127 301.406
353.091 525.233 303.966351.917 529.289 304.778350.891 525.2 302.19
350.891 525.2 302.19348.273 525.241 300.594349.607 521.125 299.739
350.891 525.2 302.19349.549 529.305 303.049348.273 525.241 300.594
349.839 524.73 277.411348.304 527.099 281.467352.039 524.719 278.361
349.839 524.73 277.411348.304 527.099 281.467352.039 524.719 278.361
351.595 528.099 283.374352.039 524.719 278.361348.304 527.099 281.467
351.595 528.099 283.374354.796 524.859 280.357352.039 524.719 278.361
351.595 528.099 283.374354.796 524.859 280.357352.039 524.719 278.361
352.039 524.719 278.361351.976 520.759 273.479349.839 524.73 277.411
351.595 528.099 283.374352.039 524.719 278.361348.304 527.099 281.467
352.039 524.719 278.361354.796 524.859 280.357354.752 520.853 275.846
355.454 525.208 305.709354.365 529.305 306.418353.091 525.233 303.966
354.365 529.305 306.418351.917 529.289 304.778353.091 525.233 303.966
354.365 529.305 306.418351.917 529.289 304.778353.091 525.233 303.966
353.091 525.233 303.966351.917 529.289 304.778350.891 525.2 302.19
351.595 528.099 283.374354.796 524.859 280.357352.039 524.719 278.361
354.796 524.859 280.357354.824 528.959 285.298357.507 524.826 282.13
354.796 524.859 280.357351.595 528.099 283.374354.824 528.959 285.298
354.796 524.859 280.357351.595 528.099 283.374354.824 528.959 285.298
356.744 529.283 308.135354.365 529.305 306.418355.454 525.208 305.709
355.454 525.208 305.709354.365 529.305 306.418353.091 525.233 303.966
356.744 529.283 308.135354.365 529.305 306.418355.454 525.208 305.709
355.454 525.208 305.709354.365 529.305 306.418353.091 525.233 303.966
357.644 525.225 307.52355.454 525.208 305.709356.528 521.106 305.008
357.644 525.225 307.52356.744 529.283 308.135355.454 525.208 305.709
357.644 525.225 307.52356.744 529.283 308.135355.454 525.208 305.709
355.454 525.208 305.709353.091 525.233 303.966354.244 521.144 303.186
354.824 528.959 285.298357.629 528.997 286.87357.507 524.826 282.13
354.824 528.959 285.298357.629 528.997 286.87357.507 524.826 282.13
354.796 524.859 280.357357.507 524.826 282.13357.51 520.897 278.593
354.796 524.859 280.357354.824 528.959 285.298357.507 524.826 282.13
357.507 524.826 282.13357.629 528.997 286.87360.268 524.892 284.872
361.519 523.309 284.574357.507 524.826 282.13360.268 524.892 284.872
354.796 524.859 280.357354.824 528.959 285.298357.507 524.826 282.13
357.507 524.826 282.13357.629 528.997 286.87360.268 524.892 284.872
357.644 525.225 307.52356.744 529.283 308.135355.454 525.208 305.709
359.168 529.283 309.807356.744 529.283 308.135357.644 525.225 307.52
359.168 529.283 309.807356.744 529.283 308.135357.644 525.225 307.52
359.973 525.2 309.282359.168 529.283 309.807357.644 525.225 307.52
361.384 529.311 311.584359.168 529.283 309.807359.973 525.2 309.282
361.91 525.216 311.262361.384 529.311 311.584359.973 525.2 309.282
361.91 525.216 311.262361.384 529.311 311.584359.973 525.2 309.282
361.91 525.216 311.262359.973 525.2 309.282360.304 521.13 309.067
361.384 529.311 311.584359.168 529.283 309.807359.973 525.2 309.282
359.973 525.2 309.282359.168 529.283 309.807357.644 525.225 307.52
359.973 525.2 309.282359.168 529.283 309.807357.644 525.225 307.52
359.973 525.2 309.282357.644 525.225 307.52358.484 521.13 306.971
361.519 523.309 284.574360.268 524.892 284.872363.516 525.027 288.076
357.507 524.826 282.13357.629 528.997 286.87360.268 524.892 284.872
357.629 528.997 286.87360.309 528.893 288.704360.268 524.892 284.872
357.629 528.997 286.87360.309 528.893 288.704360.268 524.892 284.872
360.268 524.892 284.872360.309 528.893 288.704363.516 525.027 288.076
360.268 524.892 284.872360.309 528.893 288.704363.516 525.027 288.076
361.91 525.216 311.262361.384 529.311 311.584359.973 525.2 309.282
363.771 525.214 313.311363.545 529.311 313.425361.91 525.216 311.262
363.545 529.311 313.425361.384 529.311 311.584361.91 525.216 311.262
363.545 529.311 313.425361.384 529.311 311.584361.91 525.216 311.262
366.259 527.385 292.479363.516 525.027 288.076363.07 528.945 291.1
366.259 527.385 292.479363.516 525.027 288.076363.07 528.945 291.1
360.309 528.893 288.704363.07 528.945 291.1363.516 525.027 288.076
360.309 528.893 288.704363.07 528.945 291.1363.516 525.027 288.076
363.516 525.027 288.076366.259 527.385 292.479365.992 522.216 288.342
360.268 524.892 284.872360.309 528.893 288.704363.516 525.027 288.076
365.599 525.219 315.397363.771 525.214 313.311363.807 521.139 313.31
365.586 529.294 315.389363.545 529.311 313.425363.771 525.214 313.311
365.586 529.294 315.389363.545 529.311 313.425363.771 525.214 313.311
363.771 525.214 313.311361.91 525.216 311.262362.12 521.133 311.147
365.599 525.219 315.397365.586 529.294 315.389363.771 525.214 313.311
365.599 525.219 315.397365.586 529.294 315.389363.771 525.214 313.311
363.771 525.214 313.311363.545 529.311 313.425361.91 525.216 311.262
363.771 525.214 313.311363.545 529.311 313.425361.91 525.216 311.262
367.432 525.222 317.479367.448 529.294 317.446365.599 525.219 315.397
367.432 525.222 317.479367.448 529.294 317.446365.599 525.219 315.397
367.448 529.294 317.446365.586 529.294 315.389365.599 525.219 315.397
367.432 525.222 317.479365.599 525.219 315.397365.581 521.139 315.442
365.599 525.219 315.397365.586 529.294 315.389363.771 525.214 313.311
367.448 529.294 317.446365.586 529.294 315.389365.599 525.219 315.397
366.259 527.385 292.479368.566 524.472 292.562365.992 522.216 288.342
363.516 525.027 288.076366.259 527.385 292.479365.992 522.216 288.342
367.432 525.222 317.479367.448 529.294 317.446365.599 525.219 315.397
367.432 525.222 317.479369.092 525.214 319.656367.448 529.294 317.446
370.669 526.263 296.296368.566 524.472 292.562366.259 527.385 292.479
366.259 527.385 292.479368.566 524.472 292.562365.992 522.216 288.342
367.432 525.222 317.479369.092 525.214 319.656367.448 529.294 317.446
369.092 525.214 319.656370.99 525.241 321.721369.34 529.3 319.462
370.53 521.147 322.052370.99 525.241 321.721369.092 525.214 319.656
369.092 525.214 319.656369.34 529.3 319.462367.448 529.294 317.446
368.896 521.158 319.838369.092 525.214 319.656367.432 525.222 317.479
369.092 525.214 319.656369.34 529.3 319.462367.448 529.294 317.446
367.432 525.222 317.479369.092 525.214 319.656367.448 529.294 317.446
369.092 525.214 319.656370.99 525.241 321.721369.34 529.3 319.462
370.669 526.263 296.296368.566 524.472 292.562366.259 527.385 292.479
370.669 526.263 296.296371.952 522.452 295.785368.566 524.472 292.562
374.519 524.738 299.99371.952 522.452 295.785370.669 526.263 296.296
370.669 526.263 296.296371.952 522.452 295.785368.566 524.472 292.562
370.99 525.241 321.721371.227 529.289 321.496369.34 529.3 319.462
370.99 525.241 321.721371.227 529.289 321.496369.34 529.3 319.462
370.99 525.241 321.721372.648 525.23 323.9371.227 529.289 321.496
369.092 525.214 319.656370.99 525.241 321.721369.34 529.3 319.462
373.709 521.13 326.531374.434 525.244 326.02372.648 525.23 323.9
370.99 525.241 321.721372.648 525.23 323.9371.227 529.289 321.496
372.648 525.23 323.9373.052 529.286 323.577371.227 529.289 321.496
372.253 521.177 324.205372.648 525.23 323.9370.99 525.241 321.721
372.648 525.23 323.9373.052 529.286 323.577371.227 529.289 321.496
370.99 525.241 321.721372.648 525.23 323.9371.227 529.289 321.496
372.648 525.23 323.9374.434 525.244 326.02373.052 529.286 323.577
372.648 525.23 323.9374.434 525.244 326.02373.052 529.286 323.577
372.648 525.23 323.9374.434 525.244 326.02373.052 529.286 323.577
374.434 525.244 326.02374.877 529.286 325.668373.052 529.286 323.577
374.434 525.244 326.02374.877 529.286 325.668373.052 529.286 323.577
374.434 525.244 326.02376.102 525.214 328.188374.877 529.286 325.668
374.519 524.738 299.99371.952 522.452 295.785370.669 526.263 296.296
374.519 524.738 299.99374.044 528.992 301.467375.619 525.06 301.577
374.519 524.738 299.99374.044 528.992 301.467375.619 525.06 301.577
374.519 524.738 299.99370.669 526.263 296.296371.196 528.876 298.527
374.519 524.738 299.99375.619 525.06 301.577374.511 520.965 298.888
371.196 528.876 298.527374.044 528.992 301.467374.519 524.738 299.99
371.196 528.876 298.527374.044 528.992 301.467374.519 524.738 299.99
374.519 524.738 299.99370.669 526.263 296.296371.196 528.876 298.527
377.728 525.068 304.314375.619 525.06 301.577376.311 529.132 304.31
375.619 525.06 301.577374.044 528.992 301.467376.311 529.132 304.31
375.619 525.06 301.577374.044 528.992 301.467376.311 529.132 304.31
374.519 524.738 299.99374.044 528.992 301.467375.619 525.06 301.577
377.728 525.068 304.314375.619 525.06 301.577376.311 529.132 304.31
376.342 520.993 301.569375.619 525.06 301.577377.728 525.068 304.314
376.102 525.214 328.188376.872 529.313 327.663374.877 529.286 325.668
376.102 525.214 328.188376.872 529.313 327.663374.877 529.286 325.668
375.433 521.169 328.685376.102 525.214 328.188374.434 525.244 326.02
374.434 525.244 326.02376.102 525.214 328.188374.877 529.286 325.668
374.434 525.244 326.02376.102 525.214 328.188374.877 529.286 325.668
376.102 525.214 328.188377.829 525.252 330.351376.872 529.313 327.663
377.033 521.155 330.921377.829 525.252 330.351376.102 525.214 328.188
376.102 525.214 328.188377.829 525.252 330.351376.872 529.313 327.663
377.728 525.068 304.314375.619 525.06 301.577376.311 529.132 304.31
377.728 525.068 304.314376.311 529.132 304.31378.505 529.168 306.974
377.728 525.068 304.314376.311 529.132 304.31378.505 529.168 306.974
379.804 525.073 307.077377.728 525.068 304.314378.505 529.168 306.974
379.804 525.073 307.077377.728 525.068 304.314378.505 529.168 306.974
378.37 520.996 304.361377.728 525.068 304.314379.804 525.073 307.077
377.829 525.252 330.351379.634 525.268 332.456378.595 529.27 329.77
377.829 525.252 330.351378.595 529.27 329.77376.872 529.313 327.663
377.829 525.252 330.351378.595 529.27 329.77376.872 529.313 327.663
378.613 521.136 333.147379.634 525.268 332.456377.829 525.252 330.351
377.829 525.252 330.351379.634 525.268 332.456378.595 529.27 329.77
376.102 525.214 328.188377.829 525.252 330.351376.872 529.313 327.663
379.634 525.268 332.456380.58 529.308 331.775378.595 529.27 329.77
377.829 525.252 330.351379.634 525.268 332.456378.595 529.27 329.77
379.634 525.268 332.456381.358 525.191 334.557380.58 529.308 331.775
379.634 525.268 332.456380.58 529.308 331.775378.595 529.27 329.77
379.804 525.073 307.077378.505 529.168 306.974380.907 529.148 309.768
379.804 525.073 307.077378.505 529.168 306.974380.907 529.148 309.768
381.294 525.101 309.751379.804 525.073 307.077380.907 529.148 309.768
379.804 525.073 307.077377.728 525.068 304.314378.505 529.168 306.974
381.294 525.101 309.751379.804 525.073 307.077380.907 529.148 309.768
380.161 521.012 307.084379.804 525.073 307.077381.294 525.101 309.751
383.312 525.09 312.56381.294 525.101 309.751382.999 529.16 312.518
381.294 525.101 309.751380.907 529.148 309.768382.999 529.16 312.518
381.294 525.101 309.751380.907 529.148 309.768382.999 529.16 312.518
381.294 525.101 309.751379.804 525.073 307.077380.907 529.148 309.768
381.358 525.191 334.557382.44 529.305 333.818380.58 529.308 331.775
381.358 525.191 334.557383.397 525.225 336.511382.44 529.305 333.818
379.634 525.268 332.456381.358 525.191 334.557380.58 529.308 331.775
379.634 525.268 332.456381.358 525.191 334.557380.58 529.308 331.775
382.174 521.191 337.379383.397 525.225 336.511381.358 525.191 334.557
380.241 521.103 335.351381.358 525.191 334.557379.634 525.268 332.456
381.358 525.191 334.557383.397 525.225 336.511382.44 529.305 333.818
381.358 525.191 334.557382.44 529.305 333.818380.58 529.308 331.775
383.312 525.09 312.56382.999 529.16 312.518385.123 529.168 315.227
385.126 525.112 315.246383.312 525.09 312.56385.123 529.168 315.227
385.126 525.112 315.246383.312 525.09 312.56385.123 529.168 315.227
383.312 525.09 312.56382.999 529.16 312.518385.123 529.168 315.227
381.64 521.026 309.77381.294 525.101 309.751383.312 525.09 312.56
383.312 525.09 312.56381.294 525.101 309.751382.999 529.16 312.518
383.312 525.09 312.56381.294 525.101 309.751382.999 529.16 312.518
383.312 525.09 312.56385.126 525.112 315.246385.069 521.05 315.308
383.397 525.225 336.511384.484 529.338 335.777382.44 529.305 333.818
383.397 525.225 336.511384.484 529.338 335.777382.44 529.305 333.818
383.397 525.225 336.511385.32 525.178 338.489384.484 529.338 335.777
381.358 525.191 334.557383.397 525.225 336.511382.44 529.305 333.818
385.126 525.112 315.246385.123 529.168 315.227387.183 525.109 318.02
385.126 525.112 315.246383.312 525.09 312.56385.123 529.168 315.227
385.32 525.178 338.489386.419 529.286 337.735384.484 529.338 335.777
383.397 525.225 336.511385.32 525.178 338.489384.484 529.338 335.777
384.045 521.172 339.408385.32 525.178 338.489383.397 525.225 336.511
385.942 521.125 341.395387.371 525.211 340.424385.32 525.178 338.489
385.32 525.178 338.489387.371 525.211 340.424386.419 529.286 337.735
383.397 525.225 336.511385.32 525.178 338.489384.484 529.338 335.777
385.32 525.178 338.489386.419 529.286 337.735384.484 529.338 335.777
385.32 525.178 338.489387.371 525.211 340.424386.419 529.286 337.735
385.123 529.168 315.227387.199 529.173 317.99387.183 525.109 318.02
385.126 525.112 315.246385.123 529.168 315.227387.183 525.109 318.02
385.126 525.112 315.246385.123 529.168 315.227387.183 525.109 318.02
387.183 525.109 318.02387.199 529.173 317.99389.029 525.117 320.685
387.183 525.109 318.02389.029 525.117 320.685388.578 521.067 320.783
387.183 525.109 318.02387.199 529.173 317.99389.029 525.117 320.685
385.126 525.112 315.246387.183 525.109 318.02386.82 521.056 318.05
385.123 529.168 315.227387.199 529.173 317.99387.183 525.109 318.02
387.371 525.211 340.424388.539 529.286 339.606386.419 529.286 337.735
385.32 525.178 338.489387.371 525.211 340.424386.419 529.286 337.735
387.371 525.211 340.424388.539 529.286 339.606386.419 529.286 337.735
387.371 525.211 340.424389.488 525.206 342.284388.539 529.286 339.606
389.029 525.117 320.685389.345 529.179 320.694391.392 525.134 323.496
389.029 525.117 320.685389.345 529.179 320.694391.392 525.134 323.496
387.199 529.173 317.99389.345 529.179 320.694389.029 525.117 320.685
387.183 525.109 318.02387.199 529.173 317.99389.029 525.117 320.685
387.199 529.173 317.99389.345 529.179 320.694389.029 525.117 320.685
389.029 525.117 320.685391.392 525.134 323.496390.345 521.07 323.513
387.371 525.211 340.424389.488 525.206 342.284388.539 529.286 339.606
389.488 525.206 342.284390.695 529.253 341.421388.539 529.286 339.606
387.371 525.211 340.424389.488 525.206 342.284388.539 529.286 339.606
389.488 525.206 342.284391.672 525.148 344.026390.695 529.253 341.421
389.488 525.206 342.284390.695 529.253 341.421388.539 529.286 339.606
388.2 521.218 343.246389.488 525.206 342.284387.371 525.211 340.424
389.029 525.117 320.685389.345 529.179 320.694391.392 525.134 323.496
389.345 529.179 320.694391.521 529.179 323.368391.392 525.134 323.496
391.392 525.134 323.496393.165 525.134 326.221392.13 521.078 326.228
391.392 525.134 323.496391.521 529.179 323.368393.165 525.134 326.221
389.345 529.179 320.694391.521 529.179 323.368391.392 525.134 323.496
391.392 525.134 323.496391.521 529.179 323.368393.165 525.134 326.221
393.08 529.258 343.102391.672 525.148 344.026394.519 525.241 345.531
393.08 529.258 343.102391.672 525.148 344.026394.519 525.241 345.531
389.488 525.206 342.284391.672 525.148 344.026390.695 529.253 341.421
389.488 525.206 342.284391.672 525.148 344.026390.695 529.253 341.421
391.672 525.148 344.026393.08 529.258 343.102390.695 529.253 341.421
392.606 521.15 346.301394.519 525.241 345.531391.672 525.148 344.026
391.672 525.148 344.026389.488 525.206 342.284390.142 521.139 344.871
391.672 525.148 344.026393.08 529.258 343.102390.695 529.253 341.421
391.392 525.134 323.496391.521 529.179 323.368393.165 525.134 326.221
391.521 529.179 323.368393.9 529.184 326.157393.165 525.134 326.221
393.165 525.134 326.221393.9 529.184 326.157395.281 525.134 328.947
391.521 529.179 323.368393.9 529.184 326.157393.165 525.134 326.221
393.165 525.134 326.221395.281 525.134 328.947393.876 521.081 328.972
393.165 525.134 326.221393.9 529.184 326.157395.281 525.134 328.947
391.392 525.134 323.496391.521 529.179 323.368393.165 525.134 326.221
391.392 525.134 323.496393.165 525.134 326.221392.13 521.078 326.228
398.3 525.271 347.209394.519 525.241 345.531395.335 521.18 347.54
393.08 529.258 343.102391.672 525.148 344.026394.519 525.241 345.531
393.08 529.258 343.102394.519 525.241 345.531395.771 529.247 344.589
393.08 529.258 343.102394.519 525.241 345.531395.771 529.247 344.589
394.519 525.241 345.531398.3 525.271 347.209395.771 529.247 344.589
394.519 525.241 345.531398.3 525.271 347.209395.771 529.247 344.589
393.9 529.184 326.157396.064 529.181 328.849395.281 525.134 328.947
393.165 525.134 326.221393.9 529.184 326.157395.281 525.134 328.947
393.165 525.134 326.221393.9 529.184 326.157395.281 525.134 328.947
395.281 525.134 328.947396.064 529.181 328.849397.459 525.129 331.62
393.165 525.134 326.221395.281 525.134 328.947393.876 521.081 328.972
393.9 529.184 326.157396.064 529.181 328.849395.281 525.134 328.947
395.281 525.134 328.947397.459 525.129 331.62396.274 521.117 331.751
397.459 525.129 331.62398.775 529.198 331.674399.61 525.115 334.315
396.064 529.181 328.849398.775 529.198 331.674397.459 525.129 331.62
396.064 529.181 328.849398.775 529.198 331.674397.459 525.129 331.62
395.281 525.134 328.947396.064 529.181 328.849397.459 525.129 331.62
395.281 525.134 328.947396.064 529.181 328.849397.459 525.129 331.62
398.3 525.271 347.209398.098 529.481 345.599395.771 529.247 344.589
394.519 525.241 345.531398.3 525.271 347.209395.771 529.247 344.589
400.902 529.61 346.615398.098 529.481 345.599398.3 525.271 347.209
400.902 529.61 346.615398.098 529.481 345.599398.3 525.271 347.209
400.786 525.419 348.092400.902 529.61 346.615398.3 525.271 347.209
400.786 525.419 348.092398.3 525.271 347.209398.157 521.207 348.544
400.786 525.419 348.092400.902 529.61 346.615398.3 525.271 347.209
398.3 525.271 347.209398.098 529.481 345.599395.771 529.247 344.589
399.61 525.115 334.315401.681 525.145 337.12400.33 521.056 337.091
397.459 525.129 331.62399.61 525.115 334.315398.205 521.056 334.349
397.459 525.129 331.62398.775 529.198 331.674399.61 525.115 334.315
399.61 525.115 334.315400.598 529.203 334.358401.681 525.145 337.12
397.459 525.129 331.62398.775 529.198 331.674399.61 525.115 334.315
398.775 529.198 331.674400.598 529.203 334.358399.61 525.115 334.315
398.775 529.198 331.674400.598 529.203 334.358399.61 525.115 334.315
399.61 525.115 334.315400.598 529.203 334.358401.681 525.145 337.12
400.786 525.419 348.092403.664 525.428 348.043403.551 529.718 347.212
400.786 525.419 348.092403.664 525.428 348.043403.551 529.718 347.212
400.786 525.419 348.092400.902 529.61 346.615398.3 525.271 347.209
403.551 529.718 347.212400.902 529.61 346.615400.786 525.419 348.092
403.551 529.718 347.212400.902 529.61 346.615400.786 525.419 348.092
403.664 525.428 348.043400.786 525.419 348.092403.718 520.77 348.239
399.61 525.115 334.315400.598 529.203 334.358401.681 525.145 337.12
401.681 525.145 337.12402.681 529.212 337.14403.945 525.211 340.01
401.681 525.145 337.12402.681 529.212 337.14403.945 525.211 340.01
400.598 529.203 334.358402.681 529.212 337.14401.681 525.145 337.12
400.598 529.203 334.358402.681 529.212 337.14401.681 525.145 337.12
401.681 525.145 337.12403.945 525.211 340.01402.364 521.111 339.952
400.786 525.419 348.092403.664 525.428 348.043403.551 529.718 347.212
403.551 529.718 347.212403.664 525.428 348.043405.894 528.066 345.923
403.551 529.718 347.212403.664 525.428 348.043405.894 528.066 345.923
405.684 525.384 346.081405.894 528.066 345.923403.664 525.428 348.043
403.945 525.211 340.01404.85 527.824 340.499405.704 525.365 343.329
401.681 525.145 337.12402.681 529.212 337.14403.945 525.211 340.01
403.945 525.211 340.01402.681 529.212 337.14404.85 527.824 340.499
403.945 525.211 340.01404.85 527.824 340.499405.704 525.365 343.329
403.945 525.211 340.01405.704 525.365 343.329404.288 521.133 342.948
403.945 525.211 340.01402.681 529.212 337.14404.85 527.824 340.499
405.684 525.384 346.081405.894 528.066 345.923403.664 525.428 348.043
403.664 525.428 348.043404.842 521.375 346.136405.684 525.384 346.081
405.684 525.384 346.081405.894 528.066 345.923403.664 525.428 348.043
405.684 525.384 346.081405.704 525.365 343.329405.894 528.066 345.923
404.85 527.824 340.499406.425 528.94 343.645405.704 525.365 343.329
404.85 527.824 340.499406.425 528.94 343.645405.704 525.365 343.329
403.945 525.211 340.01404.85 527.824 340.499405.704 525.365 343.329
405.684 525.384 346.081405.704 525.365 343.329405.894 528.066 345.923
405.684 525.384 346.081405.704 525.365 343.329405.894 528.066 345.923
405.704 525.365 343.329405.684 525.384 346.081404.842 521.375 346.136
406.425 528.94 343.645405.894 528.066 345.923405.704 525.365 343.329
406.425 528.94 343.645405.894 528.066 345.923405.704 525.365 343.329
453.122 527.428 167.613449.95 525.351 165.514448.821 525.288 168.326
453.122 527.428 167.613449.95 525.351 165.514448.821 525.288 168.326
452.1 526.678 170.376453.122 527.428 167.613448.821 525.288 168.326
452.1 526.678 170.376453.122 527.428 167.613448.821 525.288 168.326
448.821 525.288 168.326449.95 525.351 165.514446.006 523.323 165.757
452.1 526.678 170.376448.821 525.288 168.326448.01 524.439 171.052
451.187 525.672 172.774452.1 526.678 170.376448.01 524.439 171.052
452.1 526.678 170.376448.821 525.288 168.326448.01 524.439 171.052
453.122 527.428 167.613454.128 527.376 164.859449.95 525.351 165.514
453.122 527.428 167.613449.95 525.351 165.514448.821 525.288 168.326
454.128 527.376 164.859451.214 524.637 162.253449.95 525.351 165.514
453.122 527.428 167.613454.128 527.376 164.859449.95 525.351 165.514
453.564 525.695 176.955454.427 526.945 174.678450.294 524.658 175.163
453.564 525.695 176.955450.294 524.658 175.163452.793 524.09 179.069
453.564 525.695 176.955454.427 526.945 174.678450.294 524.658 175.163
454.427 526.945 174.678451.187 525.672 172.774450.294 524.658 175.163
454.427 526.945 174.678451.187 525.672 172.774450.294 524.658 175.163
450.294 524.658 175.163451.187 525.672 172.774447.064 523.342 173.227
451.187 525.672 172.774452.1 526.678 170.376448.01 524.439 171.052
451.187 525.672 172.774448.01 524.439 171.052447.064 523.342 173.227
450.294 524.658 175.163451.187 525.672 172.774447.064 523.342 173.227
451.187 525.672 172.774448.01 524.439 171.052447.064 523.342 173.227
454.284 525.431 160.793451.464 521.397 158.283451.214 524.637 162.253
449.95 525.351 165.514451.214 524.637 162.253447.041 522.408 162.751
454.128 527.376 164.859451.214 524.637 162.253449.95 525.351 165.514
454.128 527.376 164.859451.214 524.637 162.253449.95 525.351 165.514
454.284 525.431 160.793451.214 524.637 162.253454.128 527.376 164.859
454.284 525.431 160.793451.214 524.637 162.253454.128 527.376 164.859
453.564 525.695 176.955450.294 524.658 175.163452.793 524.09 179.069
453.564 525.695 176.955452.793 524.09 179.069456.13 525.189 180.902
455.448 526.522 161.659454.284 525.431 160.793454.128 527.376 164.859
454.284 525.431 160.793456.585 525.431 159.556456.716 522.914 158.19
455.448 526.522 161.659454.284 525.431 160.793454.128 527.376 164.859
455.448 526.522 161.659456.585 525.431 159.556454.284 525.431 160.793
454.284 525.431 160.793451.214 524.637 162.253454.128 527.376 164.859
455.448 526.522 161.659456.585 525.431 159.556454.284 525.431 160.793
456.852 526.871 178.831453.564 525.695 176.955456.13 525.189 180.902
453.564 525.695 176.955452.793 524.09 179.069456.13 525.189 180.902
456.852 526.871 178.831456.13 525.189 180.902459.373 526.436 182.818
456.852 526.871 178.831456.13 525.189 180.902459.373 526.436 182.818
459.373 526.436 182.818456.13 525.189 180.902458.59 524.472 184.787
456.852 526.871 178.831453.564 525.695 176.955456.13 525.189 180.902
460.352 525.09 159.566456.585 525.431 159.556460.531 529.297 163.092
454.284 525.431 160.793456.585 525.431 159.556456.716 522.914 158.19
455.448 526.522 161.659456.585 525.431 159.556454.284 525.431 160.793
455.448 526.522 161.659456.585 525.431 159.556454.284 525.431 160.793
455.448 526.522 161.659460.531 529.297 163.092456.585 525.431 159.556
455.448 526.522 161.659460.531 529.297 163.092456.585 525.431 159.556
459.373 526.436 182.818458.59 524.472 184.787461.911 525.587 186.638
459.373 526.436 182.818456.13 525.189 180.902458.59 524.472 184.787
460.352 525.09 159.566462.127 527.06 159.987462.265 522.784 160.018
462.127 527.06 159.987460.352 525.09 159.566460.531 529.297 163.092
462.127 527.06 159.987460.352 525.09 159.566460.531 529.297 163.092
456.585 525.431 159.556460.352 525.09 159.566459.318 523.081 158.49
460.352 525.09 159.566456.585 525.431 159.556460.531 529.297 163.092
460.352 525.09 159.566456.585 525.431 159.556460.531 529.297 163.092
459.373 526.436 182.818458.59 524.472 184.787461.911 525.587 186.638
461.911 525.587 186.638458.59 524.472 184.787461.251 523.631 188.512
461.911 525.587 186.638461.251 523.631 188.512464.645 524.453 190.243
461.911 525.587 186.638458.59 524.472 184.787461.251 523.631 188.512
462.265 522.784 160.018462.127 527.06 159.987464.821 526.961 161.194
460.352 525.09 159.566462.127 527.06 159.987462.265 522.784 160.018
461.911 525.587 186.638461.251 523.631 188.512464.645 524.453 190.243
465.295 526.62 188.429461.911 525.587 186.638464.645 524.453 190.243
462.265 522.784 160.018462.127 527.06 159.987464.821 526.961 161.194
464.778 523.117 162.559462.265 522.784 160.018464.821 526.961 161.194
464.778 523.117 162.559462.265 522.784 160.018464.821 526.961 161.194
464.778 523.117 162.559464.821 526.961 161.194467.403 526.948 163.418
465.295 526.62 188.429464.645 524.453 190.243467.91 525.453 192.101
465.295 526.62 188.429461.911 525.587 186.638464.645 524.453 190.243
467.372 523.265 166.659464.778 523.117 162.559467.403 526.948 163.418
464.778 523.117 162.559464.821 526.961 161.194467.403 526.948 163.418
467.372 523.265 166.659464.778 523.117 162.559467.403 526.948 163.418
467.372 523.265 166.659467.403 526.948 163.418470.073 527.035 166.756
468.634 527.5 190.181465.295 526.62 188.429467.91 525.453 192.101
465.295 526.62 188.429464.645 524.453 190.243467.91 525.453 192.101
471.278 526.299 193.815467.91 525.453 192.101470.671 523.867 195.493
468.634 527.5 190.181465.295 526.62 188.429467.91 525.453 192.101
468.634 527.5 190.181467.91 525.453 192.101471.278 526.299 193.815
468.634 527.5 190.181467.91 525.453 192.101471.278 526.299 193.815
470.464 523.111 172.292467.372 523.265 166.659470.073 527.035 166.756
467.372 523.265 166.659467.403 526.948 163.418470.073 527.035 166.756
470.464 523.111 172.292470.073 527.035 166.756473.053 527.101 171.445
470.464 523.111 172.292467.372 523.265 166.659470.073 527.035 166.756
471.278 526.299 193.815467.91 525.453 192.101470.671 523.867 195.493
471.278 526.299 193.815470.671 523.867 195.493474.076 524.466 197.112
470.464 523.111 172.292470.073 527.035 166.756473.053 527.101 171.445
472.992 523.304 174.791470.464 523.111 172.292473.053 527.101 171.445
474.655 527.134 195.519471.278 526.299 193.815474.076 524.466 197.112
471.278 526.299 193.815470.671 523.867 195.493474.076 524.466 197.112
472.992 523.304 174.791470.464 523.111 172.292473.053 527.101 171.445
472.992 523.304 174.791473.053 527.101 171.445475.758 527.159 174.782
474.655 527.134 195.519474.076 524.466 197.112477.488 525.038 198.692
474.655 527.134 195.519471.278 526.299 193.815474.076 524.466 197.112
475.862 523.265 177.964472.992 523.304 174.791475.758 527.159 174.782
472.992 523.304 174.791473.053 527.101 171.445475.758 527.159 174.782
475.862 523.265 177.964472.992 523.304 174.791475.758 527.159 174.782
475.862 523.265 177.964475.758 527.159 174.782478.48 527.165 177.768
478.43 523.4 180.45475.862 523.265 177.964478.48 527.165 177.768
475.862 523.265 177.964475.758 527.159 174.782478.48 527.165 177.768
480.533 525.37 200.049478.026 527.956 197.207477.488 525.038 198.692
480.533 525.37 200.049477.488 525.038 198.692476.985 522.07 200.09
474.655 527.134 195.519474.076 524.466 197.112477.488 525.038 198.692
480.533 525.37 200.049478.026 527.956 197.207477.488 525.038 198.692
478.026 527.956 197.207474.655 527.134 195.519477.488 525.038 198.692
478.026 527.956 197.207474.655 527.134 195.519477.488 525.038 198.692
478.43 523.4 180.45478.48 527.165 177.768481.257 527.239 181.041
478.43 523.4 180.45475.862 523.265 177.964478.48 527.165 177.768
481.309 523.37 183.286478.43 523.4 180.45481.257 527.239 181.041
478.43 523.4 180.45478.48 527.165 177.768481.257 527.239 181.041
481.427 528.374 198.791480.533 525.37 200.049484.426 525.472 201.588
480.533 525.37 200.049478.026 527.956 197.207477.488 525.038 198.692
484.426 525.472 201.588480.533 525.37 200.049482.872 521.067 203.114
481.427 528.374 198.791480.533 525.37 200.049484.426 525.472 201.588
481.427 528.374 198.791478.026 527.956 197.207480.533 525.37 200.049
481.427 528.374 198.791478.026 527.956 197.207480.533 525.37 200.049
481.309 523.37 183.286481.257 527.239 181.041483.975 527.28 184.036
481.309 523.37 183.286478.43 523.4 180.45481.257 527.239 181.041
481.309 523.37 183.286481.257 527.239 181.041483.975 527.28 184.036
483.975 527.28 184.036484.71 524.125 186.005481.309 523.37 183.286
484.943 528.396 200.104481.427 528.374 198.791484.426 525.472 201.588
488.418 525.376 202.649488.94 527.97 201.105484.426 525.472 201.588
481.427 528.374 198.791480.533 525.37 200.049484.426 525.472 201.588
488.94 527.97 201.105484.943 528.396 200.104484.426 525.472 201.588
488.94 527.97 201.105484.943 528.396 200.104484.426 525.472 201.588
484.943 528.396 200.104481.427 528.374 198.791484.426 525.472 201.588
484.71 524.125 186.005483.975 527.28 184.036485.913 528.041 185.829
483.975 527.28 184.036484.71 524.125 186.005481.309 523.37 183.286
484.71 524.125 186.005485.913 528.041 185.829487.124 524.087 188.659
484.71 524.125 186.005483.975 527.28 184.036485.913 528.041 185.829
484.71 524.125 186.005485.913 528.041 185.829487.124 524.087 188.659
485.913 528.041 185.829488.174 528.052 188.632487.124 524.087 188.659
487.124 524.087 188.659488.174 528.052 188.632489.746 524.073 191.441
485.913 528.041 185.829488.174 528.052 188.632487.124 524.087 188.659
488.418 525.376 202.649484.426 525.472 201.588485.626 521.147 203.68
488.418 525.376 202.649490.385 526.991 201.661488.94 527.97 201.105
488.418 525.376 202.649490.385 526.991 201.661488.94 527.97 201.105
492.663 524.287 201.641490.385 526.991 201.661488.418 525.376 202.649
488.418 525.376 202.649488.94 527.97 201.105484.426 525.472 201.588
488.418 525.376 202.649488.94 527.97 201.105484.426 525.472 201.588
488.174 528.052 188.632489.932 528.113 191.387489.746 524.073 191.441
487.124 524.087 188.659488.174 528.052 188.632489.746 524.073 191.441
488.174 528.052 188.632489.932 528.113 191.387489.746 524.073 191.441
491.375 527.003 194.008489.746 524.073 191.441489.932 528.113 191.387
491.375 527.003 194.008489.746 524.073 191.441489.932 528.113 191.387
489.746 524.073 191.441491.375 527.003 194.008491.783 523.425 194.394
489.746 524.073 191.441491.375 527.003 194.008491.783 523.425 194.394
491.375 527.003 194.008491.412 528.077 199.337491.783 523.425 194.394
491.412 528.077 199.337493.199 522.697 200.2491.783 523.425 194.394
491.375 527.003 194.008491.412 528.077 199.337491.783 523.425 194.394
492.663 524.287 201.641490.385 526.991 201.661488.418 525.376 202.649
490.385 526.991 201.661492.663 524.287 201.641491.412 528.077 199.337
490.385 526.991 201.661492.663 524.287 201.641491.412 528.077 199.337
493.199 522.697 200.2491.412 528.077 199.337492.663 524.287 201.641
493.199 522.697 200.2491.412 528.077 199.337492.663 524.287 201.641
491.412 528.077 199.337493.199 522.697 200.2491.783 523.425 194.394
