456 2.19298
278 3.59712
247 4.04858
269 3.71747
234 4.2735
233 4.29185
206 4.85437
205 4.87805
196 5.10204
187 5.34759
182 5.49451
234 4.2735
185 5.40541
191 5.2356
194 5.15464
183 5.46448
177 5.64972
181 5.52486
182 5.49451
181 5.52486
181 5.52486
202 4.9505
193 5.18135
181 5.52486
199 5.02513
181 5.52486
182 5.49451
179 5.58659
178 5.61798
178 5.61798
197 5.07614
191 5.2356
178 5.61798
176 5.68182
177 5.64972
180 5.55556
182 5.49451
180 5.55556
190 5.26316
187 5.34759
211 4.73934
177 5.64972
179 5.58659
218 4.58716
178 5.61798
183 5.46448
196 5.10204
194 5.15464
184 5.43478
210 4.7619
189 5.29101
177 5.64972
177 5.64972
180 5.55556
205 4.87805
193 5.18135
199 5.02513
179 5.58659
183 5.46448
197 5.07614
181 5.52486
303 3.30033
233 4.29185
255 3.92157
