2564 1
2795 1
3817 1
2678 1
3817 0
5483 1
5257 1
5257 0
2795 0
5483 0
5295 1
4708 1
4708 0
3023 1
3023 0
518 1
5300 1
2564 0
518 0
5295 0
1818 1
2678 0
5114 1
4962 1
1818 0
2250 1
4962 0
3079 1
4208 1
3079 0
5114 0
4960 1
3039 1
3039 0
3041 1
5300 0
2554 1
1940 1
2250 0
4503 1
4959 1
4960 0
4959 0
5086 1
3041 0
4208 0
5136 1
2554 0
4557 1
1940 0
4048 1
4558 1
4557 0
5086 0
5136 0
2617 1
5007 1
4558 0
4048 0
512 1
5322 1
1838 1
5007 0
4195 1
512 0
1838 0
2876 1
1182 1
4503 0
2616 1
2616 0
2617 0
2614 1
4727 1
4727 0
2877 1
2614 0
4446 1
2876 0
4446 0
4195 0
2586 1
1183 1
1182 0
5219 1
2586 0
4499 1
5322 0
5219 0
2690 1
2440 1
2690 0
4726 1
2877 0
2801 1
991 1
1259 1
2530 1
4499 0
2800 1
2530 0
1259 0
1767 1
991 0
1183 0
2276 1
3555 1
2440 0
4723 1
4726 0
1767 0
4723 0
4721 1
4917 1
3555 0
4720 1
4721 0
4917 0
4916 1
4720 0
4916 0
2277 1
5111 1
2277 0
2276 0
2619 1
5111 0
2618 1
2618 0
5267 1
2755 1
737 1
737 0
2800 0
2799 1
2755 0
5267 0
2801 0
2581 1
2619 0
2799 0
1710 1
2608 1
2581 0
2825 1
2608 0
1710 0
2725 1
2725 0
4169 1
2636 1
4169 0
2824 1
2825 0
2750 1
2636 0
1792 1
2750 0
2274 1
2628 1
2628 0
2824 0
2605 1
2605 0
2629 1
2274 0
1792 0
1450 1
4934 1
1450 0
2629 0
2602 1
4934 0
5342 1
5183 1
5342 0
2602 0
1175 1
1175 0
2985 1
2462 1
5183 0
4750 1
2462 0
2985 0
4537 1
4750 0
5204 1
4537 0
4538 1
591 1
5204 0
4538 0
5429 1
591 0
4648 1
3628 1
5429 0
4652 1
4648 0
4652 0
3460 1
4634 1
3628 0
4634 0
3233 1
3460 0
1764 1
3233 0
3159 1
3156 1
3159 0
2292 1
1764 0
3156 0
3128 1
2292 0
2759 1
5363 1
2759 0
3128 0
3135 1
4264 1
5363 0
3135 0
626 1
5319 1
2042 1
612 1
2042 0
5319 0
993 1
993 0
3177 1
3177 0
4572 1
612 0
5230 1
617 1
5320 1
617 0
5320 0
5230 0
2409 1
626 0
335 1
4572 0
348 1
2409 0
2047 1
2047 0
3620 1
4264 0
4265 1
348 0
3227 1
3134 1
335 0
5095 1
295 1
2965 1
371 1
371 0
3620 0
603 1
295 0
2965 0
5095 0
3227 0
986 1
986 0
3125 1
3127 1
3134 0
3146 1
3127 0
3125 0
3137 1
3146 0
3137 0
284 1
603 0
1397 1
4265 0
284 0
3633 1
1397 0
3626 1
5025 1
3633 0
3626 0
748 1
748 0
1052 1
5285 1
5025 0
1053 1
1052 0
5286 1
5285 0
5286 0
5287 1
5287 0
3181 1
4427 1
3181 0
1433 1
1433 0
4425 1
5093 1
5092 1
5092 0
4427 0
4425 0
4796 1
245 1
4796 0
245 0
526 1
5108 1
5093 0
317 1
526 0
1094 1
1851 1
1564 1
1564 0
1851 0
1053 0
534 1
317 0
2198 1
5108 0
4466 1
2198 0
4466 0
2582 1
1094 0
1093 1
534 0
666 1
667 1
1553 1
1553 0
3346 1
1004 1
1004 0
2582 0
667 0
666 0
2319 1
1093 0
3346 0
3345 1
3345 0
2186 1
2319 0
2320 1
2320 0
1393 1
1479 1
1479 0
1393 0
1166 1
5051 1
1341 1
5051 0
1341 0
2186 0
2201 1
2201 0
828 1
1166 0
4711 1
2891 1
828 0
4711 0
4734 1
2784 1
4734 0
2784 0
900 1
2891 0
787 1
315 1
900 0
5217 1
787 0
362 1
315 0
362 0
3918 1
3918 0
4998 1
5218 1
5217 0
5135 1
4998 0
2181 1
5218 0
4175 1
5135 0
2761 1
4175 0
2760 1
2761 0
2181 0
4274 1
2760 0
4367 1
4274 0
4595 1
4367 0
4369 1
4369 0
3922 1
4595 0
4289 1
3919 1
3922 0
4289 0
4496 1
4290 1
4496 0
3852 1
3919 0
4290 0
1655 1
2753 1
1655 0
609 1
2753 0
3852 0
1235 1
1235 0
1234 1
3933 1
1234 0
609 0
375 1
1960 1
3933 0
1960 0
3839 1
375 0
3422 1
3422 0
3429 1
3839 0
4025 1
4074 1
4025 0
4068 1
4074 0
4068 0
4656 1
3429 0
1409 1
2489 1
1409 0
5041 1
4656 0
2793 1
5041 0
2489 0
4787 1
213 1
2793 0
4787 0
4728 1
213 0
70 1
70 0
86 1
86 0
69 1
1493 1
4728 0
1493 0
3614 1
4284 1
69 0
706 1
3614 0
4284 0
4285 1
706 0
4070 1
3944 1
4070 0
4285 0
1256 1
3944 0
4404 1
2243 1
1256 0
4404 0
1907 1
264 1
2243 0
1907 0
3940 1
3946 1
3940 0
3946 0
263 1
156 1
264 0
156 0
20 1
20 0
96 1
263 0
96 0
