759 1
3940 1
3940 0
3939 1
1296 1
759 0
3930 1
736 1
3939 0
3930 0
298 1
1296 0
736 0
3931 1
298 0
3644 1
3644 0
2825 1
3931 0
3928 1
2029 1
2825 0
1336 1
3928 0
756 1
1336 0
2030 1
2029 0
756 0
755 1
755 0
586 1
2030 0
6134 1
6509 1
586 0
6135 1
6134 0
6510 1
6509 0
6135 0
2630 1
2630 0
5336 1
108 1
6510 0
5336 0
5335 1
108 0
6211 1
6211 0
1508 1
5335 0
1413 1
1413 0
1330 1
5793 1
1508 0
6222 1
5793 0
1331 1
1330 0
7374 1
5174 1
1331 0
5174 0
5024 1
7296 1
5024 0
3568 1
7170 1
7374 0
3568 0
2171 1
5952 1
6222 0
5952 0
7170 0
7296 0
7295 1
7295 0
795 1
829 1
795 0
6545 1
2171 0
4090 1
829 0
6541 1
6541 0
6539 1
6539 0
6545 0
6543 1
6544 1
6802 1
6543 0
6544 0
4089 1
4090 0
6802 0
6801 1
3251 1
4089 0
6801 0
7176 1
6984 1
7176 0
6988 1
6984 0
3251 0
1460 1
1460 0
1461 1
1461 0
761 1
6988 0
6987 1
6034 1
6035 1
6987 0
5969 1
6035 0
3763 1
3763 0
3762 1
1424 1
6034 0
1424 0
1423 1
7318 1
3762 0
7302 1
1423 0
6976 1
761 0
7317 1
7318 0
5969 0
4807 1
7302 0
5304 1
7317 0
7314 1
4807 0
7121 1
5304 0
7285 1
7180 1
7314 0
7285 0
2134 1
7121 0
7122 1
6284 1
7180 0
6976 0
6064 1
2134 0
4356 1
6284 0
6659 1
5748 1
7122 0
5748 0
7125 1
4437 1
6659 0
2169 1
4356 0
2169 0
6023 1
5702 1
4437 0
5702 0
5701 1
1361 1
7125 0
6023 0
6024 1
6064 0
6401 1
2172 1
6024 0
4702 1
2172 0
4702 0
393 1
3978 1
5701 0
392 1
393 0
3978 0
5648 1
6401 0
7351 1
1256 1
5605 1
1256 0
1339 1
5605 0
1361 0
1340 1
7810 1
5970 1
7810 0
5970 0
5648 0
2784 1
392 0
7802 1
4618 1
2784 0
5203 1
7801 1
7801 0
5203 0
1339 0
7802 0
1340 0
3107 1
4618 0
4428 1
3107 0
4428 0
4427 1
2160 1
4427 0
2160 0
4595 1
4595 0
4574 1
4574 0
7889 1
7889 0
7888 1
1041 1
7351 0
3314 1
7888 0
3314 0
4586 1
1041 0
2864 1
1669 1
7803 1
7803 0
2192 1
4042 1
4042 0
4991 1
4991 0
4992 1
4992 0
6055 1
1669 0
4586 0
3277 1
3277 0
164 1
3535 1
2192 0
5830 1
5830 0
4096 1
4096 0
7146 1
6055 0
7367 1
7367 0
7146 0
6891 1
6890 1
6890 0
3536 1
3535 0
2162 1
164 0
6891 0
2655 1
2162 0
4649 1
6684 1
6683 1
6057 1
3536 0
6057 0
6400 1
6683 0
1386 1
4650 1
4649 0
7847 1
2864 0
6684 0
7847 0
927 1
927 0
1692 1
2655 0
3046 1
1386 0
1387 1
5119 1
4650 0
4842 1
4843 1
4843 0
4842 0
6400 0
6535 1
1387 0
3046 0
4038 1
6535 0
6534 1
4001 1
6534 0
5119 0
4640 1
4038 0
4026 1
4001 0
4025 1
6261 1
4026 0
3782 1
4025 0
6246 1
4640 0
4645 1
4645 0
2152 1
4137 1
4137 0
6246 0
6262 1
6261 0
3782 0
3826 1
5983 1
1692 0
1080 1
3826 0
91 1
2152 0
6262 0
5361 1
1080 0
5356 1
6694 1
5361 0
91 0
2259 1
4017 1
6694 0
384 1
5983 0
5353 1
5350 1
5351 1
5351 0
5358 1
5356 0
5350 0
5353 0
5117 1
2259 0
5358 0
5357 1
5117 0
5418 1
5357 0
2002 1
4016 1
4017 0
384 0
2868 1
3796 1
5115 1
5115 0
3823 1
5418 0
5419 1
7130 1
5419 0
5737 1
5737 0
7130 0
3796 0
1577 1
4016 0
4878 1
2002 0
4878 0
195 1
195 0
5649 1
3822 1
3823 0
1577 0
3641 1
2868 0
1528 1
5649 0
5650 1
3807 1
3807 0
7129 1
3822 0
7129 0
7699 1
7698 1
7698 0
5650 0
3825 1
7700 1
7699 0
4936 1
3825 0
4936 0
4935 1
7700 0
5738 1
4935 0
7775 1
7775 0
1568 1
5738 0
2069 1
3642 1
3641 0
2069 0
1673 1
1672 1
1673 0
1569 1
1568 0
6038 1
1672 0
481 1
1569 0
2218 1
6038 0
2217 1
481 0
2217 0
2218 0
1635 1
1528 0
3819 1
3642 0
1635 0
5429 1
3819 0
5284 1
5429 0
5432 1
5284 0
5285 1
5285 0
369 1
3305 1
5432 0
7689 1
369 0
3305 0
4069 1
4069 0
3613 1
7690 1
7689 0
7690 0
1567 1
5767 1
1567 0
3613 0
4331 1
5767 0
4861 1
6356 1
4331 0
2584 1
4861 0
6356 0
7299 1
1053 1
2584 0
3528 1
7299 0
4146 1
3528 0
4145 1
4146 0
1053 0
365 1
4145 0
1212 1
3547 1
1212 0
7373 1
365 0
7373 0
1516 1
3574 1
3547 0
1516 0
1289 1
247 1
3574 0
2539 1
1289 0
2539 0
2540 1
247 0
973 1
972 1
973 0
972 0
3555 1
3552 1
2540 0
3554 1
3555 0
3553 1
3552 0
3554 0
6682 1
3161 1
3553 0
6682 0
7902 1
3538 1
7902 0
3162 1
3161 0
3581 1
3538 0
934 1
3581 0
2062 1
3162 0
3539 1
934 0
5951 1
2062 0
3539 0
7763 1
873 1
5951 0
7763 0
1915 1
873 0
2731 1
1915 0
2569 1
3457 1
2731 0
2569 0
4156 1
3457 0
3423 1
4155 1
4156 0
4155 0
3415 1
3424 1
3423 0
7753 1
3415 0
7753 0
7754 1
1741 1
3424 0
3433 1
1741 0
7754 0
4167 1
3432 1
3433 0
4167 0
3461 1
3432 0
5492 1
3461 0
3460 1
5492 0
3460 0
