1282 1
641 1
5213 1
641 0
5212 1
1491 1
1282 0
1283 1
5213 0
5212 0
1283 0
1263 1
1491 0
5686 1
1263 0
637 1
5686 0
5687 1
638 1
637 0
638 0
672 1
5687 0
1292 1
672 0
1275 1
1293 1
1292 0
1293 0
874 1
436 1
431 1
826 1
826 0
1275 0
827 1
431 0
1244 1
436 0
1244 0
875 1
874 0
875 0
5002 1
1246 1
827 0
5003 1
5002 0
1245 1
1246 0
5003 0
5287 1
6687 1
1245 0
5287 0
5286 1
6687 0
6688 1
762 1
5286 0
2749 1
6688 0
7168 1
2749 0
762 0
5023 1
7167 1
7168 0
2092 1
5023 0
7167 0
4387 1
5019 1
2092 0
848 1
5019 0
4387 0
3334 1
848 0
852 1
852 0
1409 1
1409 0
295 1
1460 1
295 0
3244 1
3334 0
3244 0
5465 1
5465 0
1241 1
1460 0
1461 1
1241 0
3015 1
3015 0
5681 1
1461 0
7596 1
1310 1
7596 0
1954 1
5681 0
5105 1
1954 0
830 1
5105 0
830 0
6060 1
6025 1
7353 1
1310 0
6360 1
6360 0
6012 1
6012 0
6166 1
6025 0
7353 0
6061 1
6060 0
6862 1
6061 0
2202 1
4710 1
6022 1
177 1
4363 1
176 1
177 0
176 0
6662 1
4710 0
6022 0
2202 0
4367 1
4363 0
6662 0
6661 1
4367 0
2156 1
6661 0
6660 1
6862 0
4942 1
330 1
2156 0
2112 1
6660 0
956 1
2112 0
7382 1
4942 0
330 0
329 1
1551 1
956 0
329 0
1312 1
145 1
1551 0
144 1
145 0
6166 0
1481 1
1312 0
6099 1
7382 0
1546 1
6099 0
3131 1
4631 1
144 0
1481 0
1313 1
4631 0
805 1
1546 0
5807 1
3868 1
1313 0
1482 1
805 0
4632 1
4632 0
4633 1
2559 1
2559 0
3131 0
3814 1
3868 0
4626 1
4626 0
4629 1
4633 0
7020 1
4629 0
5807 0
4849 1
7791 1
7020 0
4849 0
4030 1
3815 1
3814 0
7790 1
7791 0
4006 1
4030 0
3815 0
4642 1
7790 0
7667 1
4642 0
4641 1
1482 0
1549 1
4000 1
7667 0
4641 0
4652 1
4652 0
4651 1
4006 0
6044 1
3847 1
4000 0
3847 0
3848 1
4879 1
3848 0
2610 1
4651 0
2610 0
4946 1
6087 1
1549 0
4879 0
6201 1
6044 0
2337 1
6201 0
6203 1
6087 0
6088 1
4646 1
4946 0
1945 1
6088 0
5978 1
4646 0
3696 1
6203 0
560 1
3696 0
4002 1
2337 0
5978 0
5316 1
559 1
560 0
255 1
4002 0
559 0
6919 1
7779 1
5316 0
5950 1
7779 0
6919 0
3812 1
5262 1
3812 0
5361 1
255 0
5950 0
1084 1
1083 1
1084 0
6694 1
5361 0
5262 0
3806 1
1083 0
999 1
3806 0
1023 1
3521 1
1023 0
1000 1
999 0
4220 1
1945 0
7768 1
1000 0
3521 0
3520 1
3520 0
7768 0
3817 1
6694 0
324 1
4220 0
3817 0
3824 1
912 1
3824 0
7704 1
912 0
7704 0
5354 1
5354 0
4976 1
324 0
5435 1
5435 0
7375 1
7266 1
4976 0
7266 0
6914 1
7376 1
7375 0
385 1
6914 0
6994 1
7376 0
386 1
385 0
386 0
7692 1
2466 1
7692 0
1975 1
6994 0
1975 0
407 1
2466 0
7691 1
407 0
3516 1
3516 0
1772 1
7691 0
3192 1
5272 1
3192 0
3482 1
1772 0
611 1
5272 0
611 0
6530 1
7364 1
2583 1
6530 0
7364 0
7365 1
7365 0
3481 1
596 1
3482 0
5976 1
3481 0
5976 0
2583 0
6531 1
6531 0
249 1
596 0
7337 1
7685 1
249 0
7336 1
7337 0
7685 0
7113 1
910 1
7336 0
910 0
3490 1
3564 1
3490 0
3537 1
3564 0
7372 1
7113 0
3540 1
3537 0
7372 0
3203 1
3203 0
3202 1
3541 1
3540 0
3202 0
306 1
1216 1
3541 0
1217 1
1216 0
306 0
1067 1
1217 0
3496 1
7762 1
3496 0
105 1
105 0
2551 1
2551 0
7412 1
7412 0
1067 0
378 1
3578 1
7762 0
3578 0
1220 1
3406 1
378 0
966 1
1220 0
3405 1
3406 0
13 1
966 0
3411 1
3405 0
12 1
13 0
54 1
3411 0
12 0
2570 1
4164 1
54 0
4164 0
4168 1
2570 0
3559 1
3559 0
3534 1
3463 1
3534 0
3654 1
4168 0
3654 0
3652 1
3462 1
3463 0
3652 0
3653 1
3414 1
3462 0
976 1
3653 0
3414 0
1225 1
976 0
1226 1
1225 0
1226 0
