5257 1
5483 1
2885 1
2884 1
2884 0
5482 1
2885 0
5482 0
5481 1
5257 0
5481 0
3023 1
5295 1
5483 0
1818 1
2250 1
3023 0
518 1
1818 0
5295 0
5504 1
2250 0
4708 1
518 0
4708 0
5300 1
4984 1
5504 0
2554 1
5300 0
4984 0
4985 1
2553 1
2554 0
4622 1
2553 0
4985 0
1753 1
4622 0
4558 1
4558 0
5007 1
3785 1
1753 0
5007 0
4195 1
2270 1
4195 0
3042 1
3785 0
5032 1
2270 0
5032 0
5219 1
3042 0
2788 1
2690 1
5219 0
2690 0
2440 1
2533 1
2613 1
2613 0
4682 1
4501 1
2612 1
3679 1
2440 0
4682 0
2695 1
2697 1
2695 0
2612 0
2533 0
2778 1
2778 0
2777 1
2610 1
4501 0
3679 0
3390 1
1455 1
3390 0
2788 0
927 1
2697 0
2588 1
2610 0
1455 0
4779 1
3014 1
4833 1
2588 0
3014 0
4833 0
4779 0
927 0
3359 1
1368 1
211 1
3356 1
2790 1
3356 0
2777 0
238 1
737 1
2790 0
2755 1
737 0
2755 0
4113 1
3772 1
1368 0
4113 0
3772 0
2773 1
1148 1
211 0
2783 1
2734 1
2783 0
2141 1
2141 0
1436 1
1436 0
1148 0
238 0
237 1
3359 0
1828 1
1261 1
1828 0
2773 0
2829 1
2734 0
1261 0
2829 0
2725 1
4169 1
2725 0
2624 1
237 0
4169 0
2636 1
2636 0
2750 1
2605 1
2605 0
2628 1
729 1
729 0
2541 1
2541 0
2624 0
2543 1
2543 0
2474 1
2751 1
2750 0
2628 0
1509 1
2751 0
1509 0
4934 1
5342 1
4934 0
2474 0
1174 1
1175 1
1174 0
5183 1
205 1
205 0
5342 0
4583 1
4583 0
2462 1
5183 0
2985 1
1175 0
4537 1
2985 0
581 1
4537 0
2462 0
4750 1
4750 0
2679 1
4585 1
2679 0
5431 1
581 0
5431 0
5430 1
4585 0
4648 1
5430 0
5429 1
4652 1
4648 0
5429 0
3628 1
4652 0
3460 1
3628 0
1472 1
1472 0
3159 1
3159 0
3156 1
3460 0
1764 1
3150 1
3156 0
1764 0
2292 1
3150 0
3126 1
2759 1
2292 0
5363 1
2759 0
5363 0
4264 1
3111 1
3126 0
5319 1
2042 1
5319 0
993 1
2042 0
1128 1
2409 1
1128 0
993 0
3177 1
3167 1
3177 0
2047 1
2409 0
3800 1
3167 0
3800 0
3226 1
354 1
3111 0
3141 1
354 0
2047 0
3620 1
349 1
3141 0
3226 0
3227 1
349 0
638 1
371 1
3620 0
1223 1
1397 1
4715 1
4715 0
4714 1
4714 0
1223 0
4264 0
4265 1
3227 0
986 1
4265 0
986 0
3125 1
3165 1
638 0
3137 1
3125 0
603 1
371 0
3146 1
3165 0
284 1
603 0
3137 0
3146 0
1397 0
3626 1
748 1
3626 0
284 0
3633 1
5025 1
3633 0
5026 1
5025 0
748 0
1052 1
4513 1
5026 0
1052 0
1843 1
5233 1
4513 0
4426 1
5233 0
1564 1
1843 0
4425 1
4426 0
1433 1
4425 0
1433 0
1434 1
4231 1
1434 0
1851 1
1564 0
4231 0
5091 1
1851 0
417 1
5091 0
1143 1
2197 1
1143 0
2198 1
105 1
2197 0
4465 1
601 1
4465 0
4466 1
601 0
105 0
2198 0
417 0
4163 1
2582 1
4466 0
1059 1
4163 0
2582 0
1004 1
1426 1
1059 0
1553 1
1004 0
3497 1
1553 0
3497 0
4502 1
2320 1
412 1
1421 1
996 1
412 0
1426 0
1421 0
1425 1
1393 1
996 0
1425 0
2320 0
4502 0
715 1
1479 1
1393 0
1480 1
1479 0
715 0
2816 1
1055 1
1480 0
3740 1
1055 0
5186 1
2816 0
4734 1
2784 1
2785 1
3740 0
1098 1
1098 0
5130 1
5130 0
2784 0
4734 0
807 1
5186 0
2575 1
2785 0
2575 0
315 1
807 0
300 1
3705 1
300 0
362 1
315 0
362 0
1768 1
1768 0
938 1
938 0
5135 1
3795 1
3705 0
4175 1
5135 0
4175 0
2761 1
4273 1
3795 0
4367 1
2760 1
4367 0
2761 0
4092 1
4092 0
4383 1
4384 1
4383 0
2760 0
4273 0
4274 1
4384 0
457 1
940 1
457 0
4595 1
4274 0
4369 1
940 0
4595 0
4289 1
4289 0
4496 1
3922 1
4369 0
3919 1
3922 0
3919 0
3852 1
4290 1
4496 0
4290 0
1655 1
2753 1
1655 0
609 1
2753 0
3852 0
1235 1
1235 0
1234 1
609 0
359 1
1234 0
3933 1
2132 1
3933 0
2922 1
359 0
13 1
2132 0
4025 1
13 0
2922 0
3430 1
4074 1
4025 0
4068 1
4074 0
1422 1
3430 0
3916 1
4068 0
4065 1
3916 0
1643 1
4065 0
1643 0
2793 1
213 1
2793 0
213 0
70 1
2489 1
71 1
70 0
4787 1
2489 0
1212 1
1212 0
1422 0
3537 1
3537 0
1493 1
4787 0
4728 1
4728 0
4667 1
71 0
9 1
4667 0
9 0
2944 1
4162 1
2944 0
1350 1
4162 0
3614 1
1493 0
1256 1
4070 1
4406 1
3944 1
2373 1
2373 0
3614 0
4406 0
4070 0
706 1
706 0
136 1
1737 1
136 0
1350 0
4284 1
4285 1
1256 0
4285 0
4284 0
4404 1
3944 0
4404 0
1907 1
1907 0
988 1
1737 0
4484 1
4484 0
851 1
988 0
3722 1
3943 1
3722 0
4022 1
851 0
3943 0
263 1
263 0
96 1
4022 0
96 0
