4414 1
1475 1
1476 1
1475 0
1140 1
4414 0
1476 0
4552 1
4240 1
1140 0
4552 0
5448 1
4240 0
1534 1
5448 0
5194 1
4247 1
5194 0
3978 1
1534 0
2872 1
3978 0
4247 0
2703 1
2872 0
278 1
2731 1
2703 0
277 1
278 0
1572 1
896 1
1572 0
5080 1
2762 1
2762 0
1719 1
277 0
896 0
2735 1
5080 0
2735 0
4206 1
2731 0
4206 0
3452 1
3453 1
3452 0
2577 1
3453 0
358 1
1719 0
358 0
2914 1
2577 0
4210 1
4210 0
5066 1
3347 1
2914 0
2565 1
5066 0
3347 0
2864 1
2864 0
2916 1
4813 1
5245 1
4271 1
5270 1
4837 1
3212 1
3212 0
5191 1
2565 0
4271 0
4813 0
5270 0
1438 1
5245 0
4809 1
4838 1
4837 0
1743 1
4838 0
116 1
116 0
4809 0
1438 0
4216 1
2890 1
5191 0
3264 1
1743 0
4217 1
4216 0
2890 0
5063 1
2908 1
3264 0
2848 1
4217 0
5063 0
2833 1
2848 0
708 1
2869 1
708 0
2724 1
2908 0
2838 1
2809 1
2809 0
2919 1
2916 0
2919 0
2895 1
2838 0
2724 0
4735 1
2924 1
2895 0
4643 1
5261 1
3882 1
3882 0
2833 0
3861 1
2869 0
2924 0
2772 1
4643 0
2481 1
5151 1
2772 0
4735 0
5419 1
5151 0
2650 1
4899 1
2650 0
1595 1
2837 1
5419 0
3471 1
2481 0
3216 1
2255 1
5261 0
2255 0
2837 0
3354 1
4642 1
3861 0
4899 0
4775 1
4775 0
3471 0
3216 0
4640 1
4640 0
4642 0
1596 1
1595 0
1596 0
193 1
592 1
2844 1
2844 0
4328 1
3354 0
4328 0
4957 1
592 0
4957 0
193 0
4666 1
4741 1
2804 1
4741 0
2804 0
2671 1
130 1
4666 0
4920 1
4508 1
4508 0
130 0
2671 0
1275 1
4920 0
545 1
1276 1
1275 0
4317 1
545 0
4317 0
382 1
5392 1
1276 0
5392 0
753 1
1396 1
1396 0
2057 1
1295 1
753 0
4785 1
4784 1
4785 0
966 1
724 1
2057 0
538 1
3786 1
3786 0
382 0
539 1
2590 1
5480 1
2591 1
2591 0
724 0
2590 0
567 1
567 0
4784 0
494 1
966 0
3622 1
5480 0
3622 0
2475 1
538 0
5418 1
494 0
840 1
1295 0
5418 0
646 1
3186 1
646 0
5120 1
2475 0
3138 1
539 0
3893 1
3138 0
3893 0
4123 1
3811 1
5120 0
3587 1
840 0
4918 1
3186 0
3811 0
4876 1
2765 1
4123 0
3587 0
3386 1
2766 1
2765 0
3386 0
772 1
2051 1
4876 0
2051 0
4103 1
4679 1
2766 0
772 0
4058 1
4103 0
676 1
3191 1
4918 0
4679 0
670 1
3191 0
2905 1
4058 0
1086 1
1086 0
3837 1
2905 0
3385 1
378 1
676 0
670 0
529 1
529 0
52 1
378 0
2013 1
2013 0
2116 1
2830 1
2830 0
1520 1
546 1
3837 0
759 1
3385 0
730 1
546 0
773 1
730 0
1289 1
759 0
773 0
932 1
2116 0
2102 1
2121 1
2121 0
2067 1
2102 0
3527 1
1520 0
3527 0
920 1
932 0
778 1
1289 0
920 0
768 1
4298 1
778 0
768 0
921 1
915 1
921 0
2122 1
2067 0
916 1
915 0
4509 1
4298 0
97 1
916 0
51 1
97 0
4509 0
4302 1
767 1
51 0
1415 1
52 0
2117 1
2122 0
767 0
346 1
1415 0
4738 1
346 0
2625 1
2171 1
2117 0
23 1
4302 0
2625 0
4722 1
4722 0
3966 1
3966 0
2304 1
2257 1
23 0
2304 0
1325 1
2171 0
2172 1
2994 1
1325 0
2075 1
2172 0
2163 1
2257 0
4702 1
4738 0
2166 1
2075 0
917 1
2163 0
695 1
917 0
2178 1
2166 0
3027 1
2994 0
782 1
3027 0
4196 1
2178 0
695 0
4305 1
4702 0
2200 1
4305 0
25 1
2025 1
2200 0
25 0
4034 1
3833 1
782 0
313 1
3833 0
2025 0
5289 1
5289 0
5288 1
4196 0
283 1
4034 0
4029 1
994 1
313 0
3540 1
994 0
857 1
283 0
196 1
4029 0
4104 1
5288 0
3540 0
1298 1
2461 1
4104 0
2418 1
1298 0
2418 0
5143 1
444 1
3952 1
2461 0
2046 1
5113 1
5113 0
3432 1
3432 0
1278 1
1278 0
3952 0
444 0
2046 0
5143 0
196 0
1211 1
3865 1
857 0
1211 0
4372 1
259 1
4372 0
878 1
4050 1
894 1
4050 0
2966 1
259 0
4133 1
4134 1
4133 0
894 0
4134 0
789 1
878 0
4313 1
877 1
4313 0
2361 1
3499 1
3865 0
3502 1
3501 1
3501 0
3499 0
34 1
2966 0
2361 0
3503 1
4028 1
2726 1
2726 0
34 0
877 0
4028 0
3503 0
789 0
3507 1
3502 0
4488 1
1387 1
3507 0
1387 0
2798 1
867 1
2798 0
4488 0
2136 1
2136 0
3532 1
3530 1
3532 0
779 1
3530 0
888 1
867 0
3500 1
888 0
3500 0
779 0
