3765 1
2283 1
3765 0
22 1
2552 1
22 0
4457 1
2283 0
4439 1
2552 0
2279 1
4457 0
5353 1
4439 0
2279 0
4462 1
4462 0
4463 1
3904 1
5353 0
3904 0
2675 1
1177 1
2675 0
3934 1
1177 0
4475 1
4463 0
3910 1
3934 0
4475 0
1752 1
3910 0
1163 1
1163 0
4334 1
1061 1
4334 0
1752 0
2225 1
2225 0
4166 1
2659 1
1061 0
2661 1
2659 0
4166 0
451 1
2661 0
2660 1
2660 0
2433 1
451 0
452 1
2434 1
2433 0
2434 0
3393 1
3552 1
3393 0
3790 1
452 0
473 1
473 0
3562 1
296 1
3790 0
296 0
5058 1
2641 1
3552 0
5058 0
4257 1
2641 0
2414 1
4257 0
2414 0
2432 1
1173 1
2432 0
5228 1
3562 0
1173 0
153 1
153 0
3997 1
5228 0
5229 1
303 1
4799 1
2958 1
3997 0
756 1
2470 1
303 0
3961 1
3961 0
3855 1
2845 1
2845 0
2470 0
756 0
5329 1
2958 0
1630 1
4799 0
1630 0
1797 1
3855 0
3755 1
4286 1
1797 0
3726 1
1362 1
3755 0
5445 1
5329 0
3726 0
2313 1
2312 1
2313 0
2210 1
5229 0
1154 1
1154 0
1521 1
2210 0
2312 0
1763 1
1362 0
2431 1
4286 0
519 1
1763 0
1521 0
4686 1
4686 0
2431 0
1458 1
519 0
5445 0
3803 1
342 1
1458 0
4879 1
3803 0
342 0
3964 1
3962 1
3964 0
4879 0
2939 1
3962 0
3659 1
3659 0
3660 1
4613 1
3660 0
2939 0
5157 1
4613 0
4617 1
4617 0
5137 1
5137 0
5444 1
5157 0
3058 1
1239 1
5444 0
1382 1
3058 0
1382 0
443 1
2525 1
1239 0
3247 1
2525 0
2508 1
443 0
3247 0
1651 1
939 1
2508 0
1651 0
4481 1
2948 1
939 0
3449 1
4481 0
3448 1
3449 0
566 1
2948 0
1652 1
3448 0
1884 1
1652 0
2670 1
4033 1
2670 0
1528 1
5437 1
1528 0
3122 1
4033 0
958 1
3122 0
5437 0
4605 1
1884 0
3305 1
3081 1
3076 1
3076 0
2129 1
2129 0
566 0
1252 1
3773 1
958 0
962 1
1460 1
962 0
3081 0
1460 0
4177 1
4605 0
4288 1
3773 0
1748 1
4177 0
1748 0
453 1
168 1
4288 0
3305 0
3306 1
4176 1
453 0
4504 1
168 0
4504 0
3438 1
869 1
3438 0
3306 0
2642 1
3924 1
4176 0
273 1
3924 0
2642 0
1567 1
248 1
1252 0
248 0
3082 1
454 1
1567 0
273 0
274 1
454 0
1840 1
3105 1
869 0
3082 0
3088 1
3090 1
3088 0
3085 1
1113 1
3067 1
3067 0
3085 0
3105 0
3395 1
274 0
3090 0
1113 0
3395 0
3071 1
1840 0
1841 1
1392 1
1841 0
3254 1
1392 0
3254 0
3255 1
1012 1
3071 0
281 1
1546 1
1546 0
2022 1
2022 0
2023 1
2023 0
5122 1
1012 0
5122 0
1773 1
3255 0
1772 1
1773 0
5168 1
1772 0
4706 1
281 0
5168 0
1617 1
4706 0
2551 1
1974 1
2551 0
1617 0
144 1
1974 0
1977 1
1621 1
144 0
1623 1
1621 0
1623 0
2260 1
411 1
1977 0
422 1
411 0
422 0
5503 1
1983 1
5503 0
1870 1
2260 0
1983 0
1982 1
1226 1
399 1
5241 1
5240 1
4922 1
2110 1
2110 0
399 0
4094 1
5240 0
5241 0
1226 0
4923 1
4341 1
4922 0
4923 0
4341 0
2066 1
4094 0
1131 1
487 1
2066 0
3321 1
1131 0
1985 1
1982 0
3327 1
1870 0
5384 1
487 0
177 1
3321 0
1854 1
5384 0
3920 1
177 0
181 1
1854 0
3920 0
3388 1
4936 1
1985 0
1864 1
181 0
3235 1
3388 0
1186 1
3235 0
1864 0
361 1
4140 1
361 0
5165 1
4936 0
5164 1
5165 0
4140 0
2228 1
1186 0
3564 1
3327 0
4366 1
4366 0
3602 1
3602 0
3582 1
3812 1
3564 0
1970 1
4139 1
2228 0
1970 0
90 1
90 0
1964 1
5164 0
4712 1
4183 1
4183 0
4712 0
3812 0
2224 1
3582 0
3604 1
4139 0
384 1
4954 1
2224 0
4953 1
4954 0
381 1
384 0
4379 1
3604 0
4379 0
4229 1
4072 1
4072 0
182 1
5105 1
3558 1
4953 0
5105 0
4233 1
1964 0
4229 0
3606 1
3607 1
3606 0
4901 1
4233 0
440 1
381 0
3609 1
3609 0
5205 1
3558 0
5205 0
3607 0
43 1
182 0
1044 1
43 0
1044 0
440 0
3585 1
4943 1
4901 0
4370 1
3585 0
4943 0
4942 1
812 1
4370 0
4942 0
1747 1
884 1
812 0
3718 1
1747 0
1242 1
884 0
3717 1
3718 0
1242 0
1243 1
3666 1
1243 0
3717 0
3683 1
1514 1
3683 0
3666 0
432 1
3392 1
432 0
1514 0
3671 1
1301 1
3392 0
292 1
3671 0
3402 1
1301 0
3402 0
3403 1
292 0
207 1
1790 1
3403 0
1790 0
3398 1
4079 1
207 0
5284 1
3398 0
5282 1
5284 0
4394 1
1900 1
5283 1
5282 0
906 1
1900 0
2664 1
906 0
4394 0
5035 1
5283 0
5249 1
3668 1
2664 0
5249 0
1869 1
5034 1
5035 0
5034 0
1869 0
3668 0
282 1
5107 1
4079 0
282 0
4952 1
3685 1
4952 0
5107 0
2562 1
129 1
3685 0
2370 1
2562 0
129 0
4188 1
2381 1
2370 0
2355 1
4188 0
2381 0
2382 1
3117 1
2382 0
2355 0
2354 1
3667 1
2354 0
3667 0
3117 0
