1781 1
1709 1
1709 0
3637 1
1781 0
1779 1
3637 0
976 1
976 0
4573 1
1779 0
1780 1
3638 1
4573 0
2207 1
1780 0
3638 0
3394 1
3813 1
3394 0
2207 0
3641 1
3813 0
3415 1
3416 1
3415 0
3413 1
3412 1
3412 0
188 1
188 0
3416 0
5405 1
3641 0
1283 1
5405 0
1283 0
3645 1
3413 0
1810 1
1810 0
4266 1
3645 0
2913 1
1844 1
4266 0
5412 1
2913 0
3546 1
5412 0
1844 0
244 1
3446 1
244 0
3546 0
4349 1
1724 1
3446 0
4349 0
4348 1
1823 1
4348 0
1823 0
3797 1
3605 1
1724 0
1686 1
3605 0
3797 0
3796 1
511 1
1686 0
3439 1
511 0
587 1
1579 1
587 0
3440 1
3439 0
1579 0
2337 1
1286 1
1286 0
2337 0
3440 0
3796 0
3829 1
1246 1
1571 1
1246 0
3459 1
650 1
650 0
1722 1
1722 0
2457 1
2457 0
3465 1
3829 0
4432 1
1571 0
3459 0
3465 0
3554 1
4431 1
4430 1
4431 0
4430 0
524 1
524 0
4433 1
4433 0
4432 0
4992 1
3214 1
3214 0
3554 0
289 1
289 0
3821 1
3821 0
3476 1
4992 0
1019 1
3476 0
3470 1
1019 0
4904 1
3470 0
3474 1
3474 0
3976 1
3976 0
662 1
662 0
3479 1
2601 1
4904 0
2601 0
1872 1
3478 1
3479 0
1950 1
3478 0
1872 0
1462 1
1874 1
1462 0
392 1
1874 0
392 0
1909 1
3494 1
1950 0
4017 1
1909 0
3344 1
3494 0
4017 0
4744 1
5160 1
4744 0
2203 1
3344 0
172 1
2203 0
108 1
3180 1
108 0
191 1
191 0
2458 1
4293 1
5160 0
4293 0
3180 0
5280 1
172 0
2706 1
1898 1
1905 1
1905 0
1898 0
669 1
669 0
5280 0
2706 0
3486 1
2458 0
1879 1
3486 0
1817 1
1879 0
319 1
1817 0
2229 1
319 0
1316 1
1550 1
1316 0
672 1
1551 1
1550 0
1551 0
3420 1
3420 0
1109 1
2229 0
1110 1
1110 0
1109 0
672 0
