598 1
276 1
598 0
446 1
446 0
5042 1
328 1
276 0
5042 0
5359 1
2424 1
328 0
1560 1
2424 0
5359 0
5360 1
2709 1
1560 0
1827 1
5360 0
1827 0
1839 1
42 1
1839 0
2688 1
2709 0
2688 0
3758 1
42 0
4564 1
4564 0
4563 1
3758 0
1646 1
1646 0
2658 1
4912 1
4563 0
5333 1
5333 0
2657 1
3866 1
3866 0
3867 1
2658 0
4464 1
4912 0
2657 0
4674 1
3867 0
4674 0
557 1
1739 1
4464 0
557 0
558 1
3733 1
1739 0
558 0
2662 1
4646 1
2662 0
4174 1
3733 0
4716 1
4646 0
4716 0
3769 1
3769 0
3251 1
3251 0
4242 1
1654 1
4242 0
2447 1
4174 0
2447 0
1928 1
408 1
4279 1
4802 1
408 0
4277 1
4279 0
1043 1
1928 0
4802 0
1027 1
1654 0
5435 1
4277 0
3960 1
1027 0
461 1
3960 0
1957 1
4282 1
5435 0
461 0
2412 1
4842 1
1043 0
4841 1
4842 0
3152 1
2412 0
4841 0
5414 1
2754 1
4282 0
5415 1
5414 0
3424 1
1957 0
5397 1
5415 0
75 1
488 1
4476 1
3730 1
3696 1
3696 0
3152 0
1376 1
3730 0
4476 0
5397 0
488 0
74 1
75 0
3424 0
2859 1
2407 1
74 0
345 1
2859 0
441 1
2407 0
1376 0
3729 1
441 0
3732 1
3729 0
3732 0
1954 1
2754 0
1953 1
1954 0
1441 1
1440 1
1440 0
1674 1
1674 0
1833 1
1833 0
345 0
1661 1
1171 1
1441 0
164 1
1953 0
164 0
2299 1
1661 0
1791 1
4789 1
2299 0
1356 1
1791 0
4770 1
4789 0
1832 1
1356 0
4019 1
3563 1
2305 1
2305 0
1832 0
1656 1
1656 0
1657 1
3563 0
53 1
53 0
4719 1
80 1
4770 0
2767 1
2767 0
2498 1
2498 0
1058 1
589 1
589 0
4719 0
4019 0
2630 1
4639 1
4639 0
5487 1
1657 0
5505 1
2630 0
5505 0
3846 1
3847 1
5487 0
3847 0
710 1
3846 0
1171 0
336 1
710 0
1200 1
1058 0
533 1
533 0
1040 1
5139 1
336 0
1201 1
1200 0
1201 0
5485 1
5485 0
5486 1
80 0
5139 0
3608 1
1040 0
5486 0
4105 1
4105 0
4347 1
5254 1
4347 0
3608 0
2219 1
841 1
701 1
841 0
2430 1
704 1
701 0
843 1
704 0
843 0
842 1
2430 0
5123 1
5123 0
5351 1
5351 0
4684 1
4687 1
842 0
1332 1
4687 0
1077 1
4375 1
4684 0
3102 1
1332 0
4375 0
4638 1
3517 1
3517 0
2704 1
2704 0
1949 1
5254 0
582 1
1077 0
3102 0
1237 1
582 0
1641 1
2015 1
4638 0
2018 1
2018 0
2017 1
2015 0
1650 1
1641 0
2219 0
1017 1
1969 1
1650 0
1969 0
3267 1
1237 0
3275 1
3267 0
3275 0
5325 1
2017 0
2019 1
1949 0
1648 1
4205 1
1017 0
2014 1
2019 0
5325 0
3237 1
1648 0
1577 1
4205 0
4213 1
3237 0
21 1
4213 0
4829 1
5244 1
21 0
2014 0
2005 1
1568 1
1577 0
1998 1
2005 0
1492 1
5244 0
1568 0
3831 1
1998 0
2029 1
3832 1
3831 0
1105 1
4829 0
3832 0
1613 1
1102 1
1105 0
131 1
1492 0
4858 1
4858 0
4828 1
4828 0
2545 1
2545 0
3092 1
2000 1
2029 0
3092 0
1104 1
1102 0
880 1
2000 0
1104 0
2815 1
1622 1
1613 0
132 1
131 0
1111 1
2815 0
1562 1
1556 1
1556 0
1562 0
1621 1
1604 1
1623 1
1623 0
1622 0
1621 0
2796 1
1111 0
880 0
656 1
3611 1
132 0
2797 1
2796 0
478 1
2797 0
1984 1
656 0
4973 1
478 0
4973 0
5447 1
5263 1
3611 0
1984 0
3643 1
1604 0
1544 1
5262 1
5263 0
491 1
3437 1
5262 0
5070 1
3437 0
491 0
219 1
219 0
2 1
2 0
4392 1
1029 1
5447 0
1029 0
5478 1
4392 0
231 1
3643 0
1448 1
5478 0
5070 0
605 1
1448 0
1896 1
1896 0
5036 1
1979 1
231 0
3280 1
5036 0
605 0
1424 1
59 1
1544 0
1979 0
2026 1
3280 0
5209 1
272 1
5209 0
1587 1
59 0
4683 1
1587 0
272 0
4970 1
4851 1
2026 0
4971 1
4970 0
1424 0
3583 1
4971 0
4972 1
3565 1
4683 0
4851 0
4852 1
4909 1
3583 0
3243 1
4972 0
4909 0
2234 1
4848 1
4852 0
2234 0
4142 1
593 1
3243 0
4000 1
4848 0
1970 1
657 1
90 1
1970 0
90 0
4827 1
4000 0
3565 0
1342 1
4827 0
3601 1
1342 0
4142 0
975 1
593 0
898 1
898 0
805 1
975 0
4138 1
3601 0
4397 1
4461 1
4397 0
805 0
3311 1
4467 1
4461 0
4141 1
4138 0
501 1
657 0
3985 1
3311 0
5409 1
4141 0
3593 1
3985 0
3404 1
4467 0
3404 0
4669 1
3593 0
653 1
1037 1
4669 0
653 0
2221 1
1037 0
2221 0
2249 1
5409 0
3184 1
501 0
173 1
2249 0
3184 0
3196 1
173 0
970 1
970 0
2247 1
3697 1
91 1
1639 1
5237 1
5237 0
3196 0
3697 0
2247 0
479 1
3441 1
479 0
91 0
2363 1
3669 1
3687 1
3858 1
1639 0
3669 0
3858 0
2363 0
3441 0
1878 1
3005 1
1878 0
3687 0
89 1
3005 0
655 1
674 1
89 0
3775 1
655 0
3006 1
3775 0
3006 0
3007 1
674 0
4685 1
3007 0
3001 1
3001 0
179 1
4190 1
179 0
316 1
4190 0
316 0
3008 1
1100 1
3008 0
1100 0
2669 1
2669 0
3688 1
3673 1
4685 0
3674 1
3688 0
304 1
3674 0
304 0
252 1
3673 0
4354 1
114 1
252 0
3052 1
114 0
2357 1
3052 0
1892 1
4354 0
2357 0
3707 1
4422 1
3694 1
4422 0
1892 0
2665 1
3691 1
3691 0
2665 0
839 1
4421 1
839 0
3681 1
3707 0
3694 0
4421 0
3695 1
1206 1
3681 0
1206 0
3887 1
3887 0
3721 1
119 1
3721 0
3695 0
3700 1
3700 0
119 0
