3905 1
3905 0
84 1
83 1
5317 1
5318 1
4330 1
5318 0
4330 0
4948 1
4948 0
84 0
5317 0
5368 1
2522 1
2521 1
83 0
3407 1
3407 0
3406 1
3406 0
2522 0
201 1
5368 0
5129 1
2521 0
4987 1
201 0
5129 0
5069 1
2643 1
1444 1
5069 0
1149 1
1444 0
2668 1
4010 1
4908 1
2643 0
4908 0
3341 1
4010 0
3341 0
3856 1
4212 1
2668 0
4212 0
2747 1
3959 1
3466 1
2454 1
4987 0
3467 1
3467 0
3466 0
5199 1
2454 0
3856 0
2645 1
3959 0
2747 0
2652 1
2652 0
2666 1
2645 0
3019 1
2443 1
3019 0
2515 1
2439 1
2515 0
2520 1
2415 1
2516 1
2520 0
1149 0
2415 0
2439 0
2443 0
2634 1
4161 1
5199 0
1769 1
4856 1
4856 0
2666 0
483 1
483 0
1667 1
1770 1
1769 0
2518 1
2634 0
1770 0
4118 1
2516 0
331 1
332 1
331 0
4118 0
3044 1
332 0
3044 0
2518 0
1937 1
4546 1
1937 0
2567 1
2568 1
4161 0
4543 1
2568 0
1634 1
2567 0
1634 0
4546 0
1667 0
1666 1
1666 0
559 1
2442 1
4543 0
559 0
5338 1
4999 1
2442 0
2212 1
5338 0
740 1
2212 0
2514 1
4999 0
4222 1
713 1
2514 0
1404 1
713 0
4449 1
740 0
4091 1
4449 0
5068 1
4222 0
1404 0
4794 1
5054 1
4794 0
5068 0
4091 0
2776 1
2776 0
2685 1
733 1
5054 0
2596 1
733 0
1130 1
2685 0
893 1
2596 0
360 1
1130 0
4637 1
893 0
360 0
4402 1
3967 1
4402 0
3968 1
3967 0
2507 1
1664 1
106 1
4120 1
4120 0
2490 1
2490 0
4637 0
1664 0
1123 1
3968 0
492 1
2507 0
588 1
1123 0
492 0
3596 1
3575 1
3596 0
3892 1
106 0
5012 1
3892 0
3574 1
5012 0
3575 0
1057 1
588 0
1057 0
683 1
3574 0
2413 1
682 1
4631 1
3632 1
3632 0
682 0
2743 1
683 0
3317 1
2413 0
365 1
3123 1
365 0
1788 1
1788 0
3781 1
3123 0
2503 1
2503 0
615 1
963 1
3781 0
1126 1
615 0
3179 1
3317 0
606 1
1126 0
1994 1
963 0
606 0
611 1
1815 1
5000 1
1815 0
1994 0
3370 1
3028 1
3028 0
1642 1
1642 0
3373 1
3373 0
5000 0
611 0
3108 1
3273 1
1931 1
3273 0
3274 1
1533 1
2743 0
167 1
167 0
579 1
579 0
1533 0
3937 1
3937 0
4631 0
1931 0
3129 1
3179 0
3129 0
1249 1
3108 0
162 1
3107 1
1249 0
3107 0
162 0
2496 1
3370 0
2496 0
2686 1
3272 1
3274 0
3272 0
3266 1
2686 0
2076 1
3266 0
1583 1
2076 0
3374 1
464 1
1583 0
2022 1
3374 0
2022 0
2023 1
1542 1
464 0
2252 1
2023 0
2082 1
2252 0
1227 1
1542 0
1227 0
1228 1
3652 1
2082 0
3294 1
1228 0
3294 0
1108 1
3652 0
3651 1
3650 1
3651 0
1108 0
1106 1
1106 0
1603 1
1952 1
3650 0
3297 1
1603 0
1951 1
1952 0
1678 1
1975 1
1951 0
1975 0
1981 1
1678 0
887 1
3308 1
3297 0
887 0
3309 1
3283 1
3283 0
3282 1
1215 1
1119 1
3309 0
1215 0
3310 1
3310 0
2085 1
1981 0
3320 1
3282 0
648 1
3320 0
648 0
3319 1
1333 1
1119 0
4078 1
2085 0
356 1
3319 0
3308 0
982 1
216 1
356 0
3281 1
1333 0
4649 1
216 0
4078 0
1963 1
4649 0
5468 1
2321 1
5468 0
3281 0
649 1
983 1
980 1
3074 1
1963 0
12 1
982 0
979 1
12 0
983 0
980 0
3074 0
410 1
2321 0
1000 1
979 0
4780 1
3955 1
1000 0
3955 0
1032 1
4894 1
649 0
4975 1
55 1
55 0
1578 1
1139 1
1578 0
4780 0
410 0
5165 1
1032 0
1120 1
4975 0
1120 0
1859 1
1921 1
1859 0
5164 1
5165 0
4712 1
5164 0
4731 1
1921 0
3741 1
3741 0
3742 1
2855 1
4732 1
4894 0
3742 0
1991 1
4731 0
2855 0
1139 0
3313 1
4733 1
4732 0
3428 1
3313 0
3428 0
4733 0
4712 0
4183 1
482 1
1991 0
4153 1
4183 0
439 1
482 0
4152 1
4153 0
439 0
957 1
4152 0
5232 1
437 1
957 0
4660 1
437 0
5232 0
2733 1
4660 0
4659 1
4659 0
4641 1
4026 1
4641 0
5057 1
2733 0
4845 1
4026 0
569 1
5057 0
4132 1
4845 0
569 0
3720 1
4131 1
4132 0
3720 0
2246 1
3595 1
4131 0
2246 0
2093 1
1038 1
3595 0
2093 0
3850 1
4258 1
1038 0
4919 1
3850 0
4919 0
622 1
4258 0
633 1
622 0
293 1
4825 1
293 0
634 1
633 0
485 1
634 0
485 0
85 1
4824 1
4825 0
436 1
85 0
4824 0
2391 1
3408 1
436 0
2372 1
2391 0
1190 1
2372 0
3408 0
3397 1
1190 0
3727 1
3538 1
3727 0
2374 1
5119 1
2374 0
3538 0
5119 0
5258 1
3397 0
1882 1
4531 1
1882 0
5258 0
1036 1
4531 0
3843 1
1036 0
1628 1
3843 0
1926 1
4294 1
1628 0
1926 0
4294 0
