6608 1
4917 1
6608 0
6609 1
4518 1
6609 0
4917 0
6898 1
1327 1
4518 0
5954 1
6898 0
5954 0
1459 1
1459 0
846 1
5211 1
1327 0
5211 0
5210 1
4869 1
5210 0
846 0
1318 1
1319 1
1318 0
4869 0
7005 1
1319 0
183 1
7004 1
7005 0
183 0
697 1
2283 1
697 0
5824 1
7004 0
2919 1
2283 0
2918 1
2919 0
5824 0
5825 1
5825 0
4534 1
2918 0
1469 1
6979 1
1469 0
4534 0
2077 1
2077 0
2086 1
1174 1
1173 1
4245 1
561 1
1321 1
561 0
1321 0
6979 0
1174 0
1173 0
2086 0
2085 1
4246 1
4245 0
4051 1
2085 0
4246 0
6013 1
3384 1
4051 0
6013 0
6029 1
3384 0
2087 1
6029 0
6030 1
2087 0
1453 1
6030 0
2124 1
7200 1
1453 0
3286 1
7200 0
2124 0
4858 1
4005 1
4858 0
3286 0
4235 1
1805 1
4235 0
1805 0
6484 1
2566 1
4005 0
6033 1
2566 0
6484 0
6483 1
6483 0
1898 1
679 1
1898 0
6033 0
6037 1
3820 1
6037 0
244 1
679 0
3820 0
1565 1
909 1
244 0
4693 1
1565 0
1315 1
4693 0
3984 1
909 0
1315 0
4684 1
819 1
1978 1
3984 0
1732 1
1732 0
1979 1
1935 1
1935 0
819 0
99 1
196 1
4684 0
99 0
1993 1
1978 0
296 1
921 1
1979 0
921 0
2009 1
1993 0
2009 0
196 0
7674 1
578 1
7674 0
578 0
331 1
898 1
296 0
7676 1
331 0
7675 1
7676 0
7675 0
7668 1
6999 1
898 0
2176 1
7668 0
1998 1
6999 0
2176 0
1910 1
1735 1
1910 0
1992 1
1998 0
1992 0
895 1
5625 1
1735 0
5625 0
1929 1
895 0
6973 1
1930 1
1929 0
6973 0
5291 1
3219 1
1930 0
917 1
5291 0
916 1
917 0
3219 0
3218 1
1349 1
3218 0
6696 1
916 0
5135 1
1349 0
6696 0
947 1
947 0
3505 1
3505 0
2806 1
5135 0
3623 1
3622 1
3623 0
1343 1
3622 0
2806 0
1371 1
1343 0
3589 1
1371 0
3510 1
3510 0
451 1
1014 1
3589 0
451 0
450 1
1014 0
3599 1
3599 0
3597 1
831 1
450 0
3597 0
3598 1
1610 1
3598 0
831 0
3504 1
1610 0
1611 1
3504 0
3503 1
1611 0
1031 1
5189 1
2386 1
694 1
2386 0
3503 0
3509 1
3511 1
3511 0
694 0
1031 0
5695 1
5695 0
5696 1
3508 1
3517 1
3509 0
3508 0
3588 1
5189 0
3587 1
3588 0
3587 0
5696 0
414 1
414 0
3517 0
