3411 1
5406 1
1774 1
3411 0
3638 1
1774 0
5407 1
5406 0
3638 0
3394 1
3813 1
3394 0
1849 1
5407 0
3840 1
3450 1
3450 0
3447 1
1849 0
3464 1
4236 1
3813 0
3416 1
3416 0
3415 1
3415 0
3840 0
3464 0
3646 1
3646 0
1703 1
3447 0
1731 1
4236 0
1703 0
3541 1
5413 1
3541 0
5413 0
3454 1
1731 0
1665 1
3442 1
1665 0
3454 0
4348 1
4348 0
1823 1
1824 1
1823 0
3442 0
1607 1
1824 0
587 1
587 0
1579 1
3818 1
2334 1
511 1
3439 1
3440 1
3440 0
3439 0
511 0
1579 0
1607 0
2334 0
3818 0
4432 1
4430 1
4432 0
1829 1
1571 1
1571 0
1829 0
679 1
679 0
3462 1
1726 1
1726 0
3462 0
3463 1
1214 1
1214 0
3463 0
1693 1
4898 1
4898 0
4430 0
4431 1
4431 0
5072 1
1693 0
3477 1
5072 0
1155 1
4803 1
3477 0
4803 0
739 1
2714 1
1155 0
4767 1
739 0
1462 1
2714 0
1874 1
1462 0
4767 0
5142 1
3549 1
5142 0
392 1
1874 0
392 0
1909 1
3549 0
2349 1
2935 1
1909 0
2935 0
1199 1
2349 0
3491 1
1199 0
1915 1
2706 1
2706 0
5280 1
3491 0
3486 1
5280 0
3493 1
199 1
1915 0
109 1
3493 0
1922 1
109 0
1922 0
1893 1
2229 1
1817 1
2229 0
3486 0
672 1
1817 0
2343 1
1893 0
423 1
198 1
2343 0
198 0
199 0
423 0
1551 1
1551 0
3420 1
672 0
3420 0
