2682 1
5425 1
234 1
5425 0
2700 1
2682 0
234 0
233 1
2700 0
4307 1
233 0
1160 1
4307 0
4411 1
4411 0
4412 1
1160 0
1159 1
1159 0
4553 1
4658 1
4412 0
4413 1
3338 1
4413 0
2167 1
4454 1
4454 0
4553 0
5030 1
2167 0
4658 0
3338 0
2779 1
5030 0
4172 1
4172 0
3324 1
2779 0
4913 1
3324 0
2111 1
896 1
4913 0
2111 0
2712 1
2712 0
4444 1
2735 1
896 0
4442 1
4444 0
4441 1
4442 0
2735 0
3029 1
4441 0
3777 1
5421 1
3029 0
2584 1
3777 0
899 1
2584 0
3154 1
5421 0
1359 1
899 0
3154 0
2847 1
1359 0
2611 1
4810 1
2847 0
2611 0
1644 1
4810 0
3352 1
1644 0
2721 1
2622 1
2721 0
4814 1
2898 1
3860 1
4814 0
690 1
4806 1
3860 0
5434 1
690 0
4808 1
691 1
4808 0
2898 0
2897 1
5434 0
2897 0
2622 0
2477 1
4624 1
3352 0
1312 1
2477 0
4811 1
4806 0
691 0
2886 1
4811 0
2603 1
2886 0
643 1
571 1
1312 0
4551 1
4624 0
95 1
643 0
3368 1
4551 0
2960 1
2603 0
391 1
2960 0
3367 1
3368 0
2826 1
95 0
571 0
7 1
3367 0
4625 1
2263 1
391 0
4626 1
4625 0
4626 0
2263 0
7 0
3744 1
2826 0
3875 1
3876 1
3875 0
3876 0
1445 1
4676 1
3744 0
1445 0
1459 1
2592 1
4676 0
1459 0
2947 1
3629 1
2592 0
3629 0
3971 1
4878 1
2364 1
2364 0
4878 0
1127 1
1127 0
1122 1
5370 1
2947 0
2950 1
2950 0
5370 0
2497 1
3971 0
1122 0
5301 1
2120 1
2497 0
4429 1
2120 0
5302 1
5301 0
4429 0
3988 1
3988 0
324 1
4100 1
5302 0
4100 0
4097 1
4097 0
2909 1
2909 0
1452 1
383 1
1452 0
3144 1
383 0
1442 1
1442 0
1443 1
3752 1
3144 0
640 1
3461 1
324 0
3461 0
2840 1
2840 0
3752 0
555 1
4870 1
3883 1
3883 0
370 1
370 0
1443 0
1432 1
117 1
1432 0
555 0
117 0
4870 0
1413 1
1413 0
1264 1
640 0
4930 1
3215 1
3169 1
744 1
3169 0
2341 1
3215 0
1670 1
5189 1
5188 1
5188 0
744 0
5410 1
5410 0
2335 1
2341 0
1670 0
3885 1
2335 0
1264 0
760 1
5189 0
4356 1
4337 1
3885 0
760 0
1419 1
4356 0
4355 1
4930 0
1503 1
4355 0
743 1
1196 1
1503 0
4337 0
1373 1
1373 0
1522 1
1522 0
4003 1
1419 0
1418 1
1196 0
3211 1
743 0
627 1
3663 1
1418 0
197 1
197 0
627 0
705 1
5372 1
5372 0
3211 0
705 0
628 1
4578 1
628 0
4578 0
1473 1
4003 0
5332 1
5332 0
5243 1
1473 0
5242 1
5242 0
3662 1
3663 0
5243 0
4818 1
3662 0
1071 1
1071 0
2699 1
2699 0
5236 1
4752 1
5236 0
4752 0
2356 1
5308 1
2356 0
352 1
2037 1
2193 1
4012 1
4818 0
5020 1
5020 0
5021 1
5021 0
4012 0
2037 0
352 0
3572 1
5308 0
3572 0
3570 1
3570 0
3914 1
2193 0
2056 1
4182 1
2056 0
4182 0
599 1
403 1
599 0
3914 0
1008 1
1008 0
928 1
2048 1
4655 1
2048 0
4655 0
2058 1
403 0
540 1
928 0
3343 1
749 1
749 0
930 1
3343 0
4164 1
2050 1
1168 1
930 0
1168 0
3894 1
4164 0
3894 0
3830 1
2050 0
5272 1
1282 1
5272 0
82 1
1282 0
3830 0
777 1
82 0
1049 1
1048 1
3930 1
1048 0
1049 0
777 0
1208 1
3929 1
3930 0
2107 1
2058 0
4415 1
3929 0
1317 1
1208 0
540 0
1349 1
2104 1
2107 0
4489 1
4415 0
1317 0
5256 1
4783 1
4489 0
5102 1
2104 0
4020 1
4783 0
1349 0
5005 1
2213 1
5102 0
4020 0
4607 1
2213 0
3288 1
1344 1
5005 0
4136 1
4137 1
4137 0
3631 1
5256 0
3631 0
3841 1
3841 0
4519 1
3600 1
3600 0
4519 0
1314 1
1314 0
4608 1
4607 0
2109 1
2109 0
2408 1
1591 1
1695 1
4974 1
1591 0
4974 0
3288 0
2408 0
1344 0
2479 1
2479 0
912 1
942 1
4136 0
1495 1
4608 0
1863 1
942 0
912 0
911 1
5024 1
1495 0
911 0
769 1
1863 0
5442 1
1695 0
4602 1
3926 1
769 0
3844 1
5442 0
3926 0
3927 1
4023 1
3844 0
2436 1
4023 0
254 1
3927 0
254 0
2436 0
4602 0
1285 1
4843 1
5024 0
1943 1
4843 0
1285 0
2133 1
1942 1
1943 0
1866 1
1942 0
5158 1
2133 0
1866 0
974 1
2934 1
5158 0
678 1
974 0
4259 1
110 1
4991 1
4991 0
258 1
258 0
5404 1
5403 1
5404 0
5403 0
678 0
127 1
4259 0
261 1
110 0
517 1
517 0
1339 1
1339 0
127 0
4027 1
38 1
38 0
4027 0
4042 1
4042 0
250 1
261 0
3945 1
3945 0
2303 1
2934 0
3506 1
2303 0
3518 1
3506 0
3518 0
3535 1
54 1
250 0
3535 0
3534 1
366 1
3534 0
5043 1
54 0
4424 1
366 0
5043 0
2214 1
5006 1
4424 0
2214 0
806 1
5006 0
4423 1
3525 1
806 0
3526 1
3525 0
1216 1
4423 0
3520 1
3526 0
3516 1
1216 0
3520 0
3516 0
