4062 1
1132 1
1132 0
2702 1
2701 1
2702 0
2155 1
2701 0
2062 1
2062 0
4062 0
4018 1
4018 0
286 1
3334 1
3335 1
2155 0
3335 0
3644 1
3334 0
1756 1
286 0
1756 0
1172 1
1784 1
3644 0
1783 1
1784 0
1172 0
1718 1
4556 1
1783 0
3763 1
1718 0
428 1
4556 0
1811 1
428 0
3763 0
2284 1
1811 0
170 1
1145 1
170 0
1145 0
1778 1
4761 1
2284 0
4761 0
4695 1
4695 0
4757 1
4757 0
4760 1
1778 0
3642 1
594 1
4760 0
124 1
1955 1
5221 1
594 0
4772 1
4772 0
1687 1
1687 0
2282 1
1395 1
4774 1
4774 0
1395 0
5221 0
2282 0
1715 1
1955 0
124 0
3451 1
3642 0
4269 1
1715 0
4268 1
4269 0
4268 0
1821 1
3451 0
1801 1
1821 0
1582 1
1582 0
2749 1
2371 1
2749 0
1801 0
3443 1
2371 0
47 1
3613 1
47 0
3436 1
3443 0
3436 0
535 1
536 1
535 0
3613 0
902 1
536 0
2340 1
2336 1
2340 0
4759 1
2336 0
3017 1
3004 1
3004 0
903 1
5264 1
902 0
903 0
3017 0
4758 1
4759 0
4755 1
5264 0
1939 1
4758 0
3519 1
2339 1
4755 0
1939 0
2339 0
3519 0
1070 1
1735 1
1070 0
1735 0
3993 1
4090 1
4090 0
373 1
971 1
373 0
1245 1
3993 0
176 1
1245 0
971 0
2378 1
4647 1
2378 0
3473 1
687 1
1153 1
687 0
163 1
176 0
189 1
3069 1
189 0
4015 1
4015 0
388 1
4647 0
4494 1
4494 0
3989 1
4199 1
4199 0
3989 0
163 0
3473 0
1153 0
388 0
4977 1
3974 1
3069 0
5224 1
4977 0
3974 0
3973 1
1576 1
256 1
1545 1
1229 1
1229 0
1287 1
5224 0
642 1
256 0
1545 0
5167 1
1576 0
5167 0
1800 1
1540 1
1287 0
3664 1
642 0
3973 0
4409 1
1540 0
1539 1
5420 1
5420 0
5383 1
1800 0
5383 0
746 1
1074 1
4409 0
1107 1
1107 0
4408 1
1539 0
1584 1
3994 1
3664 0
3994 0
3895 1
1584 0
1189 1
1189 0
1188 1
4117 1
4408 0
3895 0
5499 1
4117 0
1157 1
1188 0
1585 1
3249 1
1074 0
1813 1
746 0
846 1
846 0
1260 1
1260 0
1631 1
1813 0
3249 0
1157 0
4194 1
5499 0
2031 1
1585 0
1586 1
4523 1
1631 0
4194 0
396 1
2031 0
4346 1
4523 0
969 1
2045 1
1586 0
397 1
396 0
1600 1
4239 1
4346 0
397 0
146 1
1291 1
2045 0
969 0
4832 1
2027 1
4239 0
146 0
3977 1
1605 1
4832 0
3913 1
1605 0
2301 1
2027 0
1268 1
1598 1
3557 1
1597 1
3557 0
1597 0
1590 1
1291 0
1598 0
1268 0
1883 1
1883 0
1919 1
3913 0
500 1
3977 0
1134 1
2841 1
1134 0
1609 1
1600 0
1609 0
2301 0
5343 1
500 0
1293 1
3567 1
1590 0
1293 0
1894 1
2768 1
5343 0
1894 0
3577 1
1343 1
3567 0
490 1
3561 1
3561 0
490 0
3577 0
3578 1
1474 1
3566 1
1474 0
3578 0
1908 1
3912 1
1908 0
3566 0
3484 1
2841 0
1343 0
3912 0
152 1
3484 0
2768 0
660 1
152 0
4448 1
4014 1
660 0
4448 0
3483 1
3483 0
1612 1
1612 0
2326 1
5171 1
4014 0
1806 1
5171 0
1806 0
3682 1
1592 1
3682 0
3979 1
4950 1
3979 0
2325 1
1592 0
5323 1
5323 0
2326 0
1537 1
1537 0
2327 1
2325 0
556 1
556 0
661 1
3686 1
3686 0
4880 1
4880 0
4882 1
4950 0
1904 1
4882 0
661 0
3678 1
3678 0
2327 0
2345 1
5484 1
2345 0
1904 0
3713 1
4599 1
5484 0
3672 1
3713 0
4599 0
4601 1
4603 1
4601 0
4603 0
1886 1
3672 0
5083 1
1886 0
4680 1
5083 0
5495 1
1337 1
4680 0
5495 0
5494 1
1337 0
5132 1
4547 1
5494 0
2400 1
5132 0
3704 1
4547 0
2400 0
493 1
2259 1
3704 0
493 0
4567 1
4925 1
2259 0
668 1
4925 0
668 0
4567 0
1919 0
