1476 1
1476 0
4414 1
1475 1
1475 0
5156 1
4417 1
1749 1
4417 0
1749 0
1140 1
4414 0
1140 0
4240 1
5156 0
2513 1
5194 1
2513 0
1534 1
4240 0
5194 0
4247 1
1534 0
3978 1
5031 1
2693 1
5031 0
2703 1
4247 0
2693 0
2692 1
2872 1
3978 0
2692 0
278 1
278 0
277 1
1572 1
2872 0
277 0
945 1
945 0
2731 1
2703 0
896 1
1572 0
4206 1
2731 0
2735 1
896 0
5080 1
2735 0
3452 1
4206 0
3452 0
2410 1
5321 1
2410 0
5321 0
3326 1
5214 1
5080 0
5214 0
2914 1
11 1
3326 0
2914 0
3347 1
11 0
2565 1
3347 0
2864 1
2916 1
2864 0
5191 1
2565 0
5245 1
4271 1
5245 0
4809 1
4813 1
4271 0
1743 1
4809 0
2892 1
4813 0
5474 1
2892 0
1743 0
3264 1
5191 0
2890 1
5475 1
5474 0
2838 1
2916 0
4822 1
2724 1
2908 1
2908 0
3264 0
267 1
4822 0
267 0
2202 1
5475 0
2289 1
2890 0
2838 0
2895 1
2289 0
2556 1
4662 1
2202 0
2924 1
2895 0
4735 1
2724 0
3889 1
4662 0
2924 0
2772 1
4736 1
4735 0
2896 1
2772 0
2548 1
1525 1
1129 1
4736 0
2548 0
2951 1
1525 0
3471 1
4643 1
4643 0
2481 1
2481 0
2556 0
5339 1
1129 0
2951 0
2896 0
1595 1
3889 0
3861 1
592 1
5339 0
1596 1
1595 0
193 1
1596 0
4328 1
592 0
4957 1
4328 0
4957 0
193 0
4642 1
3861 0
3471 0
4775 1
4642 0
2945 1
4775 0
4899 1
2945 0
115 1
2544 1
115 0
2544 0
3750 1
4899 0
3750 0
1511 1
363 1
547 1
1671 1
547 0
363 0
4666 1
1511 0
1671 0
1672 1
4666 0
130 1
4508 1
130 0
4508 0
4920 1
1456 1
5155 1
1672 0
5155 0
1398 1
1456 0
1437 1
4920 0
1437 0
1431 1
1398 0
1451 1
1431 0
1396 1
1451 0
753 1
2057 1
1396 0
4785 1
724 1
724 0
966 1
4785 0
4784 1
1295 1
753 0
5480 1
4784 0
494 1
966 0
3622 1
5480 0
2057 0
538 1
763 1
494 0
3622 0
2475 1
1210 1
763 0
5120 1
2475 0
4753 1
1210 0
4435 1
5120 0
5110 1
538 0
4753 0
3202 1
5076 1
5110 0
4435 0
1473 1
5332 1
1473 0
840 1
1295 0
5076 0
5077 1
4877 1
5332 0
4876 1
4877 0
3587 1
840 0
5268 1
3202 0
5077 0
5109 1
3587 0
3386 1
5109 0
2266 1
5271 1
5268 0
2051 1
4876 0
3386 0
772 1
2266 0
3572 1
3572 0
3570 1
4103 1
2051 0
1294 1
772 0
5271 0
5192 1
4103 0
676 1
1294 0
5334 1
3914 1
3570 0
378 1
676 0
1008 1
3914 0
3385 1
5192 0
378 0
2830 1
5334 0
2651 1
2651 0
923 1
2830 0
1520 1
3385 0
759 1
1520 0
3527 1
1289 1
759 0
775 1
4130 1
773 1
730 1
730 0
546 1
546 0
923 0
4130 0
778 1
1289 0
778 0
4298 1
781 1
776 1
781 0
776 0
775 0
932 1
920 1
920 0
773 0
768 1
932 0
2041 1
5022 1
5022 0
414 1
4011 1
3527 0
2067 1
2067 0
2122 1
2122 0
2041 0
4306 1
921 1
768 0
921 0
915 1
4298 0
4302 1
4509 1
4509 0
4306 0
1088 1
414 0
916 1
915 0
97 1
916 0
97 0
51 1
4011 0
2024 1
1008 0
928 1
2114 1
2024 0
51 0
767 1
767 0
346 1
1088 0
4302 0
23 1
4738 1
928 0
1318 1
2740 1
2625 1
2625 0
3966 1
346 0
4722 1
4722 0
2740 0
904 1
2114 0
23 0
2257 1
3021 1
1318 0
3021 0
1325 1
3966 0
2304 1
2304 0
1517 1
904 0
2994 1
1325 0
4702 1
4738 0
2257 0
2163 1
2163 0
917 1
1517 0
2166 1
3027 1
2994 0
2166 0
2178 1
917 0
695 1
2200 1
4702 0
4305 1
695 0
3027 0
782 1
25 1
4305 0
3833 1
782 0
1961 1
2200 0
2025 1
313 1
3833 0
4034 1
25 0
1961 0
4707 1
4707 0
2025 0
5289 1
283 1
4196 1
4196 0
2178 0
5289 0
5288 1
994 1
313 0
4034 0
4029 1
3540 1
994 0
5288 0
4104 1
4104 0
2461 1
3540 0
4520 1
1277 1
4520 0
1009 1
1277 0
3952 1
2461 0
3952 0
444 1
4029 0
196 1
1009 0
5143 1
1211 1
196 0
857 1
283 0
444 0
2046 1
2046 0
5143 0
857 0
3865 1
2361 1
3865 0
4372 1
1211 0
4372 0
259 1
2966 1
259 0
4050 1
878 1
4050 0
894 1
878 0
4313 1
894 0
802 1
4313 0
877 1
802 0
818 1
2966 0
34 1
2726 1
4028 1
4028 0
877 0
34 0
2726 0
2361 0
3503 1
789 1
818 0
3507 1
789 0
3503 0
3531 1
3504 1
3531 0
3507 0
5501 1
2136 1
3504 0
4650 1
5501 0
2136 0
3532 1
297 1
4650 0
3530 1
3532 0
297 0
3521 1
3515 1
3521 0
3530 0
3529 1
3514 1
3515 0
3529 0
3514 0
