3940 1
3939 1
759 1
3940 0
759 0
1296 1
3930 1
736 1
3939 0
3930 0
1296 0
298 1
3931 1
736 0
3644 1
298 0
3644 0
2825 1
3928 1
3931 0
2029 1
2825 0
746 1
745 1
3938 1
756 1
1336 1
1336 0
3928 0
745 0
746 0
2029 0
2030 1
7427 1
1120 1
6509 1
755 1
756 0
586 1
755 0
586 0
7427 0
3938 0
1120 0
2030 0
6134 1
6135 1
6134 0
6510 1
6509 0
1177 1
3421 1
1177 0
6135 0
5336 1
2630 1
2630 0
5335 1
5336 0
3422 1
3421 0
3422 0
108 1
6510 0
108 0
6211 1
6211 0
1508 1
5335 0
1413 1
1413 0
1330 1
1508 0
5793 1
6222 1
5793 0
1330 0
1331 1
7374 1
6222 0
2726 1
5024 1
5174 1
1331 0
5174 0
7296 1
5024 0
2726 0
2727 1
2727 0
7374 0
3568 1
7170 1
3568 0
7295 1
7296 0
795 1
7295 0
2171 1
7170 0
829 1
795 0
2171 0
6545 1
6541 1
6545 0
829 0
4090 1
6541 0
6539 1
6539 0
6802 1
4090 0
4089 1
6801 1
6802 0
3251 1
4089 0
7176 1
6801 0
6984 1
7176 0
6988 1
6984 0
6334 1
862 1
6334 0
3251 0
1461 1
761 1
1460 1
1460 0
1461 0
862 0
6988 0
6987 1
6035 1
6034 1
3763 1
6035 0
4385 1
7286 1
6987 0
5969 1
3762 1
3763 0
1424 1
7302 1
6034 0
1424 0
1423 1
1423 0
4386 1
4385 0
7286 0
4386 0
3762 0
7318 1
7317 1
7318 0
6976 1
761 0
5304 1
7302 0
4326 1
7122 1
5969 0
4807 1
4807 0
7121 1
7121 0
4326 0
7317 0
7314 1
7314 0
7180 1
5304 0
7285 1
2134 1
7285 0
6064 1
6976 0
4356 1
2134 0
5748 1
7122 0
6284 1
7180 0
6659 1
6284 0
4437 1
6659 0
7125 1
5748 0
2169 1
4356 0
6023 1
2169 0
1361 1
7125 0
4437 0
5702 1
5701 1
5702 0
2571 1
6023 0
4702 1
6024 1
2172 1
2172 0
6024 0
2571 0
6765 1
6401 1
6064 0
5970 1
1361 0
393 1
4702 0
6765 0
5701 0
3978 1
7810 1
5970 0
5648 1
3978 0
392 1
393 0
1340 1
7810 0
6401 0
7351 1
7802 1
392 0
5648 0
2784 1
3107 1
1340 0
3107 0
7802 0
2784 0
4618 1
4428 1
4618 0
4428 0
4427 1
4427 0
2160 1
4595 1
2160 0
4574 1
4595 0
4574 0
7889 1
7889 0
7888 1
7351 0
1041 1
7888 0
3314 1
3314 0
4586 1
2864 1
1041 0
3277 1
4586 0
1668 1
4992 1
4992 0
1669 1
5830 1
6055 1
6055 0
164 1
3277 0
1669 0
3536 1
3535 1
3536 0
2192 1
3535 0
2192 0
6684 1
1668 0
3114 1
5830 0
4096 1
3114 0
4096 0
6891 1
2162 1
164 0
4649 1
2162 0
6684 0
6683 1
2655 1
6891 0
2864 0
7847 1
6683 0
1386 1
927 1
7847 0
4649 0
4650 1
3046 1
2655 0
1692 1
927 0
1387 1
1386 0
1387 0
6535 1
3046 0
4038 1
4650 0
5119 1
6535 0
6534 1
4640 1
5119 0
4001 1
6534 0
4026 1
4038 0
6246 1
4640 0
4025 1
4001 0
4025 0
3782 1
6261 1
4026 0
6261 0
6262 1
3826 1
3782 0
6246 0
2152 1
1692 0
5983 1
1080 1
3826 0
91 1
2152 0
218 1
217 1
218 0
6262 0
4017 1
6694 1
5361 1
6694 0
5361 0
5356 1
1080 0
217 0
2259 1
91 0
384 1
5983 0
5356 0
5353 1
5358 1
5353 0
2259 0
5117 1
5357 1
5358 0
4016 1
4017 0
5117 0
5418 1
2002 1
5357 0
384 0
2868 1
3796 1
5418 0
4016 0
1577 1
3796 0
3823 1
5377 1
5649 1
4878 1
4878 0
195 1
2002 0
195 0
5377 0
3641 1
1577 0
3822 1
3823 0
2868 0
1528 1
5649 0
5650 1
3807 1
3822 0
5650 0
3825 1
3807 0
7699 1
7699 0
7700 1
3641 0
3642 1
5738 1
7700 0
6851 1
1363 1
6851 0
7775 1
7775 0
1568 1
3825 0
4935 1
4936 1
4936 0
4935 0
1363 0
2069 1
5738 0
1568 0
1569 1
1672 1
1673 1
1672 0
2218 1
2069 0
6038 1
1673 0
6038 0
1569 0
481 1
2217 1
481 0
6463 1
6463 0
2217 0
2218 0
1635 1
1528 0
3819 1
3642 0
5429 1
1635 0
5284 1
3819 0
5429 0
5432 1
5284 0
5285 1
5285 0
369 1
5432 0
3305 1
369 0
7689 1
3305 0
4069 1
3613 1
4069 0
7689 0
7690 1
7690 0
1567 1
1567 0
5767 1
3612 1
5767 0
4861 1
6356 1
3613 0
4331 1
4331 0
3612 0
548 1
548 0
4861 0
2584 1
6356 0
7299 1
1053 1
2584 0
3528 1
7299 0
4146 1
3528 0
4145 1
4146 0
1053 0
365 1
4145 0
1212 1
3547 1
1212 0
6041 1
1276 1
7373 1
365 0
1289 1
1516 1
1516 0
7373 0
1276 0
6041 0
3574 1
3547 0
3574 0
247 1
1289 0
2539 1
973 1
247 0
2540 1
2539 0
973 0
972 1
3555 1
972 0
3552 1
2540 0
3555 0
3554 1
3554 0
6682 1
3552 0
3553 1
3553 0
3161 1
6682 0
7902 1
7902 0
3538 1
3161 0
3162 1
3581 1
3538 0
2062 1
3162 0
934 1
3581 0
934 0
3539 1
2062 0
5951 1
7763 1
3539 0
873 1
5951 0
1915 1
7763 0
2731 1
873 0
1915 0
2569 1
2731 0
3457 1
4156 1
2569 0
3457 0
3423 1
4156 0
4155 1
3415 1
4155 0
3424 1
3423 0
3436 1
3451 1
3415 0
7753 1
7754 1
7753 0
3452 1
1741 1
3433 1
3424 0
1741 0
3452 0
3451 0
4167 1
7754 0
3436 0
3432 1
3433 0
1436 1
5491 1
3426 1
1436 0
3426 0
5491 0
3461 1
3461 0
3460 1
3432 0
4167 0
3460 0
5492 1
5492 0
