4417 1
1749 1
1749 0
5156 1
4414 1
4417 0
4414 0
1140 1
4240 1
1140 0
2513 1
5156 0
5194 1
2513 0
1534 1
4240 0
4247 1
5194 0
3978 1
1534 0
4247 0
2692 1
2693 1
2692 0
5031 1
2693 0
3978 0
2872 1
5031 0
2703 1
2872 0
945 1
1572 1
945 0
2703 0
2731 1
1572 0
896 1
4206 1
2731 0
896 0
2735 1
3452 1
4206 0
2735 0
5080 1
3452 0
2410 1
5321 1
2410 0
3326 1
5321 0
5214 1
5080 0
2914 1
5214 0
11 1
3326 0
2914 0
3347 1
2565 1
11 0
2864 1
3347 0
5191 1
2565 0
2864 0
2916 1
4271 1
5245 1
4809 1
5245 0
4271 0
4813 1
4809 0
1743 1
4813 0
2892 1
3264 1
1743 0
2892 0
5474 1
2838 1
2916 0
3264 0
4822 1
5475 1
5474 0
267 1
4822 0
2890 1
5191 0
2202 1
5475 0
2289 1
2890 0
267 0
2724 1
2838 0
2895 1
2556 1
2289 0
4662 1
2202 0
2924 1
2895 0
4735 1
2724 0
4735 0
4736 1
3889 1
4662 0
2924 0
2772 1
2772 0
2896 1
1129 1
4736 0
2556 0
2951 1
2951 0
2548 1
1129 0
5339 1
2548 0
1525 1
1595 1
2896 0
592 1
5339 0
3471 1
1525 0
1596 1
1595 0
1596 0
193 1
592 0
4328 1
4328 0
4957 1
193 0
4957 0
1464 1
4642 1
3889 0
3861 1
3861 0
2945 1
4642 0
1512 1
4775 1
3471 0
1464 0
1512 0
4775 0
4899 1
2945 0
115 1
2544 1
115 0
4899 0
3750 1
3750 0
2544 0
1511 1
363 1
547 1
1671 1
363 0
547 0
1671 0
1672 1
1511 0
4666 1
4666 0
130 1
130 0
4508 1
5155 1
1672 0
1456 1
5155 0
4508 0
4920 1
1456 0
1398 1
4920 0
1437 1
1431 1
1437 0
1451 1
1398 0
2827 1
2827 0
386 1
2057 1
1396 1
1396 0
1431 0
386 0
731 1
724 1
4785 1
966 1
724 0
727 1
731 0
727 0
4784 1
4785 0
966 0
494 1
4784 0
5480 1
753 1
753 0
1451 0
1295 1
2162 1
2162 0
4187 1
4187 0
3622 1
5480 0
763 1
494 0
538 1
2057 0
2475 1
3622 0
1210 1
763 0
2475 0
5120 1
4435 1
5120 0
1210 0
4753 1
538 0
5110 1
3202 1
4753 0
4435 0
1473 1
5110 0
5076 1
1473 0
5332 1
5077 1
5076 0
4877 1
5332 0
1295 0
840 1
4877 0
4876 1
3587 1
840 0
3202 0
5268 1
5077 0
5109 1
3587 0
3386 1
5109 0
2266 1
4876 0
2051 1
5211 1
5268 0
5271 1
2266 0
3572 1
5211 0
717 1
772 1
772 0
1294 1
3386 0
717 0
3570 1
3572 0
2051 0
4103 1
5192 1
5271 0
676 1
4103 0
3914 1
3570 0
676 0
378 1
1294 0
5334 1
2830 1
378 0
1008 1
3914 0
5334 0
2651 1
3385 1
5192 0
4891 1
759 1
3385 0
414 1
1520 1
3527 1
2830 0
1520 0
3527 0
923 1
2651 0
1289 1
759 0
4891 0
4130 1
923 0
3735 1
775 1
4130 0
5022 1
414 0
3735 0
3736 1
4298 1
4298 0
778 1
1289 0
778 0
1088 1
3736 0
2041 1
5022 0
776 1
775 0
781 1
776 0
2041 0
4011 1
768 1
781 0
768 0
921 1
921 0
915 1
1088 0
4306 1
4302 1
4306 0
916 1
915 0
4011 0
2024 1
916 0
97 1
97 0
51 1
1008 0
928 1
2024 0
2114 1
51 0
767 1
346 1
767 0
346 0
2740 1
4302 0
23 1
2740 0
1318 1
928 0
4738 1
2114 0
904 1
2257 1
23 0
3021 1
1318 0
3021 0
1325 1
904 0
1517 1
2994 1
1325 0
4738 0
4702 1
2257 0
2163 1
917 1
2163 0
2994 0
3027 1
5169 1
5169 0
2098 1
2178 1
2166 1
2166 0
2178 0
1517 0
1961 1
917 0
695 1
2098 0
4702 0
2200 1
695 0
4305 1
782 1
3027 0
3833 1
782 0
4305 0
25 1
2200 0
2025 1
313 1
3833 0
5289 1
2025 0
4034 1
25 0
4707 1
1961 0
5289 0
5288 1
313 0
994 1
4034 0
4029 1
5288 0
4104 1
994 0
3540 1
4104 0
2461 1
4520 1
3540 0
4520 0
1277 1
2461 0
3952 1
1009 1
1277 0
444 1
3952 0
3228 1
1211 1
196 1
196 0
4029 0
1901 1
3228 0
2157 1
1009 0
5143 1
444 0
2046 1
5143 0
2046 0
5367 1
2157 0
5367 0
1901 0
1213 1
3865 1
2361 1
283 1
857 1
283 0
4707 0
3865 0
857 0
2362 1
5466 1
5466 0
2362 0
4372 1
2966 1
4372 0
1211 0
259 1
259 0
2318 1
1213 0
2318 0
4036 1
878 1
4050 1
4050 0
894 1
4313 1
878 0
877 1
4313 0
802 1
894 0
818 1
802 0
4030 1
4031 1
2966 0
34 1
4036 0
4030 0
4031 0
4028 1
2726 1
877 0
4028 0
34 0
2726 0
3503 1
2361 0
3531 1
3503 0
789 1
818 0
3507 1
789 0
5501 1
3507 0
3531 0
3504 1
2136 1
3504 0
5501 0
4650 1
3532 1
2136 0
4650 0
297 1
3521 1
297 0
3532 0
3530 1
3521 0
3515 1
3530 0
3529 1
3515 0
3514 1
3529 0
3514 0
