2718 1
2871 1
2875 1
2871 0
2874 1
2868 1
2874 0
2875 0
2820 1
2868 0
2719 1
2718 0
2820 0
4209 1
2865 1
2719 0
3084 1
2813 1
2865 0
2870 1
2870 0
4124 1
3084 0
2813 0
4209 0
2901 1
4539 1
2901 0
2907 1
4124 0
2807 1
4539 0
2907 0
995 1
2807 0
3782 1
5033 1
995 0
355 1
5033 0
355 0
2915 1
2915 0
2880 1
2930 1
2930 0
2918 1
2315 1
2315 0
2927 1
2927 0
3782 0
2803 1
2310 1
2918 0
2310 0
2880 0
2936 1
2932 1
2936 0
2314 1
2803 0
2932 0
2910 1
2910 0
2314 0
826 1
2089 1
5349 1
1489 1
1489 0
2089 0
5350 1
5349 0
2352 1
5350 0
5341 1
826 0
5340 1
5341 0
5340 0
2539 1
2272 1
2539 0
2272 0
4839 1
5348 1
2352 0
1846 1
5348 0
4839 0
5417 1
1846 0
1845 1
1935 1
5417 0
3834 1
3834 0
3835 1
820 1
829 1
1845 0
820 0
4350 1
3835 0
4350 0
798 1
1935 0
907 1
829 0
907 0
824 1
2262 1
798 0
4178 1
824 0
1047 1
2786 1
2839 1
2786 0
4178 0
3444 1
2262 0
2261 1
2752 1
1047 0
2839 0
4491 1
5180 1
4491 0
5180 0
260 1
2752 0
2175 1
936 1
3444 0
2174 1
2175 0
2911 1
2261 0
2174 0
1996 1
4292 1
260 0
936 0
468 1
5427 1
5427 0
3838 1
874 1
3838 0
874 0
4606 1
1996 0
4751 1
4292 0
4751 0
3049 1
394 1
2911 0
1336 1
468 0
4979 1
4606 0
1092 1
4049 1
1092 0
4049 0
823 1
1417 1
1417 0
3049 0
2802 1
394 0
665 1
2802 0
3823 1
4979 0
1336 0
3639 1
823 0
891 1
891 0
2036 1
3823 0
4956 1
2036 0
614 1
159 1
665 0
2980 1
3639 0
159 0
158 1
4956 0
1181 1
2980 0
2974 1
107 1
614 0
158 0
2977 1
4311 1
107 0
2974 0
1322 1
1181 0
5380 1
2976 1
2977 0
1322 0
2986 1
5380 0
5379 1
575 1
2976 0
2987 1
2986 0
575 0
686 1
2972 1
2987 0
2971 1
2972 0
2971 0
686 0
4311 0
5198 1
5379 0
1386 1
1386 0
1385 1
1385 0
2126 1
2126 0
4321 1
4902 1
3513 1
4321 0
2237 1
2237 0
4315 1
4035 1
4315 0
4316 1
4316 0
5198 0
4903 1
4902 0
4903 0
3513 0
4040 1
4318 1
4040 0
4318 0
788 1
788 0
4035 0
