978 1
4206 1
991 1
978 0
2376 1
2842 1
4744 1
991 0
2376 0
4206 0
2842 0
7049 1
4782 1
4744 0
7040 1
7049 0
7039 1
7040 0
4782 0
4830 1
7039 0
48 1
4830 0
4833 1
4833 0
4780 1
3158 1
48 0
4780 0
4781 1
3158 0
4634 1
4656 1
4634 0
4723 1
4781 0
2114 1
4656 0
4723 0
4725 1
4826 1
4725 0
3167 1
2114 0
3167 0
3166 1
4826 0
4825 1
4825 0
4837 1
6434 1
3166 0
4837 0
4838 1
4601 1
6434 0
4838 0
359 1
359 0
7231 1
7231 0
7230 1
4600 1
4601 0
7672 1
7230 0
4600 0
3163 1
7672 0
4797 1
3163 0
4426 1
4426 0
5514 1
4797 0
41 1
5507 1
5514 0
41 0
4238 1
4238 0
2688 1
1125 1
5507 0
2490 1
2688 0
1125 0
4213 1
2490 0
1379 1
4210 1
4213 0
4210 0
2695 1
4296 1
1379 0
4250 1
4296 0
4250 0
4294 1
2695 0
2694 1
4282 1
2694 0
4294 0
2219 1
2219 0
938 1
4303 1
4282 0
939 1
939 0
2210 1
4291 1
4289 1
4289 0
938 0
4291 0
4290 1
4303 0
4307 1
4307 0
2024 1
2210 0
2023 1
2024 0
508 1
4290 0
509 1
508 0
5758 1
2023 0
5758 0
4351 1
6430 1
509 0
4351 0
2494 1
6430 0
6429 1
51 1
2494 0
6429 0
2221 1
4752 1
2221 0
51 0
5886 1
4752 0
689 1
3439 1
689 0
5886 0
5885 1
3440 1
4969 1
1540 1
1539 1
1539 0
1540 0
4810 1
3439 0
4810 0
3440 0
2396 1
5885 0
4305 1
4969 0
4305 0
4165 1
2397 1
2396 0
2422 1
2397 0
4165 0
1679 1
3228 1
1679 0
3228 0
3229 1
3229 0
7392 1
2407 1
1922 1
1740 1
1740 0
2098 1
2098 0
2099 1
2099 0
2422 0
1136 1
139 1
2407 0
1136 0
139 0
562 1
7392 0
562 0
7594 1
5958 1
1922 0
5959 1
5958 0
7593 1
7594 0
6396 1
5959 0
7593 0
2435 1
5901 1
6396 0
6493 1
5901 0
1804 1
1803 1
2435 0
1803 0
5869 1
1804 0
6491 1
6493 0
5868 1
6492 1
5868 0
5869 0
6491 0
6492 0
