3411 1
5406 1
5407 1
5406 0
5235 1
3394 1
3638 1
3394 0
3813 1
3813 0
1774 1
3447 1
1774 0
3411 0
3638 0
5235 0
1849 1
5407 0
1776 1
1777 1
3450 1
3447 0
3464 1
3464 0
1849 0
3646 1
3450 0
3840 1
1776 0
4236 1
3840 0
3541 1
3646 0
1703 1
1703 0
1777 0
3931 1
3931 0
1731 1
4236 0
5413 1
3541 0
5413 0
3454 1
1665 1
1731 0
3455 1
1665 0
3442 1
3454 0
1824 1
4348 1
1823 1
1823 0
4348 0
3455 0
1826 1
3442 0
1607 1
587 1
587 0
1579 1
1579 0
1824 0
3818 1
1607 0
2334 1
1825 1
1826 0
1825 0
3818 0
2334 0
679 1
1829 1
679 0
3462 1
1726 1
1829 0
1726 0
4430 1
3463 1
3462 0
4898 1
3463 0
4430 0
4431 1
4431 0
5072 1
1693 1
4898 0
3477 1
1693 0
3477 0
4803 1
2713 1
5071 1
5071 0
2714 1
5072 0
1155 1
1155 0
4803 0
739 1
5389 1
739 0
4767 1
2714 0
1874 1
1462 1
1462 0
5389 0
2713 0
4767 0
5142 1
3549 1
5142 0
1874 0
392 1
1909 1
392 0
1909 0
2935 1
2349 1
3549 0
2349 0
3491 1
1199 1
2935 0
1915 1
1199 0
3493 1
3491 0
199 1
3493 0
1893 1
1915 0
1922 1
1922 0
109 1
109 0
671 1
1916 1
671 0
198 1
199 0
1893 0
423 1
198 0
2343 1
672 1
2343 0
1916 0
1551 1
423 0
3420 1
1551 0
3420 0
672 0
