2376 1
4206 1
2595 1
4206 0
2376 0
3624 1
4791 1
2595 0
2596 1
2593 1
2596 0
3624 0
4178 1
7039 1
7039 0
7040 1
7040 0
2593 0
2594 1
2594 0
4791 0
4831 1
4832 1
4831 0
360 1
4178 0
4177 1
4832 0
4829 1
6340 1
4177 0
227 1
4745 1
227 0
4828 1
4205 1
4828 0
4827 1
4827 0
4829 0
6339 1
6340 0
360 0
4776 1
359 1
4205 0
4838 1
4838 0
4776 0
4745 0
7188 1
6339 0
7154 1
7188 0
751 1
359 0
7231 1
750 1
751 0
750 0
7155 1
7155 0
7154 0
1202 1
7229 1
7672 1
7231 0
7230 1
7230 0
4797 1
4797 0
7672 0
5865 1
7229 0
5864 1
5864 0
4601 1
1202 0
4600 1
4601 0
4600 0
5515 1
5865 0
6452 1
336 1
5515 0
6452 0
4238 1
4238 0
2688 1
2688 0
5352 1
4287 1
336 0
5352 0
4279 1
3170 1
4287 0
4295 1
4279 0
4273 1
4295 0
4172 1
3170 0
4273 0
4272 1
4272 0
2220 1
4172 0
4171 1
4171 0
4283 1
4228 1
2220 0
4253 1
4228 0
4283 0
2059 1
4253 0
939 1
2210 1
939 0
2059 0
136 1
2210 0
2211 1
2211 0
4251 1
3160 1
2018 1
3160 0
5759 1
5758 1
5758 0
136 0
2023 1
2023 0
2018 0
4251 0
4236 1
4236 0
4265 1
5759 0
2031 1
4265 0
6431 1
2495 1
2031 0
4783 1
6431 0
4783 0
4784 1
2751 1
2495 0
4784 0
4739 1
2752 1
2751 0
4739 0
4740 1
4275 1
4740 0
435 1
2752 0
4275 0
4306 1
423 1
4306 0
434 1
435 0
2403 1
434 0
423 0
7662 1
7662 0
5770 1
1825 1
5770 0
2403 0
2407 1
1825 0
1829 1
1136 1
2407 0
1829 0
1830 1
1136 0
2409 1
2409 0
2408 1
1830 0
5167 1
2438 1
2408 0
5166 1
5167 0
5166 0
5143 1
358 1
5143 0
358 0
130 1
2379 1
2438 0
2440 1
2379 0
289 1
130 0
2440 0
2441 1
213 1
289 0
213 0
2441 0
