5184 1
79 1
79 0
80 1
3428 1
5184 0
807 1
80 0
6369 1
807 0
3428 0
2714 1
3676 1
6039 1
6039 0
6369 0
2091 1
2091 0
6580 1
6580 0
6578 1
3676 0
2714 0
1901 1
5622 1
1901 0
5847 1
5622 0
6579 1
6578 0
7554 1
5847 0
2095 1
6579 0
7555 1
7554 0
2095 0
2096 1
7555 0
5020 1
1688 1
2096 0
5020 0
4240 1
1688 0
776 1
6049 1
776 0
4239 1
4240 0
793 1
4239 0
2432 1
793 0
2432 0
2431 1
6049 0
6047 1
6094 1
6047 0
2431 0
6962 1
6095 1
6094 0
6962 0
6454 1
6453 1
6454 0
6095 0
333 1
6453 0
4380 1
333 0
5697 1
1876 1
4380 0
63 1
63 0
64 1
1950 1
6967 1
6967 0
1950 0
5697 0
3987 1
1876 0
7100 1
64 0
1899 1
1958 1
3986 1
1957 1
963 1
963 0
3987 0
3986 0
1958 0
7100 0
1957 0
1877 1
1888 1
1899 0
1877 0
1561 1
4242 1
1888 0
1561 0
7709 1
4242 0
4241 1
6555 1
4241 0
7710 1
7709 0
5103 1
6555 0
3459 1
7710 0
1961 1
3459 0
1924 1
5103 0
815 1
1961 0
815 0
814 1
1925 1
1924 0
7671 1
1925 0
814 0
3926 1
7671 0
7108 1
3927 1
3926 0
7002 1
3927 0
7108 0
7107 1
7107 0
107 1
6972 1
720 1
878 1
878 0
7024 1
7024 0
7002 0
6100 1
6100 0
6972 0
107 0
6090 1
720 0
7027 1
7027 0
7041 1
3371 1
3371 0
6090 0
7032 1
7362 1
7362 0
915 1
5644 1
915 0
5644 0
7218 1
7041 0
7217 1
7218 0
7032 0
7031 1
7377 1
7217 0
7031 0
7037 1
6225 1
7036 1
7036 0
7037 0
4844 1
4844 0
7377 0
6225 0
6224 1
6224 0
