5295 1
4041 1
2884 1
2885 1
5483 1
2885 0
5482 1
2884 0
5482 0
5481 1
5483 0
5295 0
3023 1
5481 0
3023 0
518 1
4041 0
5504 1
4708 1
518 0
5504 0
4984 1
5300 1
4708 0
2554 1
5300 0
2553 1
2554 0
596 1
4984 0
4622 1
2553 0
596 0
4170 1
4622 0
4558 1
4558 0
5007 1
5007 0
4195 1
2270 1
4195 0
4170 0
2680 1
2270 0
5032 1
2680 0
2789 1
5219 1
5032 0
5219 0
2690 1
1760 1
2690 0
4407 1
1760 0
4407 0
3679 1
2789 0
1469 1
3679 0
3390 1
1455 1
3390 0
1469 0
1740 1
4779 1
1455 0
2695 1
2697 1
1740 0
78 1
2695 0
4032 1
4833 1
5101 1
5101 0
3014 1
2529 1
2529 0
4779 0
4833 0
2588 1
3014 0
2588 0
2697 0
4032 0
1633 1
238 1
1633 0
2420 1
2420 0
2777 1
2727 1
3772 1
2783 1
2727 0
4113 1
3772 0
2783 0
2141 1
2777 0
2778 1
4113 0
2773 1
79 1
78 0
1148 1
2141 0
2773 0
2829 1
79 0
1481 1
238 0
237 1
1148 0
1436 1
2778 0
237 0
2624 1
3864 1
2829 0
3864 0
4657 1
2624 0
729 1
178 1
1436 0
1170 1
2764 1
2811 1
3051 1
3051 0
2811 0
1481 0
1170 0
2764 0
4657 0
3745 1
178 0
2543 1
729 0
2751 1
3745 0
2543 0
2541 1
1509 1
2751 0
2474 1
2541 0
1509 0
4934 1
1174 1
2474 0
4934 0
5342 1
205 1
5342 0
1174 0
2324 1
205 0
4583 1
2324 0
4561 1
2462 1
4583 0
4750 1
2462 0
4561 0
581 1
4750 0
2679 1
4585 1
2679 0
5431 1
581 0
5430 1
5431 0
4585 0
4584 1
2810 1
4584 0
2810 0
4652 1
5429 1
3628 1
5429 0
5430 0
3802 1
3802 0
3110 1
3628 0
1472 1
4652 0
3460 1
1472 0
3159 1
3156 1
3110 0
3143 1
3143 0
3150 1
3159 0
3156 0
3460 0
1764 1
1764 0
2292 1
3150 0
3126 1
2759 1
2292 0
5363 1
2759 0
3126 0
3111 1
4264 1
5363 0
3218 1
3222 1
3136 1
3222 0
3218 0
1128 1
993 1
3136 0
1128 0
2409 1
993 0
3177 1
3111 0
354 1
3177 0
3167 1
2047 1
2409 0
3800 1
3167 0
3141 1
354 0
4715 1
4264 0
3800 0
3226 1
2047 0
3620 1
349 1
3141 0
3620 0
371 1
1223 1
4715 0
3227 1
1223 0
4714 1
986 1
3227 0
986 0
3125 1
379 1
338 1
3226 0
379 0
3125 0
3137 1
349 0
732 1
732 0
3166 1
371 0
4110 1
4110 0
3046 1
2626 1
3046 0
3165 1
3146 1
338 0
3163 1
5328 1
3163 0
3166 0
5328 0
3146 0
3137 0
3165 0
5477 1
4714 0
1410 1
5477 0
2627 1
2626 0
4514 1
2627 0
4514 0
5026 1
1410 0
537 1
537 0
1407 1
4513 1
5026 0
4513 0
1483 1
1483 0
2233 1
4380 1
2233 0
417 1
1851 1
2920 1
1407 0
3586 1
3586 0
1564 1
1843 1
1851 0
1564 0
1843 0
1433 1
1434 1
4381 1
4381 0
4380 0
1433 0
4425 1
4425 0
4426 1
4426 0
4231 1
1434 0
5091 1
4231 0
1059 1
5091 0
1143 1
850 1
1143 0
850 0
105 1
4163 1
1059 0
4163 0
417 0
1454 1
1096 1
2920 0
1454 0
1400 1
1400 0
105 0
601 1
601 0
4465 1
4466 1
4465 0
2582 1
4466 0
1004 1
2582 0
4382 1
1004 0
1095 1
1096 0
1390 1
4382 0
1847 1
1847 0
1095 0
1506 1
4410 1
1506 0
996 1
996 0
1425 1
3497 1
1390 0
4502 1
3497 0
1425 0
412 1
1270 1
699 1
4410 0
699 0
1270 0
715 1
4502 0
1421 1
412 0
1420 1
1421 0
1420 0
1480 1
1480 0
1055 1
2816 1
5098 1
5098 0
715 0
5187 1
419 1
419 0
2816 0
5186 1
3740 1
1055 0
937 1
73 1
72 1
72 0
73 0
937 0
1010 1
3762 1
1787 1
1010 0
1098 1
3740 0
5130 1
1098 0
2785 1
5130 0
807 1
5186 0
255 1
5187 0
300 1
255 0
807 0
2575 1
2785 0
315 1
2575 0
362 1
315 0
1267 1
1787 0
3705 1
300 0
3762 0
1306 1
362 0
1768 1
1768 0
938 1
3795 1
3705 0
1306 0
1303 1
4740 1
1267 0
1310 1
1310 0
1083 1
4740 0
1303 0
1304 1
5135 1
5135 0
4175 1
636 1
636 0
4383 1
938 0
5182 1
5182 0
2761 1
4175 0
2761 0
4273 1
3795 0
1304 0
1083 0
4383 0
4092 1
4092 0
4384 1
4384 0
457 1
457 0
940 1
2585 1
4273 0
2585 0
3863 1
3909 1
3863 0
940 0
4566 1
3917 1
4566 0
4496 1
3909 0
4290 1
4496 0
4290 0
1655 1
3852 1
3917 0
1655 0
2753 1
609 1
2753 0
3852 0
1235 1
1235 0
1234 1
609 0
359 1
1234 0
3933 1
3933 0
2132 1
359 0
2922 1
2132 0
13 1
4025 1
13 0
4025 0
4074 1
3430 1
2922 0
4074 0
4198 1
3916 1
4198 0
1422 1
3430 0
3916 0
4065 1
4065 0
1643 1
1212 1
1422 0
1643 0
48 1
48 0
71 1
1212 0
3537 1
71 0
4667 1
4667 0
9 1
2944 1
9 0
2944 0
4162 1
1493 1
3537 0
1493 0
3614 1
4162 0
1350 1
3614 0
4406 1
1350 0
136 1
2373 1
4406 0
136 0
1737 1
2373 0
4969 1
4455 1
4969 0
1737 0
4484 1
988 1
4455 0
851 1
4484 0
988 0
3722 1
3722 0
3943 1
851 0
4022 1
4022 0
3414 1
4725 1
3943 0
4725 0
3414 0
