2552 1
22 1
2179 1
5364 1
2179 0
22 0
2552 0
4439 1
4450 1
5364 0
4439 0
5353 1
3072 1
5353 0
4453 1
4450 0
2638 1
3072 0
3756 1
2638 0
2279 1
4462 1
4453 0
2279 0
2676 1
3756 0
4452 1
4462 0
2676 0
3910 1
4459 1
4452 0
1163 1
3910 0
1163 0
4334 1
4460 1
4459 0
1736 1
4460 0
4334 0
1061 1
3877 1
1736 0
1061 0
2659 1
2225 1
2225 0
4166 1
451 1
4166 0
3877 0
3224 1
499 1
3224 0
2661 1
2659 0
2661 0
2660 1
2660 0
2433 1
2434 1
2433 0
3393 1
2434 0
3393 0
3552 1
2641 1
3552 0
452 1
451 0
473 1
452 0
474 1
499 0
5056 1
5056 0
473 0
2641 0
4257 1
4257 0
2414 1
2414 0
2432 1
2821 1
2432 0
474 0
4086 1
2821 0
2822 1
303 1
4799 1
303 0
1630 1
4799 0
5344 1
2852 1
2852 0
4487 1
2845 1
5344 0
4086 0
2210 1
1797 1
4286 1
4797 1
4797 0
4487 0
3723 1
1630 0
1797 0
2845 0
3961 1
4287 1
4286 0
3997 1
2822 0
1430 1
3961 0
2958 1
3997 0
2210 0
1154 1
5329 1
2958 0
1429 1
1430 0
5445 1
5329 0
471 1
3723 0
3957 1
3957 0
1154 0
471 0
1169 1
4287 0
1169 0
1429 0
1362 1
1763 1
1362 0
1763 0
1702 1
1765 1
5445 0
1702 0
1805 1
1765 0
306 1
342 1
1805 0
342 0
3964 1
306 0
4879 1
3962 1
3964 0
2939 1
4879 0
3659 1
3962 0
5157 1
2939 0
3659 0
3660 1
4613 1
3153 1
3660 0
4617 1
4616 1
4616 0
3153 0
4613 0
5137 1
4617 0
5157 0
3058 1
5444 1
5444 0
1239 1
1663 1
5137 0
1663 0
2525 1
1239 0
1382 1
3058 0
2525 0
3247 1
443 1
3828 1
3828 0
5467 1
5467 0
1382 0
2508 1
443 0
1651 1
3247 0
4846 1
1651 0
2508 0
939 1
939 0
2948 1
1704 1
4846 0
1704 0
4473 1
4473 0
3448 1
3448 0
1652 1
1884 1
1652 0
566 1
2948 0
3239 1
3239 0
2129 1
566 0
3066 1
3116 1
3116 0
4033 1
4033 0
3122 1
2483 1
3066 0
5437 1
2483 0
958 1
3122 0
4605 1
5437 0
166 1
958 0
2510 1
2510 0
4288 1
166 0
217 1
217 0
3773 1
2129 0
3076 1
3773 0
1748 1
4177 1
1748 0
4177 0
2061 1
4605 0
2053 1
2061 0
453 1
2053 0
3305 1
1884 0
4288 0
168 1
3076 0
1252 1
168 0
4504 1
3305 0
3306 1
453 0
4176 1
3924 1
4176 0
4504 0
3438 1
1252 0
248 1
3306 0
3304 1
869 1
3438 0
3304 0
1266 1
273 1
3924 0
1567 1
1266 0
3082 1
3088 1
248 0
3082 0
273 0
274 1
869 0
3105 1
3088 0
3085 1
3067 1
3085 0
1567 0
454 1
3067 0
3105 0
1840 1
454 0
2052 1
2052 0
1546 1
274 0
1997 1
1997 0
3395 1
3071 1
3395 0
3071 0
1840 0
1841 1
1841 0
1392 1
2022 1
1546 0
3254 1
1392 0
2022 0
2023 1
281 1
2023 0
489 1
3254 0
489 0
1614 1
1614 0
1615 1
281 0
4706 1
2551 1
4706 0
1615 0
1616 1
1974 1
2551 0
1616 0
1617 1
144 1
1617 0
1977 1
1974 0
87 1
144 0
87 0
1685 1
3301 1
1685 0
1977 0
411 1
411 0
422 1
5503 1
422 0
5503 0
1983 1
2260 1
1983 0
1982 1
5240 1
5241 1
5240 0
4094 1
1131 1
4094 0
1226 1
3890 1
399 1
400 1
3890 0
1011 1
400 0
1011 0
5241 0
1226 0
1131 0
3321 1
1982 0
1985 1
3327 1
1870 1
2260 0
1870 0
3301 0
3292 1
4922 1
2110 1
399 0
2110 0
4923 1
4341 1
4922 0
4923 0
177 1
3321 0
3327 0
2066 1
487 1
2066 0
486 1
4340 1
4340 0
1258 1
4341 0
1258 0
3236 1
177 0
487 0
3236 0
3384 1
1257 1
486 0
1985 0
4936 1
1864 1
1257 0
3235 1
3384 0
3235 0
1186 1
361 1
1864 0
5165 1
4936 0
1186 0
3564 1
361 0
4140 1
3291 1
3292 0
5165 0
5164 1
2228 1
4140 0
3616 1
3291 0
3812 1
3564 0
5164 0
4712 1
4712 0
4183 1
3799 1
3616 0
1273 1
3799 0
3812 0
2224 1
4954 1
2224 0
4183 0
1964 1
4953 1
4954 0
4139 1
2228 0
384 1
4139 0
4953 0
5105 1
381 1
384 0
3615 1
1273 0
3558 1
5105 0
3606 1
3615 0
4233 1
1964 0
3607 1
3606 0
3558 0
3609 1
5205 1
3607 0
3609 0
5205 0
4233 0
4901 1
381 0
440 1
440 0
3585 1
4943 1
4901 0
4370 1
3585 0
4370 0
812 1
884 1
812 0
4942 1
4943 0
4942 0
3718 1
884 0
1242 1
3717 1
3718 0
1242 0
1243 1
3666 1
1243 0
3717 0
3683 1
3666 0
432 1
3392 1
432 0
1514 1
3671 1
2388 1
3683 0
2218 1
2218 0
2388 0
5161 1
1514 0
3392 0
1301 1
292 1
207 1
4079 1
5161 0
5269 1
5269 0
207 0
3402 1
1301 0
292 0
3671 0
3403 1
3402 0
1790 1
3403 0
1790 0
3398 1
5284 1
3398 0
5284 0
5282 1
5107 1
4079 0
4394 1
1900 1
1900 0
906 1
2664 1
906 0
4394 0
5035 1
2664 0
3668 1
5282 0
5283 1
5107 0
2562 1
5283 0
5249 1
5035 0
5034 1
5249 0
1869 1
3668 0
282 1
1869 0
5034 0
282 0
4952 1
2562 0
2370 1
4952 0
2353 1
2353 0
2355 1
2370 0
2369 1
4193 1
2369 0
2355 0
2354 1
4193 0
2392 1
2354 0
2377 1
2392 0
2377 0
