7826 1
7726 1
7726 0
2214 1
876 1
7826 0
2215 1
2214 0
2215 0
2923 1
3644 1
2923 0
3945 1
3644 0
2825 1
2224 1
2224 0
5686 1
876 0
5686 0
5687 1
5687 0
788 1
2825 0
3945 0
3944 1
3944 0
1336 1
756 1
1336 0
755 1
756 0
788 0
789 1
586 1
755 0
789 0
5334 1
1473 1
586 0
742 1
1473 0
5336 1
135 1
5334 0
135 0
6803 1
2630 1
5336 0
2630 0
742 0
8 1
2204 1
6803 0
8 0
6211 1
1369 1
2204 0
6211 0
1508 1
5793 1
1508 0
1968 1
1369 0
1968 0
5175 1
6222 1
5793 0
5174 1
5175 0
6222 0
5952 1
5174 0
5024 1
7296 1
5024 0
7295 1
7296 0
7295 0
795 1
829 1
795 0
2749 1
5952 0
2749 0
7168 1
6544 1
7168 0
829 0
4090 1
6544 0
6543 1
4089 1
4090 0
6543 0
1415 1
6546 1
1415 0
3251 1
4089 0
3251 0
1460 1
6546 0
7176 1
7176 0
6984 1
6984 0
6160 1
1461 1
1460 0
1461 0
761 1
6160 0
4705 1
6170 1
4705 0
6976 1
761 0
6170 0
6268 1
543 1
6268 0
4057 1
4056 1
4056 0
7460 1
7460 0
7316 1
7315 1
7316 0
4057 0
1424 1
1424 0
1423 1
7315 0
6778 1
6671 1
1423 0
6778 0
6779 1
7285 1
6671 0
7285 0
2134 1
6976 0
6025 1
1350 1
6779 0
5646 1
1350 0
7471 1
543 0
7353 1
6025 0
4356 1
2134 0
4356 0
2169 1
5645 1
5646 0
7352 1
7353 0
6237 1
5645 0
6024 1
6023 1
2178 1
2169 0
2178 0
4701 1
2179 1
2179 0
6023 0
6024 0
7464 1
6237 0
240 1
7471 0
7464 0
7463 1
240 0
239 1
4701 0
4700 1
239 0
7812 1
5464 1
7463 0
6149 1
4700 0
143 1
5464 0
6149 0
6150 1
7812 0
159 1
143 0
7570 1
7420 1
159 0
6148 1
6150 0
2160 1
2159 1
4427 1
3979 1
4427 0
2160 0
2827 1
7569 1
7569 0
7570 0
4621 1
4621 0
3979 0
2159 0
6148 0
1437 1
4340 1
7420 0
4850 1
7352 0
2577 1
2827 0
5280 1
4340 0
1437 0
1268 1
2577 0
4713 1
6147 1
1268 0
7366 1
5280 0
4713 0
3232 1
1163 1
6147 0
7366 0
5140 1
3232 0
6421 1
4846 1
4850 0
6422 1
6421 0
6422 0
6423 1
4836 1
6400 1
6057 1
6400 0
4843 1
1628 1
1628 0
1270 1
1270 0
1163 0
6057 0
4836 0
4846 0
4102 1
5140 0
4035 1
4035 0
4010 1
5141 1
5141 0
6084 1
6084 0
5139 1
4036 1
5139 0
4036 0
4842 1
4843 0
4842 0
3847 1
102 1
443 1
5505 1
5505 0
6228 1
6229 1
6229 0
6423 0
102 0
3848 1
3847 0
443 0
3848 0
4001 1
6566 1
4010 0
4025 1
4001 0
7524 1
6228 0
3782 1
4025 0
4102 0
6087 1
5126 1
7524 0
6261 1
3782 0
4894 1
6088 1
6087 0
6262 1
6261 0
6566 0
5361 1
255 1
255 0
4002 1
4002 0
6262 0
5350 1
4894 0
5126 0
5125 1
2970 1
5125 0
5350 0
5351 1
5361 0
6694 1
6088 0
384 1
5351 0
3816 1
3917 1
2970 0
4878 1
3816 0
3917 0
5115 1
5737 1
5115 0
4878 0
195 1
384 0
2868 1
5737 0
7130 1
7698 1
7129 1
7130 0
7129 0
2868 0
1528 1
7778 1
195 0
4936 1
7778 0
7698 0
7699 1
7699 0
7700 1
7731 1
7700 0
3817 1
6694 0
4936 0
4935 1
3817 0
3824 1
4022 1
3824 0
4935 0
7775 1
1672 1
1673 1
1673 0
7731 0
7775 0
7776 1
1672 0
6038 1
7776 0
7767 1
7767 0
7777 1
7777 0
6038 0
4022 0
4021 1
1635 1
1528 0
5429 1
1635 0
5349 1
4021 0
5432 1
5429 0
5284 1
5349 0
5285 1
5284 0
5432 0
3305 1
4069 1
3305 0
5285 0
369 1
7689 1
369 0
7689 0
7690 1
4069 0
3613 1
1567 1
7690 0
5767 1
1567 0
4331 1
3613 0
5767 0
611 1
611 0
6530 1
2043 1
6530 0
1772 1
4331 0
1772 0
3482 1
3482 0
7365 1
3528 1
7365 0
3528 0
4146 1
4146 0
4145 1
249 1
2043 0
7685 1
249 0
7373 1
7685 0
4145 0
1212 1
1212 0
3547 1
7373 0
1516 1
1502 1
1516 0
247 1
3565 1
3565 0
3564 1
3564 0
3547 0
3537 1
3537 0
7756 1
3574 1
247 0
3574 0
307 1
1502 0
7756 0
7755 1
306 1
307 0
7755 0
3555 1
3555 0
3554 1
306 0
1067 1
2551 1
1067 0
6682 1
3554 0
7902 1
6682 0
7902 0
3557 1
105 1
2551 0
7533 1
105 0
3557 0
3493 1
3493 0
968 1
7534 1
7533 0
968 0
1030 1
7534 0
2027 1
1030 0
1029 1
997 1
1029 0
2027 0
5951 1
873 1
5951 0
3220 1
997 0
873 0
3430 1
3220 0
4152 1
5207 1
3430 0
4152 0
4155 1
4155 0
3415 1
7753 1
3415 0
5207 0
3431 1
3431 0
2753 1
984 1
2753 0
7753 0
7754 1
178 1
7754 0
178 0
313 1
983 1
984 0
3461 1
313 0
5492 1
983 0
3460 1
3461 0
5492 0
3460 0
