7876 1
7875 1
7875 0
3693 1
3693 0
2012 1
4224 1
2593 1
2593 0
2596 1
7876 0
4225 1
2596 0
4224 0
2012 0
5733 1
5736 1
5733 0
3171 1
4225 0
3171 0
6338 1
2116 1
6338 0
5735 1
5736 0
2117 1
2116 0
4208 1
5735 0
6341 1
2117 0
6486 1
6486 0
4208 0
4776 1
6784 1
6784 0
360 1
360 0
6786 1
4776 0
6343 1
6341 0
4775 1
6343 0
4286 1
4775 0
4286 0
750 1
6786 0
1123 1
1123 0
1124 1
750 0
751 1
4285 1
751 0
1124 0
7836 1
1357 1
4736 1
1130 1
1130 0
7835 1
7835 0
7836 0
1357 0
4182 1
4284 1
4284 0
4287 1
4287 0
4203 1
336 1
4285 0
336 0
4204 1
4182 0
4276 1
4736 0
4276 0
4280 1
4204 0
4274 1
4280 0
4203 0
3442 1
5426 1
5426 0
412 1
4257 1
2220 1
4254 1
4228 1
4228 0
4272 1
2220 0
4272 0
4274 0
412 0
4257 0
4170 1
3442 0
4170 0
4301 1
4254 0
7770 1
2058 1
4301 0
7770 0
7771 1
2018 1
2058 0
3160 1
2018 0
6241 1
7771 0
6241 0
4278 1
3159 1
3160 0
2222 1
4278 0
2222 0
2223 1
4200 1
3159 0
4200 0
2208 1
2044 1
2223 0
2044 0
4261 1
2208 0
2392 1
2392 0
3570 1
4261 0
4262 1
3569 1
3570 0
4262 0
112 1
1271 1
3569 0
1135 1
112 0
1135 0
6792 1
2391 1
1271 0
6793 1
6792 0
3344 1
2391 0
6793 0
4248 1
617 1
4248 0
617 0
6795 1
3345 1
3344 0
2239 1
3345 0
1886 1
6795 0
1560 1
1886 0
1560 0
1559 1
2240 1
2239 0
1559 0
7615 1
2240 0
2437 1
7615 0
4199 1
2436 1
2437 0
4199 0
289 1
2436 0
213 1
213 0
289 0
