4063 1
1132 1
4062 1
4062 0
1132 0
2062 1
1713 1
1714 1
1713 0
1714 0
2155 1
2062 0
4064 1
4063 0
2155 0
3335 1
3335 0
3334 1
4064 0
1720 1
3334 0
3644 1
4016 1
1720 0
4554 1
1784 1
1783 1
4556 1
1783 0
1784 0
3644 0
4554 0
4016 0
1718 1
428 1
4556 0
1718 0
3763 1
2284 1
3763 0
428 0
5405 1
1265 1
2284 0
5405 0
1283 1
1283 0
1778 1
1716 1
1265 0
2164 1
1716 0
1518 1
2164 0
4610 1
1518 0
1778 0
3642 1
3119 1
1955 1
1715 1
1715 0
4269 1
4610 0
1955 0
3119 0
4268 1
4269 0
3451 1
3642 0
1821 1
4268 0
1801 1
3451 0
1821 0
1582 1
2749 1
1582 0
2371 1
2749 0
1801 0
3443 1
2371 0
1802 1
1802 0
3548 1
3436 1
3443 0
535 1
3436 0
535 0
536 1
3018 1
3613 1
3613 0
3548 0
2336 1
902 1
902 0
3018 0
2340 1
536 0
2336 0
3017 1
2340 0
4759 1
4759 0
4758 1
1732 1
3879 1
1732 0
5264 1
5264 0
4755 1
4755 0
3017 0
1735 1
3879 0
4758 0
1939 1
1070 1
1939 0
1070 0
1735 0
650 1
1461 1
650 0
1461 0
2457 1
4090 1
373 1
373 0
971 1
971 0
4090 0
3993 1
3993 0
1245 1
1245 0
176 1
2457 0
1722 1
687 1
176 0
1722 0
163 1
687 0
1153 1
163 0
3473 1
3473 0
388 1
388 0
4977 1
3214 1
524 1
3214 0
524 0
1153 0
434 1
3069 1
3974 1
3974 0
3973 1
3973 0
3069 0
4977 0
5224 1
5224 0
642 1
642 0
3664 1
1229 1
1540 1
1287 1
1229 0
1545 1
1287 0
968 1
968 0
1566 1
1576 1
256 1
256 0
1545 0
1576 0
5167 1
434 0
463 1
1584 1
1584 0
1539 1
1189 1
1539 0
1540 0
3664 0
3994 1
1566 0
1574 1
3994 0
3895 1
1574 0
4522 1
1074 1
3249 1
1074 0
1800 1
1800 0
5167 0
4522 0
1611 1
1611 0
4408 1
463 0
1188 1
1189 0
4117 1
4408 0
3895 0
5499 1
1157 1
4117 0
1188 0
1585 1
4194 1
1157 0
396 1
4194 0
1585 0
1581 1
1631 1
3249 0
1581 0
3087 1
3087 0
1340 1
4523 1
1631 0
5499 0
2031 1
4346 1
2031 0
397 1
396 0
4239 1
4346 0
1340 0
1601 1
1601 0
1919 1
4523 0
969 1
397 0
146 1
146 0
3977 1
2027 1
4239 0
1919 0
1883 1
1609 1
3977 0
969 0
500 1
2301 1
2027 0
1268 1
1883 0
1293 1
500 0
1609 0
1600 1
1590 1
1268 0
1590 0
3567 1
1293 0
1894 1
2301 0
5343 1
3566 1
3567 0
1911 1
1894 0
5343 0
2768 1
1600 0
2861 1
1474 1
3566 0
1911 0
3581 1
1343 1
1474 0
3912 1
3581 0
3912 0
1343 0
660 1
2768 0
2861 0
3798 1
3798 0
4448 1
4448 0
3483 1
4014 1
660 0
5171 1
4014 0
3483 0
1468 1
1468 0
2268 1
1806 1
5171 0
2268 0
1592 1
1806 0
3682 1
3682 0
3979 1
1592 0
2325 1
4950 1
3979 0
556 1
4950 0
661 1
556 0
2325 0
2322 1
3678 1
661 0
1723 1
2322 0
1904 1
1904 0
3678 0
3713 1
3713 0
2384 1
3690 1
2383 1
3690 0
4267 1
1723 0
4536 1
4267 0
4601 1
4536 0
4601 0
4603 1
2383 0
60 1
2384 0
5495 1
5494 1
5495 0
60 0
4603 0
4830 1
4830 0
3396 1
4547 1
5494 0
4571 1
4547 0
1862 1
1862 0
3569 1
2400 1
2400 0
4567 1
4567 0
493 1
493 0
3396 0
2267 1
4571 0
2267 0
3569 0
