809 1
4664 1
809 0
810 1
4664 0
4663 1
5247 1
810 0
1313 1
5247 0
3053 1
1313 0
4376 1
4663 0
3053 0
3481 1
1319 1
4376 0
2264 1
357 1
357 0
185 1
185 0
1547 1
1319 0
1547 0
5500 1
3481 0
192 1
821 1
3550 1
5500 0
376 1
3550 0
821 0
1003 1
2264 0
1003 0
720 1
4963 1
720 0
192 0
5304 1
4013 1
5304 0
2978 1
4963 0
774 1
2978 0
4260 1
4263 1
4013 0
376 0
5213 1
2226 1
4260 0
4263 0
5376 1
5197 1
5449 1
774 0
5088 1
5213 0
1416 1
41 1
2226 0
5374 1
5374 0
5197 0
5196 1
5196 0
1416 0
2979 1
795 1
5449 0
5450 1
5450 0
94 1
2979 0
94 0
2975 1
5087 1
5087 0
3836 1
2990 1
3836 0
5088 0
796 1
2991 1
796 0
2991 0
5375 1
2973 1
795 0
2992 1
2973 0
64 1
64 0
2975 0
2990 0
2989 1
2992 0
2989 0
41 0
4119 1
5028 1
5375 0
4119 0
4636 1
4636 0
5376 0
5028 0
1471 1
3510 1
3511 1
1471 0
3510 0
3511 0
