598 1
276 1
4470 1
598 0
1187 1
4470 0
328 1
276 0
2424 1
328 0
5360 1
1187 0
2424 0
1560 1
1827 1
5360 0
1560 0
2709 1
1839 1
1827 0
2688 1
2709 0
3758 1
2688 0
1839 0
42 1
3758 0
3907 1
4564 1
42 0
4564 0
4563 1
3906 1
3907 0
2657 1
3906 0
4563 0
4912 1
2657 0
5333 1
4912 0
4464 1
5333 0
3867 1
3867 0
4674 1
557 1
4674 0
1739 1
4464 0
557 0
558 1
1739 0
3733 1
4671 1
558 0
3770 1
4671 0
3770 0
2655 1
4174 1
3733 0
602 1
2655 0
3769 1
602 0
3769 0
3251 1
3251 0
4242 1
1654 1
4242 0
4174 0
3986 1
3986 0
1850 1
1928 1
1850 0
1654 0
3859 1
4279 1
408 1
4279 0
4277 1
4935 1
409 1
4935 0
1669 1
408 0
1027 1
4802 1
4802 0
409 0
1669 0
4276 1
4277 0
4276 0
2156 1
1043 1
1928 0
2156 0
187 1
461 1
1027 0
1888 1
3859 0
4742 1
1043 0
3991 1
4742 0
2412 1
461 0
2412 0
3152 1
5414 1
3991 0
488 1
3152 0
5415 1
5414 0
1751 1
187 0
5415 0
75 1
488 0
4476 1
1751 0
2103 1
1441 1
2103 0
4476 0
5397 1
75 0
74 1
5397 0
1376 1
74 0
2407 1
1888 0
3857 1
3729 1
1376 0
2407 0
441 1
441 0
3732 1
3732 0
3729 0
1440 1
1441 0
1138 1
3857 0
607 1
1138 0
4748 1
1440 0
4748 0
1835 1
1835 0
1836 1
4791 1
607 0
1990 1
4791 0
2081 1
1990 0
1836 0
1682 1
1676 1
1682 0
1379 1
1676 0
1694 1
2081 0
5408 1
1379 0
1360 1
151 1
1694 0
3794 1
2351 1
5408 0
1367 1
1383 1
3203 1
1383 0
5273 1
2351 0
80 1
5139 1
3246 1
5139 0
3794 0
4719 1
4719 0
80 0
1681 1
5166 1
4807 1
3174 1
1681 0
1367 0
2961 1
3175 1
3203 0
2961 0
3174 0
1026 1
3175 0
5505 1
1360 0
151 0
502 1
3246 0
4807 0
1026 0
4587 1
5487 1
5505 0
5487 0
3847 1
3846 1
3847 0
5273 0
5166 0
1087 1
1532 1
1200 1
123 1
3846 0
1200 0
710 1
710 0
1087 0
1532 0
1165 1
4587 0
3307 1
502 0
1171 1
1171 0
336 1
336 0
123 0
5485 1
1165 0
5486 1
5485 0
5486 0
4105 1
2787 1
4105 0
3307 0
4951 1
583 1
2787 0
701 1
841 1
2430 1
841 0
1244 1
1354 1
1354 0
704 1
842 1
843 1
843 0
701 0
704 0
1244 0
2430 0
5123 1
5123 0
5351 1
5351 0
4684 1
582 1
583 0
4947 1
4951 0
842 0
4687 1
4684 0
951 1
4687 0
1332 1
1332 0
3102 1
4493 1
4621 1
4493 0
951 0
4621 0
1641 1
1237 1
3102 0
582 0
1077 1
1237 0
175 1
1641 0
1650 1
1969 1
1650 0
4205 1
2219 1
4947 0
4205 0
1017 1
4213 1
2219 0
1017 0
1158 1
214 1
1077 0
5325 1
175 0
1969 0
2032 1
2032 0
2001 1
214 0
1563 1
5325 0
3237 1
3237 0
21 1
1959 1
1152 1
1105 1
4213 0
4829 1
4829 0
1152 0
1577 1
1563 0
1959 0
1158 0
2004 1
2001 0
5244 1
21 0
1577 0
1568 1
3831 1
1568 0
2029 1
2004 0
5244 0
1492 1
3831 0
3832 1
1102 1
1105 0
2000 1
2029 0
1492 0
3092 1
1104 1
1102 0
1620 1
3832 0
1620 0
1562 1
2000 0
880 1
2815 1
1104 0
3092 0
4565 1
1111 1
2815 0
1111 0
2796 1
4565 0
4937 1
880 0
656 1
1556 1
1562 0
4937 0
1384 1
1604 1
1556 0
2797 1
2796 0
2797 0
5446 1
2204 1
5446 0
656 0
2003 1
491 1
2204 0
2003 0
621 1
621 0
2060 1
1020 1
1384 0
1544 1
1604 0
491 0
3437 1
1020 0
5070 1
4392 1
3437 0
4392 0
5478 1
997 1
5478 0
5210 1
997 0
5070 0
605 1
2060 0
2021 1
1544 0
59 1
5210 0
3280 1
2021 0
4850 1
3280 0
5209 1
272 1
5209 0
605 0
1424 1
59 0
1587 1
4970 1
272 0
4850 0
229 1
1587 0
4683 1
4971 1
4970 0
1424 0
4336 1
4971 0
314 1
3565 1
4683 0
856 1
229 0
794 1
4336 0
856 0
815 1
4827 1
815 0
314 0
593 1
3565 0
1342 1
4000 1
4827 0
4548 1
794 0
593 0
898 1
4548 0
4549 1
3601 1
1342 0
4549 0
5432 1
805 1
898 0
4397 1
3601 0
805 0
3311 1
4000 0
657 1
4397 0
4461 1
3311 0
972 1
5432 0
2819 1
657 0
501 1
972 0
3764 1
2819 0
5409 1
4467 1
4461 0
4467 0
3404 1
3764 0
3593 1
4669 1
3404 0
3593 0
653 1
501 0
1923 1
653 0
3599 1
2145 1
4669 0
456 1
3599 0
2145 0
456 0
2249 1
5409 0
1923 0
3698 1
2249 0
173 1
3697 1
3698 0
970 1
173 0
2247 1
970 0
3697 0
91 1
479 1
2247 0
479 0
3441 1
2363 1
91 0
2363 0
3687 1
3441 0
1878 1
3687 0
89 1
3005 1
1878 0
89 0
2360 1
3005 0
2240 1
2997 1
2240 0
2998 1
2997 0
3006 1
2998 0
402 1
2360 0
1001 1
402 0
1001 0
4685 1
3006 0
3007 1
3007 0
3000 1
2999 1
3000 0
2999 0
316 1
316 0
3008 1
367 1
3008 0
367 0
368 1
368 0
4600 1
304 1
4600 0
3673 1
4685 0
304 0
252 1
252 0
114 1
3052 1
114 0
3052 0
2357 1
120 1
3673 0
120 0
2405 1
2405 0
3694 1
4422 1
3694 0
3665 1
5084 1
3665 0
5084 0
2357 0
1206 1
3681 1
3681 0
3707 1
3707 0
5175 1
4422 0
5175 0
5174 1
3887 1
1206 0
3887 0
3721 1
3505 1
1363 1
1363 0
119 1
119 0
3700 1
3700 0
3721 0
3695 1
3695 0
5174 0
3505 0
