6497 1
6498 1
6500 1
6497 0
6498 0
6499 1
5874 1
6500 0
6499 0
4187 1
4188 1
4187 0
4221 1
4221 0
5874 0
2149 1
2149 0
4079 1
787 1
787 0
4188 0
4077 1
4079 0
1633 1
1207 1
4077 0
1832 1
1633 0
5819 1
1207 0
5589 1
1832 0
2430 1
6314 1
6314 0
1497 1
1497 0
5589 0
5819 0
5817 1
5817 0
4214 1
2430 0
4292 1
2778 1
4214 0
2778 0
5571 1
2568 1
5571 0
5584 1
2049 1
2049 0
4292 0
416 1
7082 1
416 0
2004 1
2004 0
2021 1
2568 0
2048 1
5584 0
2021 0
2047 1
2048 0
4232 1
7082 0
2047 0
7816 1
4232 0
4233 1
7816 0
7827 1
4233 0
6470 1
7827 0
7822 1
5106 1
7822 0
6381 1
7831 1
7831 0
1796 1
1796 0
1823 1
1823 0
7818 1
5106 0
6381 0
6382 1
4259 1
526 1
526 0
5243 1
5243 0
6470 0
6471 1
6471 0
6382 0
7818 0
7824 1
7825 1
7824 0
4259 0
7825 0
