7726 1
7826 1
7726 0
2214 1
876 1
7826 0
2214 0
2215 1
2215 0
308 1
557 1
308 0
876 0
2224 1
3945 1
557 0
5686 1
2224 0
5687 1
5686 0
3945 0
3944 1
2924 1
3944 0
5687 0
788 1
2924 0
2925 1
788 0
789 1
5334 1
789 0
2925 0
1244 1
436 1
1244 0
5334 0
135 1
1473 1
436 0
135 0
6803 1
1473 0
742 1
8 1
742 0
2204 1
6803 0
2706 1
8 0
1369 1
2204 0
2706 0
5792 1
1369 0
1968 1
1968 0
5175 1
5793 1
5792 0
5793 0
6222 1
6222 0
5952 1
5174 1
5175 0
5952 0
2749 1
5024 1
5174 0
5024 0
5023 1
5023 0
2092 1
5019 1
2092 0
7168 1
2749 0
5019 0
829 1
4090 1
829 0
4089 1
4090 0
6544 1
1415 1
4387 1
7168 0
7167 1
4387 0
7167 0
6543 1
6544 0
6543 0
3251 1
4089 0
1415 0
6546 1
3251 0
1460 1
5465 1
6546 0
1241 1
5465 0
1241 0
3015 1
1460 0
1461 1
1954 1
1954 0
5681 1
5681 0
6170 1
3015 0
4705 1
6160 1
4705 0
6160 0
761 1
1461 0
761 0
6976 1
6025 1
6976 0
6268 1
6170 0
1344 1
1345 1
2659 1
1345 0
6771 1
1344 0
6268 0
543 1
2659 0
2658 1
6771 0
6778 1
6778 0
6779 1
2658 0
4710 1
1350 1
6779 0
6662 1
4710 0
543 0
7471 1
6662 0
6661 1
7471 0
240 1
7353 1
6025 0
1350 0
5646 1
2169 1
2179 1
6661 0
6660 1
6660 0
4356 1
2169 0
4356 0
2134 1
2134 0
5275 1
5646 0
5275 0
4620 1
2179 0
2178 1
239 1
240 0
7463 1
4620 0
1551 1
2178 0
1551 0
145 1
7353 0
7352 1
7463 0
5464 1
7812 1
239 0
7812 0
159 1
3977 1
5464 0
144 1
145 0
144 0
4631 1
4619 1
3977 0
3994 1
4631 0
4623 1
4619 0
5474 1
159 0
5829 1
5474 0
4699 1
3994 0
7569 1
4850 1
7352 0
1081 1
5829 0
4621 1
7569 0
53 1
53 0
3309 1
4622 1
4622 0
4623 0
4621 0
1268 1
4699 0
3309 0
4134 1
4848 1
1081 0
1268 0
6147 1
2150 1
4134 0
1163 1
4848 0
5141 1
1163 0
4633 1
6147 0
7020 1
7020 0
7791 1
7791 0
1628 1
4633 0
4561 1
2150 0
3954 1
4627 1
4561 0
4627 0
4628 1
4628 0
6420 1
5141 0
6084 1
4846 1
4850 0
6420 0
1270 1
1628 0
3954 0
5505 1
4102 1
4846 0
4843 1
1270 0
4035 1
6084 0
4842 1
4843 0
3847 1
4842 0
5505 0
6229 1
3848 1
3847 0
6087 1
4102 0
6229 0
6227 1
2337 1
4035 0
2337 0
4002 1
4001 1
3848 0
4001 0
4025 1
571 1
6227 0
6201 1
4025 0
6201 0
6203 1
571 0
1456 1
6087 0
6088 1
3696 1
6203 0
4002 0
255 1
3327 1
1456 0
5350 1
4894 1
255 0
5361 1
560 1
3816 1
559 1
559 0
560 0
3696 0
4894 0
5351 1
5350 0
5351 0
5361 0
6694 1
5737 1
5115 1
3917 1
3327 0
5573 1
7786 1
5573 0
7781 1
7786 0
3917 0
5115 0
3816 0
4878 1
5737 0
4878 0
195 1
6088 0
1945 1
195 0
7778 1
7781 0
7780 1
4220 1
1945 0
7774 1
7780 0
4936 1
7778 0
3733 1
7774 0
4936 0
4935 1
3817 1
6694 0
1673 1
7776 1
7775 1
7775 0
4935 0
7731 1
1673 0
999 1
1672 1
1000 1
1000 0
999 0
3733 0
7767 1
7776 0
7731 0
1672 0
6038 1
7777 1
7767 0
7777 0
6038 0
3824 1
3817 0
4022 1
3824 0
1528 1
4220 0
4022 0
4021 1
1528 0
1635 1
5429 1
1635 0
5429 0
5432 1
4021 0
5349 1
5284 1
5349 0
5284 0
5285 1
5285 0
385 1
3305 1
3305 0
5435 1
5435 0
6994 1
7375 1
7375 0
7376 1
7376 0
6994 0
4069 1
5432 0
385 0
386 1
386 0
7689 1
7690 1
7689 0
1567 1
7690 0
4069 0
3613 1
3613 0
4331 1
1567 0
5767 1
5767 0
611 1
1772 1
4331 0
6530 1
611 0
1772 0
3482 1
2043 1
6530 0
3482 0
7365 1
7364 1
7365 0
2043 0
249 1
7335 1
7364 0
7335 0
3579 1
249 0
7685 1
3579 0
3565 1
7685 0
7113 1
7113 0
7372 1
3565 0
3564 1
7372 0
1502 1
3564 0
3537 1
7756 1
3537 0
1502 0
307 1
7756 0
7755 1
307 0
306 1
1216 1
7755 0
1217 1
1216 0
1067 1
306 0
3554 1
1217 0
1067 0
2551 1
3554 0
6682 1
7902 1
6682 0
7902 0
3557 1
2551 0
105 1
3557 0
3493 1
7533 1
105 0
968 1
3493 0
7533 0
7534 1
968 0
1030 1
1029 1
1030 0
7534 0
2027 1
997 1
1029 0
54 1
2027 0
54 0
4164 1
3220 1
997 0
3220 0
4152 1
4164 0
3430 1
3430 0
5207 1
4151 1
4152 0
3431 1
5207 0
4151 0
7760 1
7760 0
7753 1
2753 1
3431 0
7754 1
178 1
7754 0
7753 0
984 1
2753 0
178 0
313 1
984 0
983 1
313 0
314 1
3460 1
5492 1
1226 1
1226 0
1225 1
1225 0
983 0
314 0
5492 0
3460 0
