4351 1
5112 1
5112 0
5089 1
3975 1
5089 0
4351 0
3619 1
3037 1
3975 0
3037 0
561 1
3619 0
5391 1
2417 1
5391 0
561 0
560 1
2620 1
2417 0
4834 1
560 0
2620 0
1782 1
4834 0
2465 1
2465 0
2468 1
2656 1
2517 1
2673 1
2656 0
2517 0
4010 1
1696 1
1782 0
2672 1
2673 0
3341 1
4010 0
2463 1
2468 0
3341 0
3342 1
2672 0
1785 1
3342 0
2573 1
1785 0
3760 1
2573 0
2578 1
2723 1
3760 0
2683 1
2683 0
2708 1
2723 0
421 1
1696 0
1137 1
421 0
719 1
2578 0
719 0
353 1
353 0
4717 1
389 1
1137 0
4197 1
4717 0
2555 1
3897 1
2637 1
389 0
3897 0
3032 1
2555 0
2463 0
2456 1
2464 1
2456 0
2242 1
2242 0
1629 1
1629 0
2464 0
3776 1
2637 0
4197 0
2708 0
1831 1
3032 0
1831 0
752 1
3776 0
2563 1
752 0
4495 1
2563 0
280 1
4495 0
3921 1
3921 0
1039 1
339 1
280 0
339 0
2217 1
1039 0
5037 1
4629 1
879 1
879 0
4629 0
1176 1
2217 0
2131 1
2131 0
2728 1
2728 0
1176 0
4765 1
4915 1
4765 0
4915 0
4888 1
4997 1
5037 0
5253 1
4888 0
4997 0
2832 1
2832 0
1700 1
3285 1
5253 0
2493 1
3285 0
1700 0
5023 1
709 1
5023 0
3956 1
709 0
5201 1
2493 0
4059 1
5201 0
4059 0
4060 1
4060 0
639 1
3956 0
5324 1
288 1
639 0
288 0
1933 1
5324 0
4061 1
1933 0
2495 1
309 1
4061 0
2495 0
5039 1
505 1
309 0
505 0
714 1
714 0
3547 1
5039 0
5011 1
3899 1
5011 0
1789 1
3899 0
3547 0
1414 1
1414 0
2294 1
1789 0
3099 1
3161 1
3099 0
1402 1
2294 0
3300 1
4893 1
2286 1
3300 0
4893 0
964 1
2286 0
5461 1
964 0
604 1
3030 1
1402 0
604 0
3377 1
3161 0
3131 1
5462 1
5461 0
5462 0
29 1
3378 1
3377 0
3373 1
3378 0
3373 0
1642 1
630 1
1642 0
3120 1
29 0
3120 0
1435 1
3103 1
3131 0
1435 0
619 1
1197 1
3103 0
3130 1
77 1
630 0
3172 1
3173 1
1197 0
3172 0
3130 0
3158 1
3158 0
619 0
3148 1
3148 0
3173 0
77 0
3371 1
3030 0
4826 1
2195 1
3371 0
4826 0
4037 1
2195 0
227 1
4037 0
3296 1
227 0
5185 1
5049 1
5185 0
5049 0
4447 1
3296 0
1144 1
647 1
4447 0
2040 1
647 0
1457 1
1144 0
2040 0
3998 1
2964 1
3998 0
1411 1
1457 0
2964 0
4884 1
4885 1
4884 0
1406 1
1411 0
1513 1
4885 0
1406 0
1065 1
1065 0
3303 1
305 1
1513 0
4910 1
305 0
3431 1
4910 0
3261 1
3303 0
3431 0
2368 1
2235 1
2368 0
1063 1
3261 0
989 1
1063 0
2236 1
2235 0
2236 0
180 1
4927 1
180 0
989 0
455 1
4926 1
4927 0
455 0
16 1
3057 1
4926 0
427 1
3057 0
4762 1
16 0
2883 1
4762 0
3182 1
427 0
2579 1
3182 0
2883 0
5416 1
5416 0
4766 1
5305 1
2579 0
929 1
4766 0
929 0
5179 1
3545 1
5305 0
3545 0
1799 1
5179 0
5178 1
1741 1
5178 0
1799 0
225 1
5170 1
1741 0
4082 1
5170 0
901 1
4082 0
4147 1
225 0
901 0
3739 1
1972 1
4147 0
3739 0
3743 1
3743 0
2088 1
641 1
2094 1
3923 1
3923 0
496 1
1284 1
2088 0
1284 0
641 0
2094 0
4156 1
1972 0
1973 1
4156 0
4145 1
1973 0
4145 0
3754 1
496 0
4365 1
2460 1
2460 0
5078 1
4365 0
4251 1
4251 0
5078 0
2771 1
4660 1
4659 1
4659 0
437 1
4660 0
3754 0
3425 1
437 0
5361 1
3425 0
595 1
2771 0
595 0
4073 1
249 1
4874 1
249 0
4873 1
4874 0
3435 1
3434 1
3434 0
5361 0
4873 0
4071 1
4073 0
4071 0
4077 1
5327 1
4077 0
2367 1
3435 0
2366 1
2367 0
973 1
2366 0
63 1
5327 0
523 1
63 0
4361 1
973 0
1230 1
523 0
1230 0
4225 1
2379 1
4361 0
3121 1
4225 0
2379 0
4668 1
3748 1
3121 0
4668 0
3094 1
3094 0
3759 1
3759 0
239 1
239 0
992 1
3748 0
5489 1
1352 1
5489 0
992 0
5456 1
5456 0
3941 1
1352 0
890 1
3941 0
3791 1
220 1
890 0
3791 0
1927 1
220 0
2970 1
4788 1
1927 0
24 1
2970 0
4359 1
4788 0
4359 0
202 1
24 0
202 0
