4062 1
1132 1
2062 1
1132 0
2155 1
2062 0
4063 1
4062 0
4064 1
4063 0
2155 0
3335 1
3335 0
3334 1
1720 1
4064 0
3644 1
3334 0
4016 1
1720 0
3644 0
1784 1
1784 0
1783 1
1783 0
4556 1
1718 1
4016 0
4556 0
428 1
3763 1
1718 0
2284 1
3763 0
5405 1
1283 1
1778 1
170 1
428 0
1145 1
1811 1
170 0
1145 0
1811 0
5405 0
1283 0
2284 0
1265 1
1265 0
1716 1
2164 1
1518 1
2164 0
594 1
1716 0
124 1
4757 1
594 0
4760 1
4757 0
4760 0
3642 1
1778 0
4610 1
124 0
2282 1
5221 1
5221 0
1955 1
2282 0
1518 0
4610 0
1955 0
1715 1
4269 1
1715 0
3642 0
3451 1
4268 1
4269 0
4268 0
1821 1
3451 0
1801 1
1582 1
1821 0
2749 1
1582 0
2749 0
2371 1
1801 0
3443 1
2371 0
1802 1
3548 1
1802 0
3436 1
3443 0
535 1
3436 0
3613 1
3548 0
535 0
536 1
902 1
3613 0
2336 1
902 0
536 0
2340 1
3017 1
2336 0
2340 0
4759 1
4758 1
4759 0
3017 0
5264 1
5264 0
4755 1
4758 0
1939 1
1735 1
4755 0
1070 1
1939 0
1070 0
1735 0
4090 1
373 1
4090 0
3993 1
971 1
373 0
3993 0
1245 1
2457 1
971 0
1245 0
176 1
1722 1
2457 0
1722 0
163 1
176 0
687 1
687 0
1153 1
3473 1
163 0
3473 0
388 1
3069 1
1153 0
388 0
4977 1
3974 1
3069 0
3973 1
3974 0
5224 1
4977 0
3973 0
434 1
642 1
5224 0
1229 1
1545 1
1287 1
1229 0
642 0
3664 1
1576 1
256 1
256 0
1545 0
1540 1
1287 0
1576 0
5167 1
463 1
434 0
1539 1
1540 0
1800 1
5167 0
1539 0
1584 1
3664 0
3994 1
1800 0
1074 1
1584 0
1189 1
4408 1
463 0
3994 0
3895 1
1074 0
3249 1
1189 0
1188 1
4408 0
4117 1
3895 0
5499 1
1157 1
4117 0
1188 0
1585 1
4194 1
1157 0
3249 0
1631 1
3087 1
3087 0
1581 1
1340 1
1585 0
1586 1
1586 0
396 1
4194 0
2031 1
5499 0
1581 0
1631 0
4523 1
4346 1
2031 0
396 0
397 1
4346 0
4239 1
1601 1
1340 0
969 1
4523 0
1601 0
1919 1
397 0
146 1
146 0
3977 1
2027 1
4239 0
969 0
500 1
1919 0
1883 1
3977 0
1609 1
2027 0
2301 1
1883 0
1268 1
1590 1
1268 0
1600 1
1609 0
500 0
1293 1
5343 1
2301 0
1590 0
3567 1
1894 1
1293 0
3567 0
3566 1
2768 1
5343 0
1911 1
1894 0
3566 0
1474 1
1474 0
1343 1
1911 0
3581 1
2861 1
1600 0
3581 0
3912 1
1343 0
3912 0
2861 0
3798 1
2768 0
660 1
3798 0
4448 1
4014 1
660 0
3483 1
4448 0
4014 0
5171 1
3483 0
1468 1
2268 1
1468 0
5171 0
1806 1
1592 1
2268 0
3682 1
1806 0
3682 0
3979 1
4950 1
3979 0
2325 1
1592 0
4950 0
556 1
661 1
556 0
2325 0
2322 1
3678 1
661 0
2322 0
1723 1
3678 0
1904 1
1904 0
3713 1
3713 0
2384 1
4601 1
4599 1
4599 0
5484 1
1723 0
5484 0
4536 1
4267 1
4536 0
4267 0
4601 0
4603 1
2384 0
5495 1
5494 1
5495 0
3396 1
4830 1
4680 1
1337 1
1337 0
1886 1
1886 0
2400 1
4680 0
4603 0
5132 1
5132 0
3396 0
4830 0
5494 0
4547 1
493 1
2400 0
2267 1
3704 1
3704 0
4547 0
2259 1
2259 0
4571 1
4567 1
493 0
4571 0
4567 0
3569 1
2267 0
3569 0
