883 1
2715 1
883 0
6898 1
1912 1
2715 0
5954 1
6898 0
2103 1
1912 0
5954 0
2104 1
4293 1
2104 0
2691 1
4293 0
2103 0
1476 1
573 1
1476 0
2691 0
5132 1
5131 1
5132 0
573 0
2082 1
1477 1
2082 0
6358 1
5131 0
2078 1
1477 0
5128 1
6358 0
609 1
5128 0
2078 0
2077 1
2077 0
2086 1
609 0
6015 1
6015 0
6016 1
561 1
6016 0
6050 1
2086 0
1321 1
561 0
2650 1
6050 0
2649 1
2650 0
6013 1
4246 1
6013 0
1321 0
1311 1
1311 0
6029 1
4245 1
4246 0
4245 0
4046 1
2649 0
4046 0
5845 1
5845 0
4093 1
4093 0
5843 1
6029 0
6030 1
6027 1
6030 0
3287 1
5843 0
6026 1
6027 0
124 1
3287 0
124 0
1848 1
1848 0
1849 1
1947 1
6026 0
1969 1
1947 0
1969 0
1970 1
1826 1
1849 0
1826 0
6483 1
6483 0
1898 1
4851 1
1970 0
679 1
679 0
4795 1
675 1
1898 0
1907 1
1907 0
4795 0
1564 1
4851 0
1565 1
1564 0
1731 1
675 0
1565 0
4693 1
4693 0
554 1
1732 1
1731 0
2111 1
554 0
1935 1
1732 0
4684 1
2111 0
4684 0
196 1
196 0
7674 1
1935 0
1979 1
1979 0
921 1
7674 0
578 1
921 0
7410 1
5086 1
578 0
902 1
7410 0
1378 1
5086 0
901 1
902 0
1378 0
7675 1
7668 1
7675 0
7668 0
283 1
901 0
1974 1
1973 1
1974 0
7597 1
283 0
425 1
7597 0
1996 1
1973 0
3218 1
1879 1
1996 0
1879 0
5315 1
3219 1
1930 1
1930 0
1535 1
1535 0
157 1
424 1
425 0
424 0
3218 0
3219 0
5315 0
5290 1
849 1
5290 0
207 1
849 0
157 0
3625 1
4862 1
207 0
4862 0
947 1
3625 0
212 1
3505 1
947 0
3505 0
3474 1
3590 1
212 0
3591 1
3590 0
1990 1
3474 0
3591 0
6995 1
3925 1
1990 0
6996 1
6995 0
1131 1
3925 0
6996 0
1032 1
1032 0
1033 1
1131 0
4083 1
356 1
1033 0
3637 1
3637 0
3631 1
3631 0
1872 1
356 0
3592 1
3593 1
3592 0
2230 1
4083 0
3593 0
2230 0
2231 1
1873 1
1872 0
1873 0
3595 1
414 1
2846 1
2846 0
4840 1
2231 0
3508 1
3509 1
3511 1
3508 0
3509 0
3511 0
5695 1
5696 1
5696 0
414 0
4840 0
4839 1
4839 0
1353 1
1353 0
3595 0
3596 1
3596 0
5695 0
