1476 1
1475 1
4552 1
1476 0
2782 1
1475 0
4419 1
2782 0
4418 1
4419 0
4418 0
4420 1
4552 0
5448 1
4420 0
2569 1
5448 0
2254 1
5085 1
2254 0
2569 0
278 1
5085 0
5296 1
278 0
277 1
5296 0
416 1
277 0
2762 1
3328 1
5001 1
1947 1
416 0
1946 1
1946 0
1947 0
1719 1
2762 0
3328 0
5002 1
5001 0
5002 0
150 1
358 1
1719 0
150 0
149 1
2899 1
149 0
2914 1
358 0
2914 0
3347 1
909 1
2696 1
2696 0
2899 0
2864 1
3347 0
909 0
910 1
1438 1
5270 1
5270 0
3212 1
3213 1
4768 1
4768 0
3212 0
3213 0
4838 1
116 1
4838 0
1438 0
2746 1
4215 1
2746 0
2864 0
2916 1
4900 1
910 0
4214 1
4900 0
4214 0
4215 0
2558 1
116 0
2849 1
2558 0
420 1
2849 0
664 1
420 0
2809 1
2916 0
2809 0
2919 1
3187 1
664 0
1488 1
2919 0
5419 1
3187 0
1488 0
5150 1
5150 0
5151 1
2837 1
5419 0
5151 0
2650 1
2837 0
3354 1
2863 1
2650 0
1079 1
2863 0
2844 1
3354 0
2844 0
1078 1
1078 0
1079 0
4666 1
4741 1
4741 0
130 1
1504 1
1389 1
1389 0
2804 1
1097 1
1504 0
130 0
4666 0
2671 1
2804 0
2671 0
1275 1
1482 1
1097 0
1482 0
545 1
4317 1
545 0
1275 0
1276 1
5392 1
1276 0
5392 0
405 1
4317 0
382 1
3786 1
382 0
405 0
4862 1
3786 0
1913 1
2591 1
2590 1
2591 0
567 1
1357 1
2590 0
567 0
3277 1
4862 0
840 1
5418 1
1357 0
3587 1
840 0
3138 1
1913 0
3277 0
4847 1
3587 0
1853 1
5418 0
646 1
3893 1
3138 0
4093 1
4847 0
4123 1
3893 0
3191 1
4093 0
2484 1
3186 1
4123 0
2765 1
3186 0
4918 1
838 1
646 0
4111 1
4111 0
4918 0
3191 0
2766 1
2765 0
4058 1
1853 0
2484 0
905 1
2766 0
4679 1
905 0
676 1
4058 0
1086 1
838 0
954 1
670 1
4679 0
676 0
378 1
954 0
5238 1
378 0
2013 1
670 0
529 1
3837 1
1086 0
3837 0
546 1
2012 1
2013 0
730 1
546 0
751 1
5238 0
52 1
529 0
2012 0
2523 1
773 1
730 0
932 1
773 0
751 0
759 1
2523 0
148 1
932 0
920 1
104 1
148 0
920 0
222 1
1289 1
759 0
222 0
221 1
778 1
1289 0
221 0
504 1
1415 1
52 0
504 0
503 1
104 0
550 1
926 1
503 0
550 0
848 1
4298 1
778 0
4509 1
4298 0
925 1
926 0
2625 1
925 0
2123 1
848 0
4509 0
4324 1
2118 1
4722 1
2625 0
3409 1
4324 0
1415 0
4738 1
4722 0
3966 1
549 1
2100 1
2100 0
2123 0
2099 1
2099 0
2118 0
2304 1
3966 0
23 1
1325 1
2304 0
1325 0
2994 1
4322 1
4314 1
3409 0
4322 0
2163 1
2257 1
2257 0
23 0
549 0
2170 1
2163 0
4738 0
4702 1
2994 0
2993 1
2075 1
883 1
113 1
2137 1
2170 0
113 0
2172 1
2075 0
36 1
883 0
4314 0
4144 1
2172 0
2993 0
836 1
4144 0
4304 1
2988 1
4304 0
4702 0
797 1
801 1
797 0
506 1
836 0
2969 1
801 0
831 1
506 0
327 1
4853 1
831 0
2138 1
2137 0
2215 1
325 1
4562 1
4562 0
2215 0
2138 0
327 0
2165 1
36 0
2165 0
2969 0
2968 1
2988 0
4045 1
3287 1
2968 0
4045 0
196 1
741 1
4853 0
472 1
741 0
3287 0
3880 1
1298 1
472 0
3432 1
3880 0
2418 1
1298 0
5113 1
3432 0
5113 0
1278 1
2639 1
2418 0
2640 1
2640 0
2639 0
1278 0
2046 1
5143 1
2046 0
5143 0
196 0
1211 1
4372 1
1211 0
4133 1
4134 1
892 1
4133 0
4051 1
892 0
5019 1
40 1
4134 0
5019 0
4051 0
3253 1
878 1
3253 0
4372 0
259 1
792 1
325 0
4313 1
878 0
259 0
2966 1
1387 1
4313 0
877 1
2966 0
34 1
2726 1
4028 1
34 0
2726 0
877 0
4028 0
792 0
4490 1
39 1
39 0
40 0
881 1
2798 1
1387 0
3086 1
4490 0
3086 0
3512 1
3512 0
3509 1
888 1
867 1
888 0
2798 0
867 0
2115 1
2115 0
3509 0
881 0
