5018 1
1554 1
707 1
1554 0
5018 0
1396 1
1396 0
1301 1
896 1
707 0
5341 1
1301 0
1299 1
5341 0
2052 1
1299 0
897 1
896 0
6139 1
2052 0
3341 1
5777 1
7332 1
5775 1
5777 0
897 0
7332 0
6813 1
3341 0
962 1
6139 0
962 0
719 1
6813 0
872 1
5775 0
5776 1
794 1
872 0
794 0
7207 1
1430 1
719 0
1431 1
1431 0
1430 0
1240 1
7207 0
5774 1
1287 1
5779 1
5776 0
1287 0
1286 1
5779 0
5774 0
4786 1
1240 0
4786 0
4785 1
4785 0
4317 1
4317 0
726 1
1286 0
6144 1
6144 0
6142 1
7399 1
726 0
6142 0
2378 1
7399 0
6977 1
847 1
2378 0
6977 0
6978 1
769 1
847 0
769 0
3449 1
6975 1
6978 0
657 1
6975 0
5671 1
657 0
3449 0
3450 1
2081 1
3450 0
2081 0
264 1
5670 1
5671 0
1048 1
5670 0
2106 1
264 0
5943 1
2106 0
1048 0
6018 1
6335 1
5943 0
6018 0
859 1
6335 0
201 1
201 0
1572 1
1693 1
859 0
1693 0
6435 1
4880 1
1572 0
6435 0
4855 1
4855 0
4856 1
4856 0
1955 1
4667 1
1955 0
4031 1
4880 0
1864 1
4031 0
6093 1
6093 0
6108 1
1864 0
4667 0
5675 1
6108 0
580 1
2542 1
5675 0
2542 0
72 1
72 0
7845 1
3582 1
580 0
7844 1
7845 0
803 1
3582 0
4681 1
7844 0
940 1
803 0
117 1
940 0
1605 1
4681 0
1605 0
7702 1
1931 1
7702 0
117 0
4055 1
1931 0
7678 1
439 1
7678 0
905 1
4055 0
440 1
439 0
5673 1
440 0
5674 1
5673 0
5674 0
7552 1
156 1
905 0
7552 0
7618 1
7618 0
7395 1
219 1
156 0
7395 0
7067 1
7067 0
2556 1
965 1
219 0
2556 0
5431 1
512 1
965 0
512 0
4716 1
5438 1
5431 0
1987 1
4716 0
5138 1
5438 0
6816 1
1987 0
6816 0
3507 1
270 1
5138 0
270 0
1938 1
3617 1
2808 1
3617 0
3507 0
2798 1
3506 1
7694 1
3506 0
7694 0
2808 0
3616 1
4070 1
4070 0
4064 1
1578 1
1578 0
1816 1
1938 0
4064 0
4071 1
3643 1
3643 0
3616 0
2847 1
1816 0
2798 0
3261 1
4071 0
3260 1
3261 0
3260 0
1249 1
2847 0
3600 1
3600 0
3608 1
1249 0
1250 1
2123 1
967 1
967 0
3608 0
3614 1
1096 1
1096 0
2123 0
1254 1
1250 0
1253 1
3486 1
1254 0
3486 0
1003 1
1253 0
3494 1
975 1
3494 0
975 0
7298 1
3614 0
405 1
7298 0
2118 1
1003 0
354 1
2118 0
405 0
3475 1
354 0
118 1
3476 1
3475 0
1035 1
118 0
3476 0
5499 1
5499 0
5500 1
1035 0
3489 1
3488 1
3489 0
3465 1
3488 0
5501 1
5500 0
3465 0
3464 1
2719 1
5501 0
2719 0
3419 1
3464 0
4065 1
3419 0
3418 1
5853 1
4065 0
3418 0
5853 0
