7334 1
6091 1
6610 1
7334 0
6611 1
6610 0
5333 1
6091 0
6611 0
6602 1
5333 0
5332 1
5332 0
6188 1
6187 1
6188 0
7331 1
7332 1
6402 1
6187 0
7331 0
6602 0
5777 1
7332 0
5778 1
5777 0
6403 1
6402 0
6403 0
1431 1
1431 0
1430 1
1430 0
1896 1
5778 0
5779 1
1287 1
5779 0
6143 1
1287 0
6143 0
7001 1
1895 1
1896 0
1895 0
4786 1
4786 0
4785 1
1986 1
7001 0
4317 1
4785 0
6822 1
1986 0
768 1
6822 0
4317 0
726 1
7399 1
726 0
7399 0
6977 1
1891 1
768 0
1173 1
6977 0
5026 1
1891 0
5026 0
5027 1
1174 1
1173 0
1174 0
6975 1
5027 0
3449 1
6975 0
657 1
3450 1
3449 0
2081 1
3450 0
657 0
5671 1
5670 1
5671 0
2081 0
264 1
2106 1
264 0
5943 1
2106 0
5670 0
544 1
44 1
5943 0
7788 1
544 0
1703 1
44 0
6335 1
1703 0
7788 0
291 1
201 1
6335 0
1314 1
291 0
1572 1
201 0
4880 1
1572 0
4857 1
1314 0
4857 0
4855 1
4855 0
4856 1
4031 1
1138 1
6485 1
1138 0
2698 1
2698 0
4880 0
6093 1
6485 0
4031 0
4856 0
1955 1
2328 1
1955 0
6093 0
6108 1
667 1
2328 0
72 1
667 0
6108 0
580 1
580 0
3582 1
72 0
7845 1
7845 0
7844 1
3582 0
803 1
7844 0
4681 1
1605 1
4681 0
940 1
803 0
7702 1
1605 0
117 1
4055 1
2009 1
7012 1
940 0
1993 1
1993 0
2009 0
117 0
1931 1
7702 0
1931 0
7678 1
156 1
905 1
903 1
7012 0
1004 1
903 0
4055 0
905 0
439 1
7678 0
440 1
439 0
24 1
440 0
156 0
24 0
25 1
577 1
25 0
2439 1
577 0
2406 1
2439 0
1004 0
1991 1
6997 1
1991 0
7681 1
2406 0
6997 0
945 1
7681 0
5431 1
945 0
4715 1
5431 0
5438 1
4715 0
1550 1
5138 1
5438 0
1500 1
1550 0
270 1
5138 0
3256 1
1500 0
270 0
514 1
3506 1
3256 0
513 1
514 0
513 0
4064 1
4064 0
1578 1
7694 1
3506 0
7695 1
7694 0
1578 0
4070 1
4068 1
4070 0
7695 0
3502 1
3618 1
4068 0
3502 0
943 1
1250 1
943 0
245 1
3618 0
245 0
3606 1
1250 0
1254 1
1254 0
1253 1
3607 1
3606 0
1253 0
3486 1
3485 1
3486 0
3607 0
3609 1
420 1
3485 0
3609 0
3472 1
420 0
3484 1
3473 1
3472 0
3484 0
3483 1
3476 1
3473 0
3483 0
3480 1
5500 1
5499 1
5499 0
3476 0
5501 1
5500 0
3479 1
3480 0
3479 0
1687 1
1687 0
3057 1
3057 0
3501 1
5501 0
2719 1
3501 0
4065 1
1059 1
2719 0
5853 1
4065 0
7300 1
1059 0
5853 0
7300 0
