3048 1
3048 0
4552 1
4550 1
2782 1
4550 0
1476 1
1476 0
1475 1
1475 0
2782 0
4419 1
4419 0
4418 1
4418 0
4420 1
4552 0
5448 1
2569 1
4420 0
5448 0
2254 1
5085 1
2254 0
2569 0
278 1
5085 0
5296 1
277 1
278 0
416 1
5296 0
277 0
2762 1
1947 1
416 0
1946 1
1947 0
5001 1
1946 0
2762 0
1719 1
5002 1
5001 0
150 1
5002 0
1719 0
358 1
150 0
149 1
909 1
2696 1
2899 1
358 0
2914 1
2882 1
2881 1
2881 0
2857 1
910 1
149 0
2857 0
2882 0
909 0
2899 0
2696 0
3347 1
2914 0
1438 1
5270 1
3347 0
2864 1
4900 1
910 0
5270 0
3212 1
4768 1
3213 1
4768 0
5250 1
2856 1
2856 0
4214 1
5250 0
3212 0
4214 0
4900 0
4215 1
1438 0
2746 1
3213 0
4838 1
2746 0
4215 0
4838 0
116 1
2864 0
2916 1
2558 1
116 0
2558 0
2849 1
2849 0
420 1
420 0
664 1
2916 0
2809 1
2919 1
2809 0
2919 0
1488 1
664 0
3187 1
5150 1
1488 0
3187 0
5419 1
5419 0
2837 1
5151 1
5150 0
2650 1
5151 0
3354 1
2837 0
2863 1
2650 0
2863 0
1079 1
3354 0
2844 1
2844 0
1078 1
1078 0
1079 0
1504 1
1389 1
1504 0
1097 1
1389 0
2804 1
2671 1
2804 0
2671 0
1275 1
1097 0
1482 1
545 1
2925 1
49 1
1482 0
49 0
4317 1
2925 0
545 0
5392 1
1276 1
4863 1
722 1
405 1
4863 0
2346 1
722 0
2346 0
1275 0
5392 0
1276 0
382 1
4317 0
382 0
3786 1
4862 1
405 0
3786 0
1913 1
567 1
2590 1
2591 1
567 0
5202 1
5202 0
8 1
8 0
3277 1
2591 0
2590 0
1357 1
840 1
3587 1
3587 0
2419 1
466 1
4862 0
2419 0
1853 1
466 0
3138 1
1913 0
4847 1
3277 0
5418 1
1357 0
3893 1
3138 0
840 0
646 1
5418 0
4093 1
4847 0
4123 1
3893 0
4111 1
646 0
4123 0
2765 1
2484 1
4093 0
838 1
4111 0
2484 0
905 1
2766 1
2765 0
2766 0
4679 1
4058 1
1853 0
1086 1
4058 0
905 0
676 1
838 0
954 1
378 1
676 0
4679 0
670 1
378 0
2013 1
670 0
529 1
5238 1
954 0
2012 1
2013 0
1086 0
3837 1
546 1
3837 0
546 0
730 1
5238 0
751 1
2523 1
2012 0
529 0
52 1
730 0
773 1
773 0
932 1
920 1
932 0
148 1
104 1
849 1
849 0
2473 1
2473 0
2523 0
3623 1
148 0
751 0
759 1
222 1
920 0
221 1
222 0
759 0
1289 1
1289 0
778 1
52 0
1415 1
504 1
221 0
503 1
504 0
503 0
926 1
925 1
926 0
4298 1
778 0
848 1
550 1
738 1
3623 0
750 1
738 0
4298 0
4509 1
550 0
104 0
925 0
2625 1
4324 1
4509 0
2625 0
4722 1
3409 1
4324 0
3966 1
4722 0
2123 1
206 1
2176 1
206 0
750 0
2176 0
2100 1
4738 1
1415 0
848 0
2123 0
3966 0
2304 1
1325 1
2304 0
2100 0
549 1
1325 0
2994 1
4322 1
3409 0
4322 0
4314 1
4702 1
4738 0
549 0
2170 1
2993 1
2994 0
2170 0
113 1
4144 1
4314 0
4932 1
3495 1
4358 1
4932 0
3495 0
2134 1
2134 0
4905 1
5457 1
2055 1
2055 0
4358 0
5457 0
4905 0
2137 1
113 0
4144 0
4304 1
2993 0
836 1
4702 0
797 1
4304 0
2988 1
836 0
506 1
801 1
797 0
801 0
2969 1
2138 1
2137 0
831 1
506 0
831 0
4853 1
2969 0
2968 1
2138 0
4562 1
2988 0
4045 1
2968 0
3287 1
741 1
4853 0
4562 0
2215 1
4045 0
196 1
3287 0
3880 1
472 1
741 0
1298 1
472 0
3432 1
3880 0
1298 0
2418 1
3432 0
5113 1
5113 0
1278 1
2639 1
2418 0
2639 0
2640 1
2640 0
1278 0
1211 1
196 0
2215 0
325 1
4372 1
1211 0
892 1
5019 1
565 1
565 0
4591 1
4591 0
5019 0
40 1
4133 1
4133 0
4134 1
4134 0
892 0
4051 1
3253 1
4051 0
878 1
3253 0
4372 0
259 1
325 0
792 1
39 1
40 0
878 0
4313 1
259 0
2966 1
34 1
2966 0
4028 1
2726 1
34 0
2726 0
4313 0
877 1
39 0
881 1
4028 0
877 0
3512 1
3509 1
2115 1
3508 1
3508 0
3522 1
3522 0
792 0
4490 1
3086 1
3512 0
3086 0
3509 0
4490 0
881 0
2115 0
