3445 1
5216 1
2716 1
3445 0
4165 1
2716 0
4373 1
4165 0
5216 0
3784 1
4373 0
475 1
4114 1
3784 0
475 0
5047 1
4114 0
10 1
10 0
4589 1
5047 0
4157 1
484 1
4589 0
5046 1
4157 0
4709 1
484 0
4709 0
2553 1
4622 1
2553 0
4622 0
5373 1
5046 0
4167 1
4615 1
5373 0
4167 0
4168 1
4168 0
3648 1
2717 1
3648 0
4615 0
2270 1
5032 1
2270 0
1250 1
5032 0
1250 0
2542 1
2717 0
2794 1
4087 1
2549 1
2542 0
2549 0
1760 1
4407 1
1760 0
4407 0
3806 1
4087 0
2794 0
2791 1
3806 0
2535 1
2534 1
2535 0
2791 0
3357 1
5100 1
2534 0
952 1
5100 0
3987 1
952 0
3987 0
2540 1
3357 0
3358 1
2540 0
681 1
2297 1
3358 0
380 1
2300 1
380 0
799 1
680 1
681 0
169 1
2300 0
2297 0
2812 1
169 0
230 1
799 0
3789 1
2792 1
3789 0
230 0
285 1
3149 1
285 0
3149 0
5476 1
2812 0
1485 1
680 0
2536 1
3888 1
2792 0
3350 1
1485 0
2536 0
577 1
578 1
577 0
3350 0
692 1
5476 0
2500 1
3351 1
3888 0
3809 1
578 0
5064 1
2500 0
3362 1
692 0
3351 0
2769 1
3349 1
2769 0
3362 0
3349 0
5190 1
5064 0
3810 1
3809 0
5190 0
205 1
253 1
3810 0
4583 1
205 0
4583 0
2547 1
253 0
1142 1
2953 1
2547 0
4560 1
1142 0
2953 0
1449 1
2593 1
4560 0
5460 1
2593 0
2350 1
1449 0
2350 0
1599 1
1599 0
2959 1
5460 0
3164 1
2959 0
3064 1
4342 1
3164 0
3822 1
3064 0
4342 0
620 1
3822 0
2043 1
620 0
703 1
2043 0
3661 1
1028 1
3661 0
1028 0
1101 1
3142 1
703 0
1101 0
1502 1
3142 0
354 1
4715 1
1502 0
3218 1
3222 1
354 0
3141 1
3221 1
3218 0
3222 0
3136 1
3223 1
3221 0
3025 1
3223 0
3136 0
3151 1
4715 0
1223 1
3167 1
3151 0
3167 0
3800 1
3025 0
3870 1
3226 1
3800 0
732 1
3870 0
4110 1
349 1
3141 0
866 1
865 1
865 0
1427 1
5281 1
5281 0
4516 1
866 0
4516 0
732 0
349 0
4714 1
1223 0
379 1
3226 0
5477 1
4714 0
3046 1
4110 0
4580 1
1427 0
338 1
3621 1
3163 1
3145 1
379 0
3145 0
3621 0
338 0
5428 1
4580 0
5328 1
5428 0
4576 1
3046 0
3163 0
5328 0
4576 0
4938 1
5477 0
1410 1
537 1
1410 0
2627 1
4938 0
4514 1
2627 0
791 1
4514 0
1407 1
1405 1
465 1
1405 0
465 0
537 0
1936 1
1407 0
3586 1
5231 1
791 0
3586 0
3872 1
5231 0
3872 0
4456 1
1477 1
1936 0
3040 1
1477 0
4234 1
5008 1
5008 0
4456 0
4002 1
4234 0
3040 0
329 1
2010 1
4189 1
4189 0
4002 0
4001 1
4001 0
2124 1
1852 1
2124 0
2010 0
467 1
329 0
2063 1
294 1
2039 1
287 1
4180 1
294 0
2039 0
2063 0
4180 0
1852 0
287 0
2168 1
2169 1
2168 0
2108 1
2169 0
1330 1
467 0
859 1
2108 0
859 0
3544 1
1711 1
4227 1
1329 1
1330 0
4226 1
4940 1
1711 0
1329 0
4249 1
2096 1
5212 1
5212 0
4227 0
1555 1
4249 0
135 1
5097 1
3544 0
3113 1
1857 1
1857 0
4226 0
635 1
635 0
3709 1
4940 0
3709 0
1971 1
1971 0
2049 1
2096 0
2097 1
2097 0
2091 1
2049 0
4928 1
135 0
5098 1
5097 0
419 1
5098 0
3113 0
3112 1
2130 1
3112 0
418 1
418 0
419 0
1554 1
1555 0
1369 1
2091 0
5497 1
659 1
4928 0
5497 0
1099 1
659 0
4701 1
1334 1
4929 1
3849 1
1054 1
1334 0
1054 0
1554 0
5225 1
3849 0
1060 1
2130 0
2452 1
2035 1
509 1
2894 1
1060 0
4228 1
2035 0
4701 0
1023 1
1023 0
4713 1
509 0
1021 1
2281 1
2281 0
2002 1
1099 0
5464 1
5464 0
1021 0
4596 1
1369 0
4151 1
2125 1
2125 0
4596 0
4151 0
2002 0
1098 1
1098 0
5130 1
1091 1
1089 1
2894 0
1091 0
218 1
1089 0
4228 0
4929 0
5130 0
1090 1
218 0
2452 0
4281 1
597 1
1090 0
5290 1
597 0
4532 1
5290 0
4281 0
2184 1
4713 0
1315 1
2184 0
3610 1
3610 0
5103 1
1378 1
5225 0
4532 0
636 1
5103 0
4278 1
3426 1
4278 0
636 0
5182 1
1315 0
447 1
3426 0
5377 1
1378 0
1305 1
4383 1
5182 0
4383 0
4092 1
3949 1
5377 0
4092 0
4384 1
3543 1
3949 0
4384 0
457 1
955 1
447 0
3863 1
3543 0
457 0
3252 1
3915 1
3915 0
3252 0
4566 1
940 1
1255 1
1305 0
940 0
1346 1
1255 0
3909 1
3863 0
3909 0
3908 1
1346 0
1347 1
18 1
955 0
3917 1
4566 0
32 1
1347 0
3908 0
3757 1
18 0
133 1
4618 1
3757 0
31 1
32 0
133 0
194 1
194 0
99 1
99 0
924 1
31 0
924 0
4618 0
425 1
3925 1
3917 0
425 0
1491 1
833 1
3925 0
1491 0
3539 1
1203 1
833 0
2180 1
3539 0
2836 1
1203 0
2140 1
2836 0
2180 0
3340 1
3932 1
2140 0
3340 0
2921 1
4055 1
3932 0
4055 0
4054 1
2921 0
3433 1
4363 1
4054 0
4198 1
4363 0
3433 0
872 1
3916 1
4198 0
4065 1
3916 0
872 0
3536 1
48 1
4056 1
4057 1
4057 0
4065 0
4056 0
67 1
1643 1
48 0
1643 0
67 0
908 1
3536 0
1212 1
5277 1
908 0
5277 0
2681 1
4089 1
2681 0
2944 1
4089 0
3537 1
1212 0
4162 1
2944 0
2386 1
3537 0
35 1
4162 0
2386 0
111 1
111 0
4406 1
35 0
4790 1
136 1
4790 0
2373 1
4406 0
2373 0
4969 1
1737 1
136 0
4484 1
1737 0
4455 1
4969 0
4455 0
2862 1
5117 1
4484 0
3597 1
2862 0
322 1
5117 0
3597 0
2492 1
3414 1
322 0
2492 0
4725 1
4725 0
3414 0
