1749 1
4417 1
5193 1
5195 1
5195 0
1750 1
4417 0
4416 1
5156 1
2513 1
5156 0
1749 0
2513 0
2426 1
1750 0
3780 1
4416 0
5193 0
3780 0
4240 1
2426 0
2691 1
5027 1
1534 1
4240 0
1534 0
3978 1
407 1
2872 1
3978 0
407 0
5027 0
2692 1
2692 0
2691 0
2693 1
945 1
2872 0
2693 0
5031 1
1572 1
945 0
5031 0
950 1
896 1
1572 0
3336 1
950 0
2735 1
896 0
3336 0
4203 1
4203 0
2589 1
5080 1
2735 0
4202 1
2589 0
5214 1
5080 0
4202 0
4200 1
4200 0
5065 1
2914 1
5214 0
2914 0
3347 1
5065 0
2560 1
2560 0
2574 1
2847 1
3347 0
2847 0
4810 1
4810 0
2838 1
4271 1
4271 0
4809 1
4809 0
4820 1
5245 1
4270 1
5245 0
2831 1
5426 1
4270 0
2574 0
2559 1
2559 0
2889 1
2889 0
5357 1
2831 0
3783 1
4820 0
4821 1
3783 0
2054 1
5426 0
4822 1
4821 0
4822 0
267 1
2054 0
2887 1
4812 1
267 0
2509 1
5357 0
2887 0
5246 1
2838 0
2895 1
2895 0
2924 1
4106 1
2509 0
5246 0
4661 1
2772 1
2924 0
2943 1
4107 1
4106 0
2943 0
2846 1
4736 1
1129 1
4812 0
4736 0
2846 0
4804 1
2772 0
2896 1
4805 1
4804 0
4805 0
2951 1
4107 0
5339 1
1129 0
1007 1
2896 0
3368 1
2951 0
2548 1
3367 1
3368 0
3366 1
3367 0
1007 0
5061 1
4661 0
3889 1
1464 1
3889 0
4662 1
4662 0
2893 1
5339 0
2893 0
3353 1
3365 1
3353 0
5062 1
5061 0
5062 0
3364 1
3365 0
3364 0
3366 0
2548 0
1525 1
1525 0
4098 1
1464 0
1512 1
1512 0
2945 1
4099 1
4098 0
2945 0
115 1
4989 1
115 0
4099 0
4096 1
4096 0
4102 1
4989 0
5016 1
1742 1
5016 0
4102 0
1742 0
3188 1
344 1
4995 1
3188 0
2722 1
1358 1
1358 0
600 1
3234 1
1945 1
5330 1
953 1
2722 0
3234 0
1945 0
953 0
4995 0
4795 1
5330 0
4345 1
3383 1
4345 0
4795 0
344 0
1995 1
3383 0
1995 0
1025 1
1025 0
1465 1
1465 0
4982 1
5223 1
4982 0
3244 1
600 0
5222 1
5223 0
3878 1
5222 0
4508 1
3878 0
4508 0
4920 1
3244 0
3199 1
1437 1
4920 0
1437 0
1431 1
3199 0
754 1
386 1
1431 0
754 0
837 1
731 1
3217 1
726 1
3217 0
731 0
727 1
5410 1
727 0
5188 1
5410 0
2532 1
726 0
386 0
2827 1
4849 1
5188 0
76 1
2532 0
814 1
2827 0
2828 1
76 0
4907 1
4849 0
5141 1
3208 1
3193 1
3193 0
837 0
5141 0
1210 1
4907 0
4435 1
2828 0
1490 1
4753 1
1210 0
1490 0
5110 1
4435 0
1473 1
3160 1
814 0
5332 1
1473 0
5076 1
5110 0
5332 0
4877 1
3160 0
3205 1
3208 0
707 1
542 1
542 0
4753 0
3202 1
5076 0
5077 1
3202 0
5268 1
5109 1
5077 0
4876 1
4877 0
5268 0
1251 1
5109 0
2266 1
2051 1
4876 0
1251 0
1377 1
2266 0
3572 1
2051 0
5020 1
3201 1
3205 0
3570 1
3572 0
5020 0
5021 1
3209 1
3201 0
2194 1
2194 0
4244 1
5021 0
5022 1
2527 1
5003 1
2527 0
4443 1
5003 0
707 0
3570 0
3914 1
3206 1
1377 0
4644 1
3104 1
4644 0
3104 0
4244 0
3914 0
1008 1
4326 1
4310 1
4326 0
4310 0
2041 1
5022 0
3206 0
3132 1
3207 1
4309 1
4443 0
3132 0
3207 0
3101 1
4309 0
835 1
2041 0
4011 1
3101 0
4296 1
2024 1
4011 0
4122 1
4122 0
4121 1
776 1
4296 0
775 1
775 0
776 0
4130 1
4130 0
4704 1
4121 0
834 1
835 0
4705 1
4704 0
985 1
4705 0
4301 1
834 0
3389 1
985 0
4301 0
4300 1
928 1
1008 0
914 1
3389 0
2114 1
2024 0
1084 1
780 1
780 0
914 0
3805 1
1084 0
50 1
3805 0
904 1
2114 0
5252 1
50 0
5252 0
3022 1
2740 1
3022 0
5018 1
4300 0
1318 1
2740 0
5018 0
5455 1
3021 1
1318 0
2107 1
3021 0
3020 1
928 0
4738 1
3020 0
5276 1
2107 0
2104 1
904 0
2098 1
1517 1
1517 0
2104 0
5102 1
2213 1
5102 0
5276 0
5275 1
4738 0
4702 1
2213 0
1712 1
5455 0
2200 1
4702 0
917 1
1712 0
917 0
695 1
5169 1
2098 0
4137 1
4305 1
695 0
4137 0
3841 1
3027 1
3027 0
5275 0
3833 1
782 1
782 0
3841 0
2025 1
2200 0
4305 0
25 1
5289 1
2025 0
3833 0
313 1
313 0
994 1
5288 1
5289 0
994 0
3842 1
5288 0
4104 1
2758 1
25 0
1961 1
5169 0
4520 1
3842 0
4104 0
2461 1
4707 1
1961 0
4520 0
1277 1
2758 0
3228 1
3952 1
2461 0
5466 1
4707 0
3209 0
1009 1
1277 0
444 1
3952 0
5367 1
1009 0
2157 1
444 0
2157 0
5367 0
1901 1
3228 0
5466 0
5465 1
1901 0
1213 1
1213 0
2318 1
5138 1
5465 0
5488 1
2955 1
2318 0
4036 1
4906 1
2956 1
2955 0
2956 0
2143 1
5138 0
802 1
4906 0
4030 1
4036 0
4066 1
5488 0
818 1
802 0
4031 1
4030 0
4067 1
4066 0
4069 1
34 1
34 0
2726 1
2726 0
4031 0
4067 0
4069 0
2143 0
2142 1
818 0
312 1
2142 0
3531 1
3504 1
3531 0
302 1
3504 0
312 0
5501 1
4650 1
5501 0
302 0
2148 1
5043 1
4650 0
853 1
2148 0
5043 0
2214 1
2214 0
806 1
853 0
3528 1
806 0
3521 1
3525 1
3515 1
3515 0
3521 0
3528 0
203 1
3526 1
3525 0
3520 1
3526 0
3520 0
203 0
