1750 1
2682 1
2700 1
2682 0
1750 0
5195 1
4416 1
2700 0
5193 1
5195 0
4416 0
3780 1
1721 1
5193 0
3780 0
4411 1
1721 0
4454 1
4412 1
4411 0
2167 1
4454 0
4413 1
4412 0
4413 0
3338 1
407 1
2167 0
3338 0
2779 1
5027 1
407 0
5027 0
2111 1
4913 1
896 1
945 1
945 0
2779 0
1572 1
1572 0
4913 0
2111 0
2712 1
896 0
2735 1
2712 0
950 1
3336 1
950 0
3336 0
4203 1
2735 0
5080 1
2589 1
4203 0
5214 1
5080 0
5421 1
5214 0
2589 0
4202 1
4200 1
4202 0
4200 0
1478 1
5421 0
3154 1
2847 1
3154 0
1478 0
2561 1
4810 1
2847 0
2561 0
2560 1
2560 0
2574 1
2574 0
2831 1
4814 1
2898 1
4270 1
5426 1
3783 1
4270 0
4820 1
4820 0
4814 0
4808 1
2898 0
3783 0
4821 1
4821 0
4805 1
691 1
4808 0
2886 1
2054 1
2054 0
5426 0
2887 1
2887 0
691 0
2477 1
2838 1
4810 0
1312 1
5357 1
2509 1
2509 0
2831 0
5357 0
2477 0
2622 1
2622 0
4805 0
4804 1
2838 0
2895 1
2924 1
2895 0
2886 0
643 1
2846 1
4804 0
95 1
643 0
95 0
2826 1
2924 0
2772 1
1312 0
571 1
2896 1
2772 0
2826 0
1007 1
2943 1
2846 0
3801 1
571 0
3368 1
2896 0
2943 0
2893 1
3353 1
2893 0
3367 1
3368 0
3366 1
3367 0
3365 1
3353 0
3365 0
3364 1
3364 0
3366 0
5248 1
3801 0
5061 1
1007 0
5062 1
5061 0
1525 1
554 1
1525 0
5248 0
4586 1
554 0
4098 1
4098 0
2548 1
2548 0
5062 0
1808 1
847 1
847 0
1808 0
2952 1
2962 1
2952 0
3232 1
4586 0
2949 1
2962 0
3062 1
3232 0
1127 1
2946 1
2946 0
2949 0
527 1
527 0
2147 1
2147 0
2950 1
2950 0
2982 1
2151 1
2151 0
3062 0
3630 1
3155 1
3155 0
5370 1
1127 0
5370 0
5336 1
4786 1
4745 1
5336 0
2497 1
3971 1
2982 0
3230 1
2981 1
2981 0
4786 0
2497 0
3630 0
3971 0
4746 1
4745 0
4746 0
1447 1
3162 1
3230 0
1446 1
1447 0
383 1
3878 1
3878 0
5222 1
1446 0
1442 1
5222 0
383 0
531 1
531 0
1442 0
1443 1
1443 0
370 1
1467 1
3162 0
370 0
3883 1
3883 0
2406 1
2983 1
1467 0
387 1
2406 0
469 1
2983 0
731 1
3217 1
731 0
727 1
5410 1
727 0
3215 1
2341 1
3215 0
2341 0
2335 1
2532 1
3217 0
726 1
726 0
2335 0
5188 1
5410 0
387 0
1192 1
2532 0
76 1
76 0
4907 1
5188 0
4849 1
3200 1
469 0
5141 1
4849 0
1192 0
2828 1
4907 0
4435 1
2828 0
1490 1
1473 1
4435 0
5141 0
1210 1
1210 0
4753 1
3200 0
330 1
1490 0
5451 1
5332 1
1473 0
5372 1
4753 0
197 1
5372 0
330 0
623 1
5451 0
1679 1
197 0
5371 1
5332 0
4877 1
3204 1
5371 0
1679 0
5236 1
3204 0
623 0
4752 1
5236 0
4012 1
4877 0
4752 0
2356 1
5020 1
4012 0
2356 0
5308 1
3572 1
5308 0
5021 1
5020 0
3572 0
3570 1
3914 1
3570 0
5021 0
2193 1
2193 0
2056 1
3914 0
1008 1
2056 0
4182 1
599 1
4182 0
403 1
599 0
1008 0
928 1
403 0
2058 1
4121 1
2365 1
1962 1
4352 1
4121 0
4704 1
4352 0
2365 0
2058 0
2107 1
4705 1
4704 0
4705 0
913 1
102 1
551 1
914 1
551 0
780 1
1084 1
780 0
914 0
913 0
102 0
1084 0
3805 1
3805 0
3343 1
4164 1
3343 0
3747 1
1962 0
3894 1
4164 0
3830 1
3894 0
4489 1
4415 1
3747 0
4300 1
4300 0
4301 1
4301 0
5018 1
3830 0
777 1
777 0
1208 1
4415 0
4489 0
1317 1
1208 0
1317 0
3020 1
2107 0
2104 1
5455 1
5018 0
5276 1
3020 0
540 1
928 0
5102 1
2104 0
540 0
1349 1
5455 0
1712 1
5005 1
1349 0
5102 0
2213 1
4020 1
1712 0
5276 0
5275 1
5275 0
3841 1
4607 1
4020 0
2213 0
3288 1
4137 1
3841 0
4608 1
4607 0
3288 0
4974 1
4136 1
4137 0
5005 0
1344 1
4608 0
4305 1
1344 0
2479 1
4136 0
942 1
4305 0
25 1
912 1
2479 0
2758 1
25 0
4974 0
1591 1
911 1
912 0
942 0
3842 1
911 0
4104 1
2758 0
4843 1
4520 1
3842 0
1277 1
4520 0
4104 0
2461 1
2461 0
3952 1
1591 0
5472 1
1277 0
1009 1
1009 0
5367 1
3927 1
3926 1
3952 0
3926 0
254 1
3927 0
5367 0
2436 1
254 0
2436 0
4843 0
1943 1
5465 1
5472 0
5138 1
5465 0
1942 1
1943 0
1942 0
1866 1
1866 0
974 1
3077 1
5138 0
974 0
678 1
4991 1
258 1
4991 0
4259 1
261 1
4259 0
4066 1
258 0
3945 1
261 0
678 0
127 1
1524 1
3077 0
4069 1
1339 1
1339 0
127 0
4066 0
4067 1
4069 0
4067 0
3945 0
4042 1
1524 0
873 1
873 0
2073 1
4042 0
312 1
302 1
2073 0
312 0
5501 1
302 0
2148 1
5501 0
4650 1
5043 1
4650 0
2148 0
366 1
5043 0
2214 1
4424 1
366 0
4424 0
5006 1
2214 0
806 1
3525 1
806 0
3528 1
5006 0
3526 1
3525 0
3520 1
3526 0
203 1
3528 0
203 0
3520 0
