7875 1
7876 1
7876 0
2596 1
2012 1
3693 1
3693 0
7875 0
2593 1
2596 0
2012 0
5733 1
2594 1
2593 0
5733 0
5736 1
2116 1
2594 0
5736 0
5735 1
2117 1
2116 0
4776 1
4745 1
227 1
227 0
4745 0
5735 0
4208 1
4208 0
6341 1
6341 0
7188 1
6340 1
6340 0
6339 1
6339 0
2117 0
4776 0
360 1
6784 1
360 0
7188 0
7154 1
750 1
7154 0
6784 0
7229 1
7229 0
5864 1
751 1
750 0
4285 1
751 0
1124 1
1124 0
7836 1
6452 1
5864 0
5865 1
5865 0
6452 0
7835 1
7836 0
336 1
4285 0
1130 1
7835 0
4287 1
336 0
4736 1
4276 1
5352 1
5352 0
4280 1
4279 1
4279 0
1130 0
4736 0
4276 0
4287 0
4203 1
4280 0
4274 1
4203 0
3442 1
4274 0
4272 1
4170 1
3442 0
4272 0
2220 1
2220 0
4228 1
2059 1
2058 1
2059 0
4170 0
4171 1
4171 0
4283 1
4283 0
4301 1
4301 0
4253 1
4228 0
4253 0
7771 1
2018 1
2058 0
7771 0
6241 1
3160 1
2018 0
4278 1
6241 0
2222 1
4278 0
2222 0
4236 1
5759 1
3160 0
4265 1
4236 0
5759 0
2031 1
2392 1
2031 0
2044 1
4265 0
2044 0
4261 1
3570 1
2392 0
4262 1
4261 0
4262 0
112 1
3570 0
3569 1
1271 1
3569 0
6792 1
1135 1
1135 0
112 0
1271 0
434 1
434 0
2403 1
6793 1
6792 0
2402 1
2403 0
4248 1
6793 0
4248 0
617 1
617 0
6795 1
2402 0
2409 1
2408 1
2409 0
1886 1
1560 1
6795 0
1830 1
1830 0
5167 1
1886 0
2437 1
1560 0
1559 1
5166 1
5143 1
5143 0
5166 0
358 1
5167 0
1559 0
2240 1
2437 0
2239 1
2379 1
2408 0
2438 1
2438 0
2240 0
2239 0
130 1
358 0
130 0
289 1
2440 1
2379 0
289 0
213 1
2440 0
2441 1
2441 0
213 0
