4173 1
4173 0
2716 1
5216 1
4185 1
4185 0
3445 1
3445 0
2716 0
4165 1
3784 1
5216 0
4114 1
3784 0
654 1
4165 0
10 1
4114 0
654 0
5048 1
4589 1
10 0
2834 1
5048 0
484 1
4589 0
484 0
2476 1
5046 1
2834 0
2698 1
2476 0
5046 0
4167 1
4911 1
2698 0
4167 0
4168 1
5373 1
4911 0
5373 0
4615 1
4168 0
3648 1
4615 0
4445 1
2717 1
3648 0
4445 0
2632 1
2632 0
4201 1
4201 0
1250 1
2717 0
2794 1
2542 1
1250 0
2549 1
2542 0
4087 1
2549 0
3029 1
2794 0
4087 0
3806 1
2535 1
3806 0
2534 1
2535 0
5421 1
3029 0
5421 0
3154 1
3154 0
3355 1
2534 0
311 1
311 0
2531 1
3804 1
2531 0
576 1
3355 0
2538 1
3804 0
2537 1
2538 0
2300 1
380 1
799 1
3789 1
5387 1
169 1
5387 0
1738 1
1738 0
2300 0
799 0
380 0
169 0
230 1
576 0
2812 1
285 1
230 0
2792 1
3789 0
681 1
680 1
3149 1
285 0
2536 1
2537 0
2842 1
2842 0
2278 1
2278 0
680 0
681 0
5476 1
3149 0
2812 0
1485 1
577 1
2536 0
5476 0
2500 1
1485 0
3063 1
3888 1
2792 0
3351 1
3888 0
3063 0
3363 1
3351 0
2769 1
3362 1
3363 0
2500 0
5064 1
3349 1
2769 0
3362 0
3349 0
578 1
577 0
5190 1
5064 0
3809 1
578 0
2888 1
5190 0
2711 1
2888 0
2940 1
2711 0
3809 0
3810 1
3810 0
253 1
1142 1
253 0
2940 0
2547 1
1142 0
2595 1
2547 0
2953 1
2953 0
1449 1
2595 0
4966 1
4966 0
5460 1
1449 0
2350 1
2350 0
1599 1
2959 1
1599 0
5460 0
3164 1
3064 1
2959 0
4342 1
3164 0
3822 1
3064 0
620 1
4342 0
2043 1
3822 0
620 0
703 1
2043 0
1453 1
555 1
1453 0
555 0
117 1
117 0
1028 1
1101 1
1028 0
1502 1
1101 0
703 0
3142 1
3142 0
866 1
4715 1
1502 0
1223 1
4715 0
3218 1
3222 1
3218 0
3221 1
3136 1
3222 0
3221 0
3223 1
3136 0
3151 1
3223 0
3025 1
866 0
865 1
3167 1
3151 0
3800 1
3167 0
3025 0
3870 1
4516 1
865 0
3800 0
3226 1
4714 1
5477 1
4714 0
3870 0
4110 1
1761 1
1761 0
1223 0
1470 1
1575 1
1470 0
4516 0
5281 1
3226 0
379 1
3145 1
379 0
1427 1
5281 0
4110 0
3046 1
5477 0
1427 0
4580 1
3046 0
4576 1
3621 1
3145 0
5428 1
4580 0
4577 1
3621 0
4577 0
5428 0
4938 1
4576 0
757 1
1575 0
757 0
548 1
1405 1
548 0
4938 0
3171 1
3171 0
100 1
1405 0
465 1
791 1
100 0
1936 1
465 0
5231 1
791 0
1936 0
1477 1
3872 1
5231 0
3872 0
4456 1
3040 1
1477 0
4456 0
431 1
329 1
4002 1
4234 1
4234 0
3040 0
1746 1
1329 1
1324 1
1324 0
1746 0
4002 0
4001 1
467 1
329 0
467 0
1330 1
1966 1
2080 1
1966 0
1980 1
1980 0
431 0
1330 0
287 1
2039 1
287 0
2168 1
5265 1
2189 1
2189 0
2038 1
2039 0
4189 1
4001 0
2097 1
2080 0
4189 0
5212 1
2068 1
2038 0
2096 1
5212 0
2108 1
2096 0
860 1
860 0
5265 0
859 1
2169 1
2168 0
2169 0
2108 0
2068 0
635 1
1329 0
4249 1
859 0
3544 1
1971 1
635 0
1857 1
3544 0
2091 1
2097 0
4249 0
1555 1
1971 0
2072 1
3113 1
1857 0
1554 1
1555 0
3112 1
3113 0
1523 1
2072 0
3112 0
418 1
5497 1
1523 0
426 1
2091 0
5497 0
659 1
2130 1
418 0
2451 1
5116 1
5116 0
5279 1
426 0
2452 1
2130 0
5278 1
5279 0
2452 0
1554 0
5225 1
4498 1
4497 1
4498 0
1060 1
1334 1
4701 1
5278 0
2173 1
1054 1
4497 0
1060 0
2894 1
1054 0
1334 0
1099 1
659 0
1378 1
5225 0
1023 1
4701 0
2894 0
1091 1
2173 0
4149 1
1091 0
1089 1
1089 0
218 1
2125 1
4149 0
1099 0
5464 1
218 0
1090 1
1090 0
597 1
2451 0
2185 1
5290 1
597 0
2281 1
5464 0
4532 1
5290 0
4713 1
4596 1
2125 0
2185 0
2184 1
4713 0
1315 1
507 1
507 0
919 1
949 1
1023 0
5502 1
919 0
5502 0
3610 1
2184 0
3610 0
5103 1
4151 1
2002 1
2281 0
2002 0
4151 0
4596 0
4532 0
636 1
4278 1
5103 0
5182 1
636 0
2127 1
4278 0
1315 0
2127 0
3948 1
5182 0
2296 1
2295 1
2296 0
2295 0
5004 1
3928 1
5004 0
457 1
1378 0
1305 1
2187 1
2187 0
2600 1
2600 0
3948 0
3542 1
3949 1
3543 1
4384 1
457 0
4092 1
4384 0
1280 1
1280 0
3928 0
3915 1
3543 0
3949 0
949 0
1202 1
4092 0
3915 0
3252 1
1338 1
1202 0
1305 0
1255 1
3542 0
3768 1
4566 1
3252 0
3768 0
246 1
3917 1
4566 0
1255 0
1346 1
1338 0
3118 1
4619 1
246 0
1346 0
1347 1
3118 0
318 1
32 1
1347 0
1958 1
4619 0
3917 0
3925 1
318 0
1274 1
32 0
31 1
1958 0
4515 1
99 1
1274 0
4515 0
1516 1
924 1
99 0
924 0
31 0
833 1
3925 0
3539 1
3539 0
1491 1
1515 1
1515 0
2180 1
1516 0
425 1
1491 0
1203 1
833 0
425 0
2836 1
1203 0
2180 0
3340 1
2140 1
2836 0
2140 0
3932 1
4055 1
3932 0
2385 1
3340 0
4054 1
4055 0
2385 0
3433 1
4054 0
4363 1
3433 0
872 1
4065 1
3916 1
4065 0
4198 1
3916 0
4198 0
4363 0
4053 1
4053 0
4057 1
872 0
3536 1
4056 1
4057 0
67 1
4056 0
67 0
908 1
5277 1
908 0
5277 0
2681 1
4089 1
2681 0
4724 1
4089 0
3536 0
3518 1
266 1
4724 0
3518 0
3535 1
2386 1
3535 0
266 0
35 1
2386 0
111 1
4790 1
35 0
111 0
4406 1
2373 1
4406 0
4969 1
2373 0
3523 1
4790 0
3524 1
3523 0
5117 1
3524 0
4969 0
4455 1
2862 1
4455 0
3597 1
2862 0
5117 0
322 1
2492 1
3597 0
2492 0
4725 1
3414 1
322 0
3414 0
4725 0
