1476 1
1475 1
2782 1
1475 0
4419 1
2782 0
1476 0
4552 1
4419 0
4418 1
4418 0
4420 1
5448 1
4552 0
2569 1
4420 0
5448 0
2254 1
2254 0
5085 1
2569 0
278 1
5296 1
5085 0
278 0
277 1
2762 1
277 0
5296 0
416 1
416 0
3328 1
1719 1
2762 0
2577 1
4210 1
3453 1
2577 0
3328 0
5001 1
5001 0
150 1
5002 1
5002 0
3453 0
1719 0
358 1
4210 0
5066 1
2899 1
149 1
149 0
150 0
2914 1
358 0
5066 0
3347 1
2914 0
2899 0
2696 1
3347 0
2864 1
909 1
2696 0
5270 1
3212 1
5270 0
1438 1
2854 1
4837 1
4837 0
3212 0
3213 1
3213 0
4768 1
4838 1
4768 0
116 1
4838 0
2864 0
2916 1
4216 1
2854 0
4216 0
2746 1
2746 0
4215 1
1438 0
910 1
909 0
2908 1
3264 1
2558 1
2849 1
116 0
2558 0
664 1
2849 0
420 1
420 0
1743 1
1743 0
3264 0
4214 1
4900 1
910 0
4900 0
4215 0
4214 0
2908 0
2809 1
2916 0
2809 0
2919 1
3187 1
664 0
1488 1
2919 0
3187 0
5419 1
5150 1
1488 0
5150 0
5151 1
5419 0
2837 1
5151 0
2650 1
3354 1
2837 0
2650 0
1079 1
2863 1
2863 0
1596 1
1595 1
2844 1
3354 0
1595 0
193 1
1596 0
1079 0
1078 1
1078 0
2844 0
4328 1
4957 1
193 0
4328 0
4957 0
4666 1
4741 1
4741 0
2804 1
1097 1
130 1
130 0
4666 0
2804 0
2671 1
1097 0
1482 1
1275 1
2671 0
1482 0
545 1
4317 1
545 0
1276 1
1275 0
1276 0
5392 1
382 1
4317 0
5392 0
405 1
382 0
3786 1
405 0
4862 1
4862 0
840 1
2591 1
2590 1
2591 0
567 1
2590 0
1357 1
3277 1
567 0
1357 0
5418 1
4847 1
3277 0
3786 0
3138 1
1913 1
1913 0
539 1
539 0
3587 1
840 0
3811 1
5418 0
646 1
3893 1
3138 0
3587 0
1853 1
4847 0
4093 1
4093 0
2484 1
3811 0
5120 1
5120 0
2475 1
2475 0
3893 0
4123 1
646 0
3186 1
3186 0
4918 1
2765 1
4123 0
4918 0
3191 1
4058 1
1853 0
2765 0
2766 1
905 1
2484 0
2766 0
4679 1
676 1
905 0
1086 1
4058 0
2905 1
3191 0
838 1
838 0
954 1
954 0
5238 1
670 1
4679 0
2905 0
676 0
378 1
670 0
529 1
2013 1
378 0
1086 0
3837 1
3837 0
546 1
5238 0
751 1
730 1
546 0
2013 0
2012 1
529 0
52 1
751 0
759 1
2523 1
2012 0
730 0
773 1
932 1
773 0
148 1
2523 0
932 0
920 1
759 0
1289 1
920 0
222 1
222 0
221 1
550 1
104 1
104 0
148 0
2209 1
1289 0
778 1
2209 0
504 1
221 0
52 0
1415 1
504 0
503 1
848 1
550 0
4298 1
778 0
503 0
926 1
848 0
2123 1
4509 1
4298 0
2123 0
2099 1
925 1
926 0
2625 1
925 0
4302 1
4302 0
3409 1
3409 0
23 1
4324 1
4324 0
4509 0
4722 1
2625 0
4738 1
1415 0
2099 0
2118 1
4722 0
3966 1
2304 1
3966 0
2117 1
2171 1
2172 1
2170 1
2170 0
2118 0
549 1
549 0
2171 0
1325 1
2304 0
2117 0
23 0
2257 1
2994 1
1325 0
2257 0
2163 1
4738 0
4702 1
4314 1
2163 0
2172 0
2075 1
2993 1
2994 0
2075 0
883 1
4144 1
4314 0
36 1
883 0
2993 0
836 1
4305 1
25 1
25 0
4034 1
4144 0
2988 1
4304 1
4304 0
4305 0
695 1
695 0
4702 0
797 1
797 0
801 1
801 0
2969 1
836 0
506 1
831 1
506 0
4853 1
831 0
2969 0
2968 1
36 0
2165 1
4029 1
4029 0
4034 0
4045 1
4045 0
196 1
2988 0
3287 1
2968 0
327 1
2165 0
741 1
4853 0
472 1
741 0
3880 1
3287 0
472 0
1298 1
3432 1
3880 0
1298 0
2418 1
3432 0
5113 1
1278 1
5113 0
5143 1
2418 0
2046 1
1278 0
2046 0
5143 0
196 0
1211 1
4372 1
1211 0
4134 1
4133 1
4050 1
878 1
3253 1
3253 0
892 1
892 0
4051 1
4051 0
4133 0
4050 0
894 1
3507 1
894 0
1387 1
5019 1
40 1
40 0
5019 0
4134 0
4372 0
259 1
789 1
3507 0
789 0
3499 1
3499 0
3501 1
325 1
792 1
792 0
327 0
4490 1
325 0
878 0
4313 1
2966 1
259 0
3501 0
877 1
4313 0
34 1
2966 0
2726 1
4028 1
2726 0
34 0
877 0
4028 0
1387 0
2798 1
3086 1
4490 0
3512 1
3086 0
888 1
867 1
2798 0
867 0
3509 1
3512 0
3509 0
888 0
