1475 1
3940 1
3940 0
759 1
4365 1
4366 1
1475 0
4365 0
1394 1
759 0
4366 0
4088 1
3930 1
736 1
736 0
3930 0
6607 1
1394 0
6751 1
6607 0
3639 1
2590 1
2590 0
4088 0
6751 0
6752 1
3942 1
3639 0
746 1
3942 0
3575 1
6752 0
746 0
745 1
3575 0
2075 1
3938 1
745 0
3938 0
1120 1
2076 1
2075 0
3558 1
2076 0
1120 0
7427 1
3558 0
6133 1
6425 1
7427 0
6133 0
3422 1
3422 0
3421 1
6425 0
6426 1
3421 0
1177 1
4494 1
6426 0
1177 0
6129 1
4494 0
1507 1
1412 1
6129 0
3711 1
1507 0
2727 1
1412 0
2727 0
2726 1
4388 1
3711 0
4721 1
5411 1
4721 0
2726 0
7295 1
7296 1
7296 0
5411 0
4372 1
4373 1
4372 0
3650 1
3568 1
4388 0
7374 1
7374 0
3650 0
795 1
7295 0
4373 0
6046 1
7170 1
6542 1
7170 0
3568 0
1684 1
1684 0
6046 0
2414 1
2414 0
829 1
829 0
6925 1
795 0
4090 1
4090 0
6541 1
6542 0
2196 1
591 1
1366 1
1389 1
1304 1
1305 1
1304 0
1305 0
591 0
6541 0
6539 1
2196 0
5654 1
5654 0
1389 0
7909 1
7908 1
7908 0
1365 1
1366 0
301 1
1365 0
301 0
1933 1
7906 1
7909 0
6539 0
7843 1
6925 0
4371 1
7843 0
6267 1
1933 0
7563 1
7907 1
7906 0
862 1
4371 0
7564 1
7563 0
6267 0
6266 1
3269 1
7564 0
7581 1
7907 0
3269 0
3270 1
4325 1
6266 0
6334 1
862 0
4325 0
6128 1
7751 1
7581 0
277 1
7751 0
278 1
277 0
3295 1
6128 0
3270 0
4320 1
4320 0
7303 1
5588 1
6334 0
3295 0
7311 1
622 1
7311 0
7901 1
278 0
3756 1
622 0
7303 0
7179 1
7901 0
2190 1
7282 1
2190 0
6064 1
5588 0
3756 0
6883 1
7179 0
4436 1
6881 1
6883 0
7357 1
7359 1
7359 0
6881 0
5035 1
4653 1
5035 0
7282 0
7358 1
735 1
7358 0
4653 0
7357 0
735 0
4436 0
3271 1
6911 1
3271 0
6911 0
752 1
752 0
4711 1
4711 0
5618 1
5618 0
2365 1
4447 1
2365 0
5642 1
4447 0
6064 0
6401 1
4443 1
5642 0
4596 1
4443 0
4596 0
4595 1
4595 0
4574 1
6401 0
974 1
4574 0
4439 1
974 0
1041 1
4577 1
4439 0
3296 1
4584 1
4577 0
3296 0
4583 1
4584 0
2864 1
1041 0
4575 1
4583 0
4575 0
6850 1
6850 0
4136 1
7847 1
2864 0
1449 1
4136 0
1448 1
1449 0
7847 0
927 1
7454 1
863 1
7454 0
7063 1
4012 1
4012 0
887 1
4018 1
1448 0
366 1
864 1
366 0
2680 1
863 0
3047 1
297 1
3047 0
2680 0
927 0
1692 1
864 0
887 0
4018 0
3874 1
7063 0
2850 1
5861 1
2850 0
2756 1
297 0
2756 0
2757 1
3874 0
3875 1
6937 1
5861 0
5860 1
4112 1
3875 0
6936 1
913 1
4112 0
2757 0
6934 1
218 1
218 0
217 1
217 0
6937 0
6936 0
5860 0
3826 1
1080 1
3826 0
6370 1
1080 0
5983 1
1692 0
6934 0
2899 1
6370 0
7401 1
4011 1
2899 0
2067 1
259 1
259 0
5114 1
6921 1
913 0
5114 0
2067 0
7401 0
5113 1
5113 0
3996 1
6920 1
6921 0
384 1
5983 0
4011 0
834 1
5359 1
3996 0
834 0
1695 1
5359 0
5357 1
2868 1
384 0
2818 1
3818 1
6922 1
6922 0
6920 0
7531 1
2818 0
5357 0
2002 1
1696 1
1695 0
5377 1
2002 0
3172 1
1696 0
3795 1
3795 0
391 1
3818 0
6718 1
3172 0
7531 0
7530 1
7530 0
1144 1
5377 0
284 1
1144 0
1885 1
391 0
2868 0
1528 1
3642 1
6718 0
6913 1
1885 0
3677 1
4147 1
4147 0
6913 0
284 0
1363 1
3825 1
3825 0
5650 1
5650 0
3677 0
3803 1
1528 0
1635 1
3803 0
3387 1
1363 0
6851 1
3642 0
3819 1
4933 1
6851 0
3387 0
3388 1
5429 1
1635 0
6855 1
4933 0
7227 1
3388 0
7227 0
7226 1
2815 1
7606 1
2814 1
481 1
6855 0
481 0
1569 1
1569 0
2217 1
2217 0
7226 0
2814 0
2815 0
7606 0
3819 0
5258 1
5258 0
5373 1
5373 0
5216 1
5432 1
5429 0
3305 1
5432 0
369 1
5216 0
4140 1
3305 0
2201 1
4140 0
369 0
7689 1
7689 0
7690 1
5396 1
7690 0
3612 1
2201 0
4919 1
5396 0
3612 0
548 1
4919 0
7712 1
548 0
6356 1
2588 1
7712 0
6356 0
7299 1
2589 1
2588 0
7299 0
3576 1
2589 0
1154 1
3577 1
3576 0
3577 0
1221 1
1154 0
4003 1
4146 1
1221 0
4145 1
4146 0
1212 1
4145 0
1054 1
1212 0
4003 0
6041 1
3567 1
1054 0
1276 1
6041 0
3567 0
3566 1
3566 0
3574 1
1276 0
1289 1
247 1
3574 0
1289 0
2539 1
247 0
973 1
972 1
973 0
2540 1
2539 0
2540 0
3552 1
7764 1
972 0
7764 0
7765 1
4806 1
3553 1
3552 0
4804 1
3553 0
169 1
4806 0
1548 1
7765 0
169 0
1548 0
6843 1
4805 1
4804 0
6307 1
6843 0
6306 1
6307 0
4805 0
993 1
6306 0
6844 1
994 1
993 0
6844 0
4153 1
4153 0
149 1
1700 1
2731 1
2731 0
3457 1
994 0
3457 0
1676 1
1700 0
1677 1
4150 1
149 0
1677 0
4150 0
4158 1
4156 1
4158 0
4155 1
4156 0
3415 1
4155 0
3452 1
1676 0
3415 0
238 1
3452 0
3451 1
3425 1
238 0
3436 1
3451 0
3426 1
3425 0
3436 0
3435 1
3426 0
1436 1
1148 1
5491 1
1436 0
5491 0
1148 0
3435 0
