1749 1
4417 1
4416 1
4417 0
1749 0
1750 1
1750 0
5195 1
5195 0
5193 1
3780 1
4416 0
2426 1
5193 0
4240 1
3780 0
2691 1
2426 0
4240 0
1534 1
3978 1
1534 0
407 1
2691 0
3978 0
2872 1
5027 1
407 0
945 1
2872 0
5027 0
2693 1
945 0
1572 1
5031 1
2693 0
950 1
5031 0
896 1
1572 0
3336 1
950 0
2735 1
896 0
3336 0
4203 1
4203 0
2589 1
5080 1
2735 0
2589 0
4202 1
5214 1
5080 0
4202 0
4200 1
4200 0
5065 1
2914 1
5214 0
3347 1
2914 0
5065 0
2560 1
2847 1
3347 0
2560 0
2574 1
4810 1
2847 0
4810 0
2838 1
4820 1
4270 1
2574 0
2831 1
4270 0
5426 1
3783 1
4820 0
4821 1
3783 0
5357 1
2831 0
5426 0
2054 1
267 1
4822 1
4821 0
4812 1
267 0
4812 0
4805 1
4822 0
2887 1
2054 0
5357 0
2509 1
2895 1
2838 0
5246 1
2887 0
2924 1
2895 0
4106 1
2509 0
4661 1
5246 0
2924 0
2772 1
4805 0
4804 1
4106 0
4107 1
4804 0
2846 1
2943 1
2846 0
2943 0
1129 1
2896 1
2772 0
4107 0
2951 1
1129 0
5339 1
4661 0
1007 1
2896 0
3368 1
2893 1
5339 0
3368 0
3367 1
3367 0
3366 1
3353 1
2893 0
2548 1
2951 0
3353 0
3365 1
5061 1
1007 0
3365 0
3364 1
3364 0
3366 0
5061 0
5062 1
5062 0
1464 1
2548 0
1525 1
1525 0
4098 1
1464 0
1512 1
2952 1
1512 0
2945 1
115 1
2945 0
115 0
4989 1
2952 0
2962 1
4990 1
2962 0
554 1
4096 1
4096 0
5015 1
4102 1
4099 1
4099 0
4098 0
554 0
3992 1
528 1
5479 1
4989 0
1742 1
5016 1
5016 0
528 0
4990 0
3647 1
978 1
2480 1
978 0
3992 0
645 1
4102 0
1742 0
5015 0
5479 0
4335 1
2480 0
344 1
4995 1
1353 1
4335 0
3647 0
1353 0
5331 1
1945 1
1945 0
3234 1
3234 0
645 0
344 0
5330 1
953 1
4995 0
953 0
2722 1
5398 1
3868 1
5331 0
3868 0
3188 1
2722 0
5398 0
4795 1
4795 0
3383 1
1995 1
5330 0
3383 0
4345 1
4345 0
1995 0
1025 1
816 1
817 1
1465 1
1025 0
600 1
600 0
3188 0
3244 1
1465 0
4982 1
816 0
5223 1
4982 0
5222 1
5223 0
5222 0
3878 1
4508 1
3878 0
4508 0
4920 1
1437 1
4920 0
3189 1
1437 0
1431 1
1431 0
386 1
754 1
3244 0
3199 1
3199 0
817 0
3189 0
837 1
754 0
3217 1
731 1
727 1
731 0
3217 0
726 1
5410 1
727 0
5188 1
5410 0
726 0
2532 1
5188 0
4849 1
2827 1
386 0
2532 0
76 1
837 0
814 1
2828 1
2827 0
76 0
4907 1
5141 1
4849 0
4907 0
4435 1
3160 1
814 0
1210 1
5141 0
1490 1
2828 0
4435 0
1473 1
4753 1
1210 0
5110 1
1490 0
1473 0
5332 1
5076 1
5110 0
3160 0
3205 1
4877 1
5332 0
4753 0
3202 1
5076 0
5077 1
3202 0
5268 1
5077 0
5109 1
5268 0
1251 1
4876 1
4877 0
2266 1
5109 0
1251 0
1377 1
2051 1
4876 0
2266 0
3572 1
3201 1
3205 0
2194 1
1377 0
2051 0
5020 1
4244 1
2194 0
5020 0
5021 1
3083 1
3572 0
3570 1
3083 0
5022 1
5021 0
3914 1
3570 0
3132 1
4244 0
3206 1
3206 0
3201 0
3209 1
3132 0
3209 0
3914 0
1008 1
2041 1
5022 0
4309 1
4326 1
4310 1
4326 0
2041 0
4011 1
5470 1
5470 0
3207 1
4296 1
3101 1
4296 0
4310 0
4122 1
3207 0
3101 0
4309 0
835 1
4011 0
2024 1
4122 0
4121 1
4704 1
4121 0
834 1
835 0
4704 0
4705 1
1008 0
928 1
4301 1
834 0
4705 0
985 1
3389 1
985 0
2114 1
2024 0
914 1
3389 0
4301 0
4300 1
1084 1
780 1
780 0
914 0
2114 0
904 1
3805 1
1084 0
50 1
3805 0
5252 1
50 0
3022 1
5252 0
3022 0
2740 1
5018 1
4300 0
1318 1
2740 0
1318 0
3021 1
904 0
2107 1
5018 0
5455 1
3020 1
3021 0
928 0
4738 1
5276 1
3020 0
2104 1
2107 0
2104 0
5102 1
2213 1
5102 0
5276 0
5275 1
4702 1
4738 0
1712 1
5455 0
2098 1
2213 0
2200 1
4702 0
4608 1
4607 1
4608 0
4305 1
695 1
917 1
917 0
1712 0
695 0
4020 1
4607 0
5169 1
2098 0
4020 0
3841 1
5275 0
3841 0
4137 1
4137 0
3833 1
2025 1
2200 0
25 1
4305 0
2025 0
5289 1
3833 0
313 1
313 0
994 1
994 0
3842 1
5288 1
5289 0
4104 1
5288 0
2758 1
25 0
4974 1
3842 0
4520 1
4104 0
2461 1
1591 1
4974 0
4520 0
1277 1
3952 1
2461 0
1591 0
5472 1
1961 1
1961 0
5466 1
5169 0
4707 1
4707 0
5465 1
5466 0
5472 0
1277 0
1009 1
3228 1
2758 0
444 1
3952 0
1009 0
5367 1
444 0
2157 1
2157 0
5367 0
3228 0
1901 1
1901 0
1213 1
2318 1
1213 0
5465 0
5138 1
2955 1
5488 1
4036 1
2318 0
2956 1
4906 1
2956 0
2955 0
4036 0
4030 1
4906 0
802 1
5488 0
4066 1
5138 0
2143 1
4031 1
4030 0
802 0
818 1
4069 1
4031 0
4066 0
4067 1
4067 0
4069 0
2143 0
2142 1
818 0
312 1
873 1
2073 1
3504 1
3504 0
3531 1
3531 0
302 1
2142 0
2073 0
873 0
5501 1
312 0
5501 0
4650 1
2148 1
302 0
5043 1
4650 0
2148 0
853 1
5043 0
2214 1
2214 0
806 1
853 0
3528 1
3525 1
806 0
203 1
3528 0
3526 1
3525 0
3520 1
3526 0
3520 0
203 0
