2795 1
2564 1
5481 1
3023 1
5481 0
5257 1
5482 1
5482 0
2564 0
5257 0
5483 1
2795 0
5295 1
5483 0
2250 1
1818 1
3023 0
518 1
5295 0
1818 0
518 0
4708 1
4708 0
5300 1
5504 1
2250 0
4984 1
5504 0
5300 0
2554 1
4984 0
4985 1
2554 0
2553 1
2553 0
4622 1
4622 0
4558 1
4557 1
4557 0
1753 1
4985 0
5007 1
4558 0
5007 0
4195 1
1753 0
5297 1
2270 1
4195 0
3399 1
3400 1
5297 0
956 1
2615 1
3399 0
5032 1
2270 0
5219 1
5032 0
580 1
3400 0
2615 0
2616 1
2616 0
2614 1
5127 1
580 0
5219 0
2690 1
4501 1
5127 0
2440 1
2690 0
4727 1
2614 0
2697 1
4727 0
2715 1
927 1
956 0
2788 1
2788 0
3042 1
3042 0
4283 1
2715 0
2610 1
4501 0
2697 0
2588 1
3555 1
4917 1
4917 0
3390 1
1455 1
3679 1
3679 0
3390 0
2440 0
3555 0
3014 1
4833 1
3014 0
2588 0
1455 0
4779 1
4779 0
4833 0
4283 0
2790 1
3356 1
3359 1
2302 1
3359 0
927 0
1828 1
1828 0
3356 0
2302 0
1368 1
211 1
2610 0
2581 1
737 1
1368 0
2790 0
211 0
737 0
2755 1
2581 0
2608 1
2773 1
2755 0
2773 0
2829 1
2725 1
2829 0
2608 0
237 1
4169 1
2725 0
2624 1
237 0
2624 0
2605 1
4169 0
2636 1
2750 1
2636 0
2628 1
2605 0
2750 0
2751 1
1509 1
2751 0
4934 1
1509 0
2629 1
2628 0
5342 1
4934 0
2629 0
2602 1
2602 0
1175 1
5183 1
5342 0
2462 1
5183 0
2985 1
1175 0
4537 1
2985 0
2462 0
4750 1
4537 0
581 1
591 1
4648 1
4585 1
4585 0
4750 0
2679 1
2679 0
591 0
5204 1
5204 0
581 0
5431 1
5430 1
5431 0
5430 0
5429 1
3628 1
5429 0
4648 0
4652 1
3460 1
4652 0
3628 0
1472 1
1472 0
3159 1
3460 0
1764 1
3156 1
3159 0
2292 1
1764 0
3156 0
3150 1
3126 1
3150 0
2292 0
2759 1
5363 1
2759 0
5363 0
4264 1
3126 0
3111 1
5319 1
2042 1
5319 0
993 1
1128 1
2042 0
1128 0
2409 1
993 0
3177 1
3167 1
3177 0
2047 1
2409 0
3800 1
3167 0
3800 0
3226 1
3226 0
3227 1
626 1
3111 0
3620 1
2047 0
626 0
335 1
335 0
3134 1
3134 0
638 1
3620 0
371 1
4265 1
4264 0
3227 0
986 1
603 1
371 0
986 0
3125 1
3165 1
638 0
3137 1
3125 0
4265 0
1397 1
3146 1
3165 0
3137 0
3146 0
603 0
284 1
3626 1
1397 0
3633 1
284 0
3626 0
748 1
3633 0
5025 1
5026 1
5025 0
1052 1
748 0
5026 0
4513 1
5233 1
4513 0
5233 0
4426 1
1053 1
4426 0
4425 1
1843 1
1843 0
1564 1
1052 0
1053 0
4425 0
1433 1
1433 0
5092 1
1564 0
1851 1
5108 1
2198 1
2197 1
2197 0
1143 1
1143 0
5091 1
5091 0
5092 0
5093 1
5108 0
5093 0
1851 0
417 1
2198 0
4466 1
4163 1
417 0
4466 0
2582 1
1004 1
2582 0
1059 1
4163 0
1004 0
1553 1
1426 1
1059 0
1426 0
2320 1
3497 1
1553 0
3497 0
4502 1
1393 1
2320 0
1393 0
1479 1
715 1
4502 0
2816 1
715 0
4711 1
4734 1
1479 0
1480 1
1480 0
3740 1
3740 0
1055 1
1055 0
1166 1
4711 0
1166 0
2816 0
5186 1
807 1
5186 0
4734 0
2784 1
900 1
2784 0
315 1
2785 1
2575 1
2575 0
2785 0
787 1
807 0
900 0
5217 1
787 0
315 0
362 1
5218 1
5217 0
3918 1
4998 1
1768 1
1768 0
938 1
938 0
362 0
5135 1
3918 0
4998 0
4175 1
5135 0
2181 1
5218 0
2761 1
4175 0
2181 0
4274 1
2761 0
2760 1
4367 1
2760 0
940 1
940 0
4384 1
4384 0
457 1
457 0
4369 1
4367 0
4595 1
4274 0
4369 0
3922 1
4595 0
4289 1
4496 1
4289 0
3922 0
3919 1
3852 1
3919 0
4496 0
4290 1
4290 0
1655 1
2753 1
1655 0
2753 0
609 1
1235 1
3852 0
1234 1
1235 0
1234 0
3933 1
359 1
609 0
3933 0
2132 1
2132 0
13 1
359 0
2922 1
4025 1
13 0
3430 1
2922 0
4074 1
4025 0
4068 1
4074 0
1422 1
3430 0
4656 1
4068 0
5041 1
4656 0
2793 1
5041 0
2489 1
1422 0
213 1
2793 0
4787 1
2489 0
70 1
213 0
4728 1
4787 0
70 0
71 1
4728 0
1493 1
71 0
4667 1
4667 0
9 1
69 1
2944 1
4162 1
4162 0
1350 1
9 0
1350 0
4284 1
2944 0
69 0
1493 0
3614 1
706 1
3614 0
706 0
4070 1
4285 1
4284 0
3944 1
4070 0
4285 0
1256 1
4404 1
3944 0
1907 1
4404 0
2243 1
1737 1
1256 0
4484 1
4484 0
1737 0
851 1
2243 0
264 1
264 0
1907 0
988 1
3722 1
988 0
3943 1
3722 0
263 1
3943 0
4022 1
851 0
96 1
4022 0
263 0
96 0
