3048 1
2782 1
4550 1
3048 0
4419 1
2782 0
4418 1
4419 0
4552 1
4550 0
4418 0
4420 1
4552 0
5448 1
4420 0
2569 1
2254 1
5448 0
5085 1
5309 1
5310 1
2254 0
5310 0
278 1
2569 0
278 0
277 1
5085 0
5296 1
416 1
4555 1
4872 1
4555 0
1947 1
5309 0
4872 0
416 0
5296 0
2762 1
277 0
1947 0
1946 1
1946 0
5001 1
1719 1
2762 0
5002 1
5001 0
358 1
1719 0
150 1
4112 1
4112 0
5002 0
275 1
275 0
2882 1
149 1
150 0
149 0
2881 1
2882 0
2881 0
2857 1
2914 1
358 0
910 1
4900 1
5250 1
4214 1
5250 0
4900 0
4214 0
2857 0
2856 1
3347 1
2914 0
910 0
4768 1
2856 0
4768 0
3213 1
2864 1
3347 0
3213 0
2843 1
2843 0
2558 1
2858 1
2858 0
4838 1
4838 0
116 1
116 0
2916 1
2864 0
2849 1
2558 0
420 1
2849 0
420 0
664 1
2809 1
2916 0
2919 1
2809 0
1488 1
2919 0
3187 1
664 0
5150 1
1488 0
5419 1
3187 0
2837 1
5419 0
5150 0
5151 1
2650 1
5151 0
2863 1
2650 0
2837 0
3354 1
1079 1
2863 0
2844 1
3354 0
2844 0
1078 1
1079 0
1078 0
1389 1
1504 1
1097 1
1504 0
1389 0
2804 1
2804 0
2671 1
2671 0
1275 1
1097 0
1482 1
2925 1
1482 0
4863 1
1275 0
2925 0
49 1
4863 0
722 1
722 0
2346 1
405 1
2346 0
4317 1
3786 1
382 1
4317 0
3848 1
3848 0
1938 1
1913 1
1938 0
49 0
382 0
3786 0
4862 1
405 0
2590 1
2591 1
5202 1
2591 0
1357 1
2590 0
5202 0
8 1
4862 0
466 1
8 0
3277 1
2419 1
466 0
1913 0
3138 1
3138 0
3893 1
4847 1
3277 0
1357 0
5418 1
646 1
5418 0
2419 0
1853 1
4093 1
4847 0
646 0
4111 1
3893 0
4123 1
4123 0
2765 1
2484 1
2484 0
905 1
4093 0
725 1
377 1
725 0
377 0
2766 1
2923 1
2923 0
1795 1
4679 1
1795 0
2765 0
2766 0
4058 1
1853 0
838 1
4111 0
1086 1
4058 0
676 1
905 0
838 0
954 1
676 0
378 1
2013 1
378 0
4679 0
670 1
2013 0
2012 1
670 0
529 1
5238 1
954 0
546 1
546 0
3837 1
730 1
931 1
931 0
934 1
1085 1
1085 0
1086 0
934 0
3837 0
751 1
5238 0
2523 1
2012 0
529 0
52 1
773 1
730 0
773 0
932 1
849 1
2523 0
920 1
932 0
849 0
2473 1
222 1
920 0
751 0
759 1
221 1
222 0
2473 0
3623 1
1415 1
52 0
759 0
1289 1
221 0
504 1
1289 0
778 1
504 0
503 1
926 1
503 0
926 0
925 1
778 0
4298 1
4298 0
4509 1
738 1
3623 0
2055 1
5457 1
4509 0
4324 1
2625 1
925 0
2625 0
4722 1
4722 0
3966 1
3495 1
2055 0
1415 0
4738 1
4324 0
3409 1
750 1
2304 1
3966 0
750 0
2176 1
738 0
4933 1
2304 0
1325 1
5457 0
4932 1
1325 0
2994 1
3409 0
4322 1
2994 0
2993 1
4702 1
4738 0
113 1
2170 1
206 1
2176 0
4322 0
4314 1
2170 0
549 1
549 0
2100 1
206 0
2100 0
4314 0
4144 1
4932 0
4905 1
4043 1
4044 1
2390 1
2390 0
2149 1
813 1
4933 0
4043 0
813 0
4044 0
4144 0
4304 1
836 1
2993 0
797 1
4702 0
2138 1
2137 1
2153 1
157 1
157 0
2149 0
506 1
836 0
2135 1
113 0
2137 0
801 1
797 0
2988 1
4304 0
2134 1
3495 0
4358 1
4905 0
801 0
2969 1
831 1
506 0
2134 0
4358 0
831 0
4853 1
2969 0
2968 1
2153 0
4869 1
2873 1
4562 1
4869 0
2135 0
2873 0
2138 0
4045 1
2988 0
3287 1
2968 0
4853 0
741 1
3287 0
3880 1
741 0
472 1
4045 0
196 1
3880 0
3432 1
4562 0
2215 1
472 0
1298 1
1298 0
2418 1
5113 1
3432 0
2418 0
2639 1
5113 0
1278 1
2640 1
2639 0
1278 0
2640 0
1211 1
196 0
5019 1
4591 1
4372 1
1211 0
40 1
5019 0
4591 0
565 1
565 0
892 1
792 1
892 0
4051 1
40 0
39 1
3253 1
4051 0
259 1
4372 0
878 1
3253 0
325 1
792 0
2215 0
3522 1
4313 1
878 0
881 1
39 0
3508 1
3522 0
2966 1
34 1
2726 1
34 0
2726 0
4028 1
1326 1
33 1
33 0
160 1
160 0
259 0
1326 0
2966 0
4313 0
877 1
4028 0
877 0
2115 1
3508 0
2115 0
881 0
325 0
