2066 1
5882 1
6501 1
5882 0
4221 1
4187 1
6498 1
6498 0
6501 0
6499 1
6499 0
5688 1
2066 0
3151 1
3152 1
4188 1
4188 0
4077 1
4187 0
3151 0
5688 0
4079 1
4221 0
1633 1
4079 0
4211 1
3152 0
5819 1
4077 0
1207 1
1207 0
1633 0
1832 1
5821 1
4211 0
5820 1
5821 0
5589 1
1832 0
4216 1
5819 0
4214 1
5817 1
5817 0
4216 0
5820 0
2020 1
5589 0
4292 1
4292 0
2021 1
2430 1
2430 0
2020 0
2778 1
4214 0
5584 1
5571 1
5571 0
2778 0
4217 1
2021 0
2568 1
5583 1
4217 0
6939 1
5583 0
6939 0
2568 0
7082 1
5584 0
2592 1
2048 1
2048 0
2047 1
2047 0
4232 1
7082 0
2592 0
96 1
4232 0
7083 1
6381 1
7083 0
97 1
96 0
6382 1
6381 0
7830 1
7829 1
7085 1
7829 0
97 0
7831 1
7818 1
7818 0
7824 1
7824 0
7825 1
7831 0
7830 0
4259 1
4259 0
7825 0
6382 0
7085 0
