809 1
4664 1
5247 1
809 0
1313 1
2016 1
2016 0
2020 1
2020 0
810 1
4664 0
4663 1
810 0
5247 0
4663 0
4376 1
1313 0
3053 1
4376 0
185 1
3481 1
3053 0
357 1
185 0
3481 0
5500 1
3550 1
5500 0
4963 1
720 1
720 0
1003 1
2526 1
2526 0
886 1
886 0
774 1
357 0
1003 0
2264 1
2264 0
3550 0
376 1
4963 0
5304 1
4013 1
4013 0
5454 1
5454 0
4263 1
2978 1
5304 0
376 0
5213 1
2978 0
4260 1
4260 0
2226 1
5449 1
774 0
5376 1
4263 0
5213 0
5088 1
5374 1
2226 0
5449 0
5450 1
5088 0
5087 1
5374 0
41 1
795 1
5450 0
3836 1
5087 0
5376 0
4636 1
2973 1
795 0
4119 1
4636 0
4119 0
41 0
2990 1
2989 1
2992 1
2989 0
2992 0
2973 0
811 1
3836 0
811 0
2990 0
