3940 1
3939 1
759 1
3940 0
1296 1
759 0
736 1
3930 1
3939 0
3930 0
1296 0
298 1
736 0
3931 1
3644 1
298 0
2825 1
3644 0
3931 0
3928 1
2825 0
2029 1
3928 0
746 1
745 1
746 0
745 0
3938 1
2030 1
2029 0
1120 1
3938 0
1120 0
7427 1
6509 1
7427 0
6133 1
6133 0
6135 1
6135 0
6134 1
6134 0
3422 1
2030 0
6510 1
6509 0
3422 0
3421 1
108 1
6510 0
3421 0
1177 1
1177 0
5335 1
108 0
6211 1
1508 1
6211 0
5335 0
1413 1
1413 0
1330 1
4388 1
3711 1
4388 0
7374 1
1508 0
5793 1
5793 0
6222 1
6222 0
1507 1
3711 0
1330 0
1331 1
1507 0
1331 0
2727 1
2726 1
2727 0
7296 1
2726 0
7374 0
3568 1
3568 0
7170 1
7295 1
7296 0
7295 0
795 1
6542 1
6545 1
7170 0
6541 1
2171 1
2171 0
6545 0
6542 0
795 0
829 1
4090 1
829 0
6539 1
6541 0
6539 0
6802 1
4089 1
4090 0
6801 1
6802 0
3251 1
4089 0
1683 1
6984 1
6801 0
6988 1
7176 1
7176 0
6984 0
1683 0
3251 0
862 1
862 0
6334 1
761 1
6334 0
6987 1
6988 0
6034 1
6035 1
4386 1
4385 1
2148 1
4382 1
6034 0
4386 0
3762 1
3763 1
6035 0
3763 0
6987 0
5969 1
4385 0
7286 1
4382 0
2148 0
3762 0
7318 1
7302 1
7286 0
7318 0
7317 1
5969 0
4326 1
7302 0
5304 1
6976 1
761 0
7122 1
4326 0
7314 1
7317 0
7180 1
7314 0
5304 0
7285 1
6976 0
6064 1
2134 1
7285 0
7122 0
5748 1
4356 1
2134 0
4436 1
7180 0
6284 1
6284 0
6659 1
6659 0
4437 1
4436 0
7179 1
7125 1
5748 0
7179 0
7283 1
5165 1
7125 0
1361 1
7283 0
2169 1
6765 1
6023 1
6023 0
2169 0
4356 0
5165 0
4437 0
5702 1
5970 1
1361 0
6765 0
2571 1
4702 1
2571 0
5701 1
5702 0
393 1
4702 0
6401 1
6064 0
5970 0
7810 1
3978 1
5701 0
6882 1
3106 1
1099 1
3106 0
1099 0
7810 0
1340 1
1340 0
3107 1
6882 0
3978 0
5648 1
393 0
392 1
392 0
7802 1
7802 0
3107 0
5648 0
2784 1
6401 0
7351 1
2784 0
4618 1
4428 1
4618 0
4443 1
2160 1
4427 1
2160 0
4595 1
4428 0
4427 0
4596 1
4443 0
4596 0
4595 0
4574 1
7889 1
4574 0
7889 0
7888 1
7351 0
1041 1
7888 0
3314 1
4586 1
3314 0
2864 1
1041 0
3277 1
4586 0
164 1
3277 0
1668 1
5830 1
1668 0
3114 1
4096 1
5830 0
164 0
2162 1
6684 1
3114 0
6891 1
4096 0
6684 0
6683 1
4649 1
2162 0
7847 1
2864 0
6891 0
2655 1
7847 0
927 1
3046 1
2655 0
1386 1
6683 0
4649 0
4650 1
927 0
1692 1
1386 0
1387 1
6535 1
1387 0
4038 1
3046 0
6535 0
6534 1
4018 1
4018 0
3874 1
6246 1
5119 1
4650 0
4640 1
4640 0
5119 0
3874 0
328 1
328 0
4038 0
4026 1
6534 0
4001 1
4001 0
4025 1
3782 1
4025 0
4026 0
6261 1
3826 1
3782 0
6262 1
6261 0
6262 0
218 1
2152 1
6246 0
1692 0
5983 1
2152 0
91 1
1080 1
3826 0
218 0
217 1
5356 1
1080 0
4017 1
217 0
2259 1
91 0
384 1
5983 0
5356 0
5353 1
5358 1
5353 0
2259 0
5117 1
5357 1
5358 0
4016 1
4017 0
5418 1
5117 0
2002 1
5357 0
384 0
2868 1
5418 0
3796 1
4016 0
1577 1
3796 0
3823 1
5377 1
2002 0
5377 0
5649 1
3641 1
1577 0
3822 1
3823 0
1528 1
2868 0
5650 1
5649 0
3822 0
3807 1
5650 0
3825 1
3807 0
7699 1
3641 0
3642 1
7700 1
7699 0
7700 0
5738 1
1363 1
3825 0
1363 0
6851 1
1568 1
6851 0
5738 0
2069 1
1568 0
1569 1
481 1
1569 0
481 0
2217 1
6463 1
2069 0
6463 0
2218 1
2218 0
2217 0
1528 0
1635 1
3819 1
3642 0
1635 0
5429 1
5284 1
3819 0
5432 1
5429 0
5285 1
5284 0
369 1
5285 0
5432 0
3305 1
369 0
7689 1
4069 1
3305 0
4069 0
3613 1
7689 0
7690 1
3613 0
3612 1
7690 0
1567 1
1567 0
5767 1
4861 1
5767 0
3612 0
548 1
6356 1
548 0
4861 0
2584 1
2584 0
1053 1
7299 1
6356 0
3528 1
7299 0
4146 1
3528 0
4145 1
4146 0
1053 0
365 1
1212 1
4145 0
6041 1
365 0
3547 1
1212 0
6041 0
1276 1
1289 1
1276 0
3547 0
3574 1
247 1
3574 0
2539 1
1289 0
247 0
973 1
972 1
973 0
2539 0
2540 1
972 0
3555 1
3552 1
2540 0
3554 1
3555 0
3554 0
6682 1
3552 0
3553 1
3553 0
3161 1
6682 0
7902 1
3538 1
7902 0
3161 0
3162 1
3538 0
3581 1
3162 0
2062 1
3581 0
934 1
934 0
3539 1
2062 0
5951 1
3539 0
7763 1
5951 0
873 1
1915 1
7763 0
873 0
2731 1
2569 1
1915 0
3457 1
2731 0
4156 1
2569 0
4155 1
4156 0
3423 1
3457 0
3415 1
4155 0
3423 0
3424 1
3424 0
3452 1
3425 1
3436 1
3451 1
3451 0
3452 0
3425 0
238 1
238 0
4167 1
3426 1
3415 0
4167 0
7753 1
7754 1
7754 0
7753 0
3433 1
3436 0
3432 1
3433 0
5491 1
1436 1
1436 0
3426 0
5491 0
3432 0
