2667 1
2668 1
2668 0
4212 1
2398 1
2667 0
3073 1
510 1
4212 0
3073 0
2397 1
2398 0
510 0
2652 1
2397 0
2646 1
2652 0
2666 1
4856 1
2666 0
3856 1
2646 0
3856 0
2645 1
3019 1
2645 0
4856 0
3240 1
5013 1
5014 1
4697 1
3240 0
4697 0
4696 1
4978 1
4949 1
4978 0
4946 1
4949 0
3098 1
5013 0
3019 0
2443 1
4946 0
2505 1
4696 0
1766 1
5014 0
2443 0
2444 1
4477 1
1766 0
3185 1
2505 0
2444 0
2648 1
4628 1
3098 0
4477 0
93 1
2332 1
3185 0
2648 0
81 1
3738 1
4628 0
81 0
4250 1
4253 1
1238 1
3738 0
4253 0
93 0
933 1
1103 1
4116 1
1103 0
4250 0
1238 0
4116 0
3348 1
933 0
1156 1
2332 0
918 1
3348 0
5140 1
1156 0
918 0
4859 1
4261 1
5140 0
4859 0
5452 1
4261 0
1404 1
5453 1
5068 1
5068 0
5452 0
4221 1
4222 1
4222 0
5453 0
4223 1
4223 0
1404 0
4794 1
4794 0
1179 1
4221 0
4220 1
3468 1
1179 0
2775 1
4220 0
3468 0
522 1
2775 0
3965 1
522 0
893 1
360 1
3965 0
4637 1
893 0
4402 1
360 0
1664 1
4637 0
3967 1
4402 0
3967 0
3968 1
2507 1
1664 0
3968 0
3153 1
3153 0
4616 1
4616 0
1371 1
2507 0
2580 1
3061 1
2580 0
3061 0
3596 1
1371 0
1531 1
3575 1
3596 0
1531 0
3375 1
682 1
3375 0
2413 1
3574 1
2413 0
3575 0
632 1
3574 0
2298 1
2298 0
3632 1
682 0
716 1
632 0
4631 1
3632 0
3066 1
3116 1
3116 0
126 1
126 0
166 1
3066 0
2483 1
3490 1
2483 0
217 1
166 0
716 0
1151 1
217 0
2510 1
2510 0
745 1
2061 1
2053 1
5000 1
963 1
963 0
1994 1
1994 0
3490 0
2053 0
2061 0
4631 0
1931 1
616 1
1151 0
3195 1
616 0
606 1
606 0
611 1
611 0
745 0
3108 1
1815 1
5000 0
1931 0
3273 1
4691 1
3195 0
251 1
3106 1
3106 0
4689 1
4690 1
251 0
4689 0
1815 0
3370 1
3108 0
162 1
3274 1
3273 0
2496 1
3370 0
3100 1
4690 0
1249 1
1249 0
3107 1
3107 0
162 0
4691 0
161 1
3100 0
161 0
3274 0
3272 1
3272 0
1408 1
2496 0
2686 1
2686 0
2076 1
3268 1
1408 0
3374 1
2076 0
3269 1
3268 0
1015 1
3269 0
2022 1
3374 0
1014 1
1015 0
2023 1
2022 0
1014 0
385 1
2023 0
281 1
495 1
1388 1
495 0
3323 1
2253 1
520 1
3323 0
385 0
2253 0
1388 0
1606 1
281 0
4706 1
4706 0
2090 1
4088 1
2090 0
3093 1
1606 0
3093 0
3257 1
3958 1
520 0
863 1
863 0
3257 0
4088 0
1880 1
3767 1
1880 0
3958 0
3299 1
3656 1
3767 0
3299 0
3819 1
3655 1
3656 0
2009 1
3655 0
4860 1
2009 0
819 1
3320 1
648 1
3320 0
1618 1
819 0
1771 1
648 0
3329 1
1771 0
3329 0
946 1
1618 0
1619 1
4860 0
766 1
946 0
3890 1
1619 0
5251 1
1011 1
3890 0
5468 1
1011 0
3819 0
983 1
5468 0
2321 1
1000 1
2321 0
585 1
5251 0
3955 1
1000 0
980 1
983 0
438 1
3955 0
497 1
980 0
766 0
1985 1
585 0
3331 1
438 0
462 1
4936 1
1985 0
4936 0
5165 1
1240 1
462 0
1240 0
1865 1
1865 0
134 1
2805 1
134 0
2805 0
413 1
3331 0
4262 1
4976 1
497 0
5165 0
5164 1
574 1
413 0
4976 0
4360 1
4712 1
5164 0
1991 1
574 0
482 1
1991 0
3312 1
4360 0
3315 1
4262 0
4712 0
4183 1
1300 1
3315 0
482 0
4368 1
3312 0
3603 1
1300 0
326 1
2941 1
3603 0
2941 0
2942 1
2273 1
2942 0
326 0
2273 0
5134 1
4368 0
4153 1
4183 0
4152 1
4153 0
5134 0
959 1
959 0
552 1
4152 0
5232 1
2733 1
5232 0
552 0
4125 1
1891 1
4125 0
2733 0
5057 1
5200 1
1891 0
569 1
5057 0
5200 0
1042 1
4132 1
1042 0
4131 1
4132 0
4131 0
3595 1
3720 1
569 0
3720 0
2246 1
2246 0
2218 1
1038 1
3595 0
2388 1
2218 0
4919 1
2388 0
4258 1
1038 0
622 1
4919 0
622 0
2387 1
3410 1
4258 0
290 1
2387 0
3410 0
85 1
85 0
436 1
1500 1
436 0
290 0
2389 1
2389 0
2342 1
3401 1
1500 0
2374 1
5119 1
3401 0
1881 1
2374 0
401 1
5118 1
424 1
5119 0
5118 0
2375 1
401 0
2394 1
2375 0
2392 1
2342 0
2377 1
2395 1
1881 0
4533 1
2377 0
2392 0
2394 0
2395 0
4534 1
4533 0
424 0
5035 1
4535 1
4540 1
5034 1
5034 0
5035 0
4535 0
3843 1
4540 0
3843 0
1926 1
1926 0
4294 1
4294 0
4534 0
