22 1
3981 1
7259 1
2089 1
7259 0
3981 0
1847 1
22 0
1846 1
1847 0
3428 1
2089 0
1846 0
4882 1
2714 1
3428 0
3676 1
4882 0
2714 0
1901 1
3676 0
6039 1
5621 1
4040 1
5622 1
1901 0
608 1
4039 1
4039 0
4040 0
5128 1
6039 0
5128 0
609 1
608 0
609 0
6015 1
4047 1
5621 0
5622 0
5846 1
5847 1
5847 0
4047 0
6015 0
6016 1
5846 0
5844 1
2493 1
6016 0
2040 1
5844 0
2493 0
2492 1
2040 0
6552 1
4269 1
6552 0
4269 0
4239 1
6028 1
800 1
2492 0
6048 1
6049 1
6049 0
776 1
776 0
6028 0
800 0
4239 0
793 1
2093 1
6048 0
793 0
2432 1
6095 1
2093 0
811 1
2432 0
6095 0
333 1
1259 1
811 0
5556 1
1259 0
5556 0
832 1
5697 1
333 0
5697 0
63 1
1654 1
832 0
1654 0
7100 1
63 0
705 1
1958 1
7100 0
4670 1
705 0
4670 0
4669 1
1556 1
1957 1
1877 1
1957 0
1958 0
1878 1
1556 0
4669 0
119 1
458 1
3429 1
458 0
417 1
1878 0
3429 0
417 0
1877 0
459 1
1561 1
7709 1
7709 0
1561 0
1871 1
119 0
1871 0
1858 1
1857 1
1858 0
459 0
1962 1
1962 0
1961 1
815 1
1961 0
7109 1
1924 1
1924 0
1857 0
5103 1
5103 0
2663 1
2662 1
7109 0
2662 0
815 0
814 1
3926 1
814 0
5949 1
2663 0
4409 1
5949 0
7002 1
3927 1
3926 0
3927 0
7002 0
6100 1
7000 1
1863 1
7000 0
1863 0
1852 1
4409 0
6972 1
6100 0
1852 0
1377 1
6972 0
720 1
7027 1
720 0
5644 1
1377 0
7027 0
7041 1
915 1
5644 0
914 1
915 0
7041 0
7218 1
3633 1
914 0
7217 1
7218 0
7217 0
7377 1
7377 0
6224 1
7038 1
3633 0
5312 1
5313 1
6225 1
7036 1
7036 0
7038 0
5312 0
6223 1
6224 0
6225 0
6223 0
5313 0
