804 1
4224 1
4224 0
2906 1
2154 1
5099 1
861 1
804 0
2906 0
2879 1
5099 0
861 0
2879 0
2154 0
2917 1
5206 1
2917 0
810 1
5206 0
5369 1
810 0
5247 1
4663 1
5369 0
827 1
5247 0
827 0
784 1
4663 0
4376 1
3053 1
784 0
1547 1
4376 0
1319 1
1547 0
3053 0
3481 1
3481 0
5500 1
2264 1
1319 0
5500 0
821 1
192 1
821 0
1003 1
2264 0
736 1
4013 1
5304 1
4013 0
5303 1
845 1
3999 1
3999 0
5303 0
1003 0
720 1
5180 1
260 1
4292 1
260 0
845 0
5180 0
4292 0
2978 1
2978 0
4260 1
4260 0
5304 0
4751 1
2232 1
736 0
720 0
4963 1
192 0
2774 1
5347 1
2774 0
2232 0
3133 1
4751 0
3049 1
1417 1
3049 0
5335 1
5347 0
1416 1
1417 0
5449 1
774 1
5449 0
774 0
2979 1
4963 0
5375 1
3133 0
793 1
793 0
5196 1
1416 0
2511 1
5213 1
796 1
5088 1
5088 0
5213 0
5335 0
2511 0
5197 1
5196 0
94 1
2979 0
796 0
2991 1
2975 1
94 0
2991 0
2990 1
5028 1
5375 0
2975 0
64 1
2989 1
2990 0
2992 1
64 0
2992 0
2989 0
1471 1
5028 0
4308 1
4315 1
2237 1
4315 0
4119 1
4119 0
41 1
41 0
5197 0
3510 1
2237 0
4308 0
1471 0
3511 1
3511 0
3510 0
