4657 1
4658 1
4657 0
2164 1
1558 1
2097 1
1558 0
4484 1
4658 0
1908 1
1874 1
6082 1
1874 0
2164 0
1900 1
1900 0
6576 1
1908 0
6576 0
4484 0
2097 0
6480 1
6711 1
6481 1
6480 0
6712 1
6481 0
6712 0
6527 1
6065 1
6082 0
6527 0
6482 1
1965 1
6065 0
6711 0
2065 1
1965 0
2826 1
946 1
2065 0
2826 0
6969 1
6957 1
6969 0
946 0
6592 1
6956 1
6957 0
6482 0
6111 1
6956 0
6592 0
1702 1
6101 1
6111 0
1966 1
1702 0
1967 1
1966 0
6653 1
6101 0
1967 0
2015 1
6104 1
2896 1
1484 1
1484 0
2896 0
6105 1
6653 0
6104 0
2015 0
1861 1
858 1
1861 0
6105 0
6017 1
7716 1
858 0
6017 0
7270 1
7716 0
1960 1
1960 0
1926 1
7270 0
1418 1
7014 1
1926 0
1418 0
1417 1
1417 0
7664 1
1977 1
7664 0
7033 1
1267 1
7013 1
7013 0
7014 0
7016 1
7016 0
1977 0
4054 1
4054 0
7033 0
1890 1
1890 0
1918 1
1603 1
1267 0
1604 1
1603 0
1918 0
1917 1
1917 0
7017 1
1232 1
1232 0
922 1
7025 1
1866 1
1866 0
1604 0
1867 1
1867 0
7017 0
7025 0
922 0
