3445 1
5216 1
2716 1
3445 0
4165 1
2716 0
475 1
5047 1
5216 0
3784 1
475 0
4373 1
5047 0
3784 0
4114 1
4373 0
5048 1
4165 0
654 1
654 0
4114 0
10 1
10 0
4589 1
5048 0
2834 1
4589 0
484 1
2834 0
5046 1
2476 1
484 0
2698 1
2476 0
2698 0
4911 1
4167 1
5046 0
4911 0
5373 1
4168 1
4167 0
5373 0
4615 1
3648 1
4168 0
3648 0
2717 1
5032 1
5032 0
2270 1
2632 1
4201 1
4201 0
2632 0
4615 0
4445 1
1250 1
4445 0
2270 0
2794 1
2717 0
1250 0
2542 1
2549 1
2542 0
2549 0
4087 1
4087 0
3806 1
3806 0
2535 1
2534 1
2535 0
3154 1
3029 1
2794 0
5421 1
5421 0
3029 0
3355 1
3154 0
2791 1
3357 1
3357 0
2791 0
5100 1
952 1
5100 0
311 1
311 0
2531 1
2534 0
952 0
3987 1
3987 0
2531 0
3804 1
3355 0
576 1
2538 1
3804 0
2537 1
2538 0
380 1
2300 1
2812 1
576 0
799 1
380 0
169 1
2300 0
799 0
3789 1
169 0
230 1
2537 0
681 1
681 0
680 1
230 0
285 1
3789 0
2792 1
285 0
3149 1
2536 1
680 0
5476 1
3149 0
1485 1
2812 0
577 1
2536 0
5476 0
2500 1
3888 1
2792 0
3350 1
3351 1
3888 0
692 1
3350 0
1485 0
3363 1
3363 0
3063 1
3063 0
3362 1
692 0
3351 0
2769 1
2500 0
5064 1
577 0
578 1
3349 1
2769 0
3349 0
3362 0
5064 0
5190 1
3809 1
578 0
3809 0
3810 1
4583 1
205 1
4583 0
205 0
2711 1
5190 0
2888 1
2940 1
2711 0
2940 0
2547 1
2888 0
3810 0
253 1
1142 1
253 0
2953 1
2547 0
2953 0
1449 1
2593 1
2593 0
4560 1
5460 1
2595 1
2595 0
4966 1
4966 0
1142 0
4560 0
1449 0
2350 1
2350 0
1599 1
2959 1
1599 0
3164 1
5460 0
2959 0
3064 1
3164 0
4342 1
3064 0
3822 1
4342 0
620 1
3822 0
2043 1
703 1
620 0
3661 1
1453 1
1453 0
117 1
555 1
1028 1
555 0
2043 0
117 0
3661 0
1101 1
1028 0
1502 1
1101 0
703 0
3142 1
1502 0
4715 1
354 1
3142 0
866 1
3141 1
354 0
3141 0
3218 1
3222 1
4715 0
1223 1
3221 1
3218 0
3222 0
3136 1
3221 0
3223 1
3136 0
3151 1
3223 0
3025 1
3167 1
3151 0
3800 1
3167 0
865 1
866 0
3025 0
3870 1
865 0
4516 1
3226 1
3800 0
4110 1
3870 0
5281 1
4516 0
1223 0
4714 1
379 1
3226 0
4714 0
5477 1
1427 1
5281 0
4110 0
3046 1
3145 1
379 0
4580 1
1427 0
4576 1
3046 0
3145 0
3621 1
5428 1
4580 0
3621 0
4577 1
5428 0
4577 0
537 1
4576 0
4938 1
1410 1
537 0
757 1
1575 1
1405 1
1575 0
548 1
548 0
5477 0
757 0
1410 0
4514 1
2627 1
100 1
100 0
4938 0
3171 1
791 1
3171 0
4514 0
1405 0
465 1
2627 0
465 0
1936 1
5231 1
791 0
5231 0
3872 1
1936 0
1477 1
4456 1
3872 0
1477 0
3040 1
431 1
4456 0
431 0
4234 1
4234 0
4002 1
3040 0
329 1
4001 1
4002 0
467 1
329 0
467 0
1330 1
4001 0
4189 1
287 1
2039 1
2063 1
294 1
5227 1
287 0
2168 1
2038 1
2039 0
2038 0
2068 1
2063 0
294 0
1329 1
1330 0
4189 0
5212 1
5226 1
5227 0
2169 1
2168 0
2169 0
2108 1
859 1
2108 0
5226 0
3709 1
2068 0
635 1
2096 1
5212 0
3709 0
2097 1
2096 0
859 0
3544 1
1329 0
4249 1
635 0
1971 1
1857 1
3544 0
4249 0
1555 1
1857 0
3113 1
2091 1
2097 0
1971 0
2072 1
1555 0
1554 1
3112 1
3113 0
1523 1
2072 0
418 1
3112 0
1523 0
5497 1
418 0
2130 1
5497 0
659 1
2452 1
2130 0
1554 0
5225 1
1334 1
4701 1
4498 1
4497 1
4498 0
1060 1
659 0
1099 1
4497 0
1054 1
1369 1
1054 0
1334 0
1369 0
5279 1
2091 0
5279 0
2125 1
5278 1
5278 0
426 1
2173 1
4149 1
2173 0
4149 0
426 0
1060 0
2894 1
1023 1
4701 0
2894 0
1091 1
1091 0
1089 1
1089 0
218 1
5464 1
1099 0
2451 1
2452 0
1090 1
218 0
2281 1
5464 0
5225 0
1378 1
1023 0
4713 1
2125 0
4596 1
597 1
1090 0
2451 0
2185 1
5290 1
597 0
4151 1
2002 1
2281 0
2002 0
5290 0
4532 1
4596 0
4151 0
2185 0
2184 1
1315 1
4713 0
3610 1
2184 0
3610 0
5103 1
636 1
4532 0
4278 1
5103 0
5182 1
636 0
3426 1
3949 1
2127 1
2127 0
3948 1
4278 0
3948 0
5377 1
3426 0
5377 0
4383 1
5182 0
5004 1
5004 0
2296 1
4092 1
3928 1
2296 0
3928 0
2295 1
2295 0
4383 0
1378 0
1305 1
4384 1
4092 0
3543 1
3949 0
4384 0
457 1
457 0
3915 1
1338 1
1315 0
1202 1
949 1
949 0
1202 0
447 1
955 1
3542 1
3543 0
3915 0
3252 1
447 0
1305 0
1255 1
4566 1
3252 0
3542 0
3768 1
18 1
1255 0
1346 1
3917 1
4566 0
3768 0
246 1
1347 1
1346 0
3118 1
318 1
1338 0
3118 0
955 0
18 0
246 0
4619 1
1347 0
32 1
318 0
1274 1
32 0
31 1
1274 0
99 1
4618 1
3917 0
3925 1
99 0
924 1
31 0
924 0
4515 1
4619 0
425 1
1958 1
4515 0
1958 0
1516 1
1516 0
4618 0
833 1
3925 0
1491 1
425 0
1491 0
3539 1
2180 1
3539 0
1203 1
833 0
2836 1
1203 0
2140 1
2836 0
3340 1
2180 0
3932 1
2140 0
3932 0
4055 1
2385 1
3340 0
4054 1
4055 0
3433 1
2385 0
4363 1
4054 0
872 1
3433 0
4198 1
4363 0
3916 1
4198 0
4065 1
3916 0
4057 1
4065 0
872 0
3536 1
4057 0
4056 1
67 1
4056 0
67 0
908 1
5277 1
908 0
5277 0
2681 1
4089 1
2681 0
4089 0
4724 1
266 1
4724 0
3537 1
1212 1
3518 1
3535 1
3535 0
2386 1
3536 0
3518 0
3537 0
1212 0
35 1
266 0
2386 0
111 1
4790 1
35 0
111 0
4406 1
4406 0
2373 1
2373 0
4969 1
4484 1
1737 1
3524 1
3524 0
4790 0
3523 1
3523 0
5117 1
1737 0
136 1
136 0
4484 0
4455 1
4969 0
2862 1
4455 0
3597 1
2862 0
322 1
5117 0
3597 0
2492 1
322 0
3414 1
4725 1
2492 0
4725 0
3414 0
