7237 1
842 1
842 0
4901 1
4900 1
4901 0
801 1
4900 0
7237 0
2842 1
7049 1
2842 0
4782 1
4744 1
4744 0
801 0
7049 0
6308 1
4782 0
3175 1
6309 1
6308 0
6309 0
6710 1
6145 1
3175 0
4780 1
6145 0
48 1
6710 0
3158 1
48 0
4780 0
4781 1
4634 1
3158 0
4656 1
4656 0
4890 1
4890 0
4634 0
3780 1
4984 1
4984 0
4723 1
4781 0
4725 1
4723 0
3781 1
3780 0
5320 1
3781 0
41 1
3166 1
5320 0
4826 1
4725 0
4826 0
4825 1
3166 0
6434 1
4837 1
4825 0
6434 0
4601 1
4837 0
4799 1
4601 0
4600 1
4814 1
4799 0
3163 1
4600 0
4814 0
4741 1
6783 1
4741 0
3163 0
4426 1
4797 1
41 0
40 1
6783 0
4797 0
7672 1
5514 1
4426 0
5507 1
5514 0
7672 0
1125 1
5507 0
4193 1
40 0
2491 1
4193 0
2491 0
2490 1
1125 0
4213 1
4213 0
4210 1
2490 0
1379 1
1379 0
4296 1
4210 0
2695 1
4296 0
4250 1
4250 0
4294 1
2695 0
1552 1
4302 1
1552 0
2219 1
4294 0
938 1
2219 0
4302 0
4303 1
4289 1
938 0
4289 0
4291 1
4307 1
4303 0
4291 0
4290 1
2024 1
4307 0
508 1
4290 0
1428 1
2024 0
4124 1
1428 0
3912 1
4124 0
508 0
6427 1
6429 1
6427 0
3912 0
52 1
6429 0
2221 1
52 0
51 1
3439 1
3439 0
689 1
4752 1
6465 1
6465 0
2221 0
4810 1
4752 0
689 0
5886 1
51 0
1540 1
4810 0
1540 0
1539 1
5885 1
2396 1
5885 0
5886 0
2396 0
2395 1
4800 1
1539 0
4800 0
2045 1
4166 1
2045 0
2395 0
2418 1
1679 1
4165 1
4165 0
4166 0
2418 0
1740 1
1679 0
5578 1
5578 0
5457 1
5457 0
5458 1
2099 1
1740 0
2099 0
2098 1
7394 1
5458 0
7394 0
3118 1
1922 1
2098 0
2071 1
5958 1
2071 0
1922 0
5958 0
5959 1
6523 1
3118 0
6396 1
5959 0
6523 0
1824 1
6799 1
1824 0
6799 0
6800 1
6800 0
5866 1
5901 1
6396 0
6491 1
6493 1
5901 0
6493 0
5866 0
5867 1
5869 1
5867 0
6492 1
5868 1
5869 0
5868 0
6491 0
6492 0
