2885 1
2884 1
5483 1
2885 0
2884 0
5482 1
5482 0
5481 1
5295 1
4041 1
5483 0
5295 0
5481 0
3023 1
4041 0
5504 1
3023 0
518 1
518 0
4708 1
4984 1
5504 0
4708 0
5300 1
5300 0
2554 1
2553 1
2554 0
2553 0
4622 1
3785 1
1753 1
596 1
596 0
4984 0
4170 1
4985 1
3785 0
1753 0
4985 0
4622 0
4558 1
5007 1
4558 0
4195 1
5007 0
4195 0
2270 1
4170 0
2680 1
5032 1
2270 0
2680 0
2789 1
5219 1
5032 0
2690 1
5219 0
2690 0
1760 1
4407 1
1760 0
3679 1
4407 0
3679 0
3390 1
1469 1
2789 0
2695 1
2697 1
3390 0
1455 1
4032 1
2695 0
4779 1
1455 0
1633 1
4032 0
1469 0
1740 1
2588 1
2697 0
1740 0
78 1
3014 1
4833 1
4833 0
4779 0
3014 0
2588 0
2778 1
2777 1
78 0
79 1
2778 0
1633 0
2777 0
238 1
3772 1
2727 1
2727 0
2783 1
3772 0
4113 1
2141 1
2783 0
2773 1
4113 0
2141 0
1148 1
237 1
238 0
1481 1
79 0
2773 0
2829 1
1148 0
1436 1
178 1
1481 0
2624 1
237 0
2725 1
3864 1
2829 0
4657 1
3864 0
2725 0
4169 1
4169 0
1436 0
1170 1
178 0
1170 0
2624 0
729 1
4657 0
3745 1
3745 0
2751 1
2543 1
729 0
2541 1
2543 0
2474 1
2541 0
1509 1
2751 0
1509 0
4934 1
2474 0
1174 1
4934 0
5342 1
205 1
5342 0
4583 1
205 0
2324 1
1174 0
2462 1
4583 0
2324 0
4561 1
2462 0
4750 1
581 1
4561 0
4750 0
2679 1
4585 1
2679 0
581 0
5431 1
5431 0
5430 1
4585 0
4584 1
4584 0
2810 1
2810 0
4652 1
5429 1
5430 0
3628 1
5429 0
3628 0
1472 1
3460 1
4652 0
1472 0
3159 1
3159 0
3156 1
3150 1
3156 0
1764 1
3460 0
2292 1
1764 0
3126 1
3150 0
2759 1
2292 0
5363 1
2759 0
3111 1
3126 0
5363 0
4264 1
5319 1
5319 0
2042 1
3218 1
993 1
3136 1
3218 0
3222 1
1128 1
3222 0
3136 0
2042 0
2409 1
1128 0
3177 1
993 0
3167 1
3177 0
2409 0
2047 1
3111 0
354 1
3800 1
3167 0
354 0
3141 1
3800 0
3226 1
2047 0
3620 1
3141 0
349 1
4715 1
4264 0
3620 0
371 1
1223 1
4715 0
3226 0
3227 1
638 1
4714 1
1223 0
986 1
3227 0
3125 1
986 0
3166 1
732 1
732 0
3165 1
3166 0
349 0
638 0
3125 0
3137 1
603 1
284 1
4110 1
4110 0
3046 1
3046 0
2626 1
371 0
603 0
3165 0
3146 1
3137 0
3146 0
4714 0
5477 1
1410 1
5477 0
5025 1
5025 0
3633 1
2627 1
2627 0
4514 1
2626 0
4514 0
5026 1
3633 0
284 0
1052 1
1052 0
748 1
1407 1
1407 0
537 1
1410 0
537 0
1843 1
4513 1
5026 0
748 0
1483 1
4513 0
1483 0
2233 1
2233 0
4380 1
1564 1
1843 0
4426 1
4380 0
4425 1
4426 0
1433 1
4425 0
1433 0
1434 1
1564 0
1851 1
1851 0
417 1
4231 1
1434 0
4231 0
5091 1
1143 1
5091 0
2197 1
105 1
850 1
850 0
1143 0
2197 0
417 0
4163 1
601 1
105 0
4465 1
601 0
1059 1
4163 0
1096 1
1059 0
4465 0
4466 1
4466 0
2582 1
2582 0
1004 1
1095 1
1096 0
1004 0
4382 1
1390 1
4382 0
996 1
1095 0
1390 0
3497 1
996 0
1425 1
3497 0
4502 1
412 1
1425 0
412 0
1421 1
4502 0
715 1
1420 1
1421 0
1480 1
1420 0
2816 1
715 0
1480 0
1055 1
2816 0
5186 1
1055 0
3740 1
3740 0
1098 1
5130 1
1098 0
5130 0
2785 1
5186 0
807 1
2575 1
2785 0
807 0
300 1
2575 0
315 1
315 0
362 1
3705 1
300 0
362 0
1768 1
1768 0
938 1
3762 1
1304 1
1787 1
1306 1
1306 0
1304 0
1303 1
1787 0
1303 0
1267 1
1267 0
1083 1
1083 0
3762 0
3705 0
3795 1
5135 1
938 0
4175 1
5135 0
4175 0
2761 1
3795 0
4273 1
4383 1
2761 0
4092 1
4383 0
4384 1
4092 0
4384 0
457 1
940 1
457 0
2585 1
4273 0
3863 1
2585 0
3909 1
3863 0
4566 1
940 0
3917 1
4566 0
4496 1
3909 0
3852 1
3917 0
4290 1
4496 0
4290 0
1655 1
1655 0
2753 1
609 1
2753 0
1235 1
3852 0
1234 1
1235 0
359 1
609 0
1234 0
3933 1
2132 1
3933 0
359 0
2922 1
2132 0
13 1
4025 1
13 0
2922 0
3430 1
4025 0
4074 1
4068 1
4198 1
4198 0
4074 0
3916 1
4068 0
3430 0
1422 1
4065 1
3916 0
4065 0
1643 1
1212 1
1422 0
48 1
1643 0
48 0
71 1
3537 1
1212 0
71 0
4667 1
9 1
4667 0
2944 1
9 0
1493 1
3537 0
2944 0
4162 1
1493 0
3614 1
4162 0
1350 1
3614 0
4406 1
2373 1
4406 0
1350 0
136 1
1737 1
136 0
1907 1
3944 1
1907 0
4404 1
3944 0
4404 0
4455 1
4455 0
988 1
2373 0
4969 1
4969 0
4484 1
1737 0
851 1
4484 0
3722 1
988 0
3722 0
3943 1
851 0
4022 1
96 1
263 1
96 0
4022 0
3943 0
3414 1
3414 0
4725 1
4725 0
263 0
