5425 1
2682 1
5425 0
234 1
234 0
233 1
2682 0
2700 1
4307 1
2700 0
1160 1
233 0
4307 0
4411 1
1160 0
1159 1
4412 1
4411 0
4553 1
1159 0
4454 1
4553 0
4412 0
4413 1
4454 0
2167 1
4413 0
3338 1
2167 0
5030 1
3338 0
2779 1
4172 1
5030 0
4172 0
3324 1
2111 1
3324 0
2779 0
4913 1
4913 0
896 1
2111 0
2712 1
2712 0
4444 1
2735 1
896 0
4442 1
4444 0
4442 0
4441 1
2735 0
3029 1
3029 0
5421 1
3777 1
2584 1
3777 0
899 1
2589 1
4437 1
4437 0
4441 0
4203 1
4203 0
2589 0
2584 0
5421 0
3154 1
3154 0
2847 1
1359 1
899 0
1359 0
2611 1
2847 0
4810 1
2611 0
1644 1
1644 0
2721 1
3352 1
4810 0
2622 1
2721 0
2898 1
4814 1
3860 1
4814 0
3860 0
4806 1
4808 1
2898 0
4808 0
691 1
2477 1
2622 0
4624 1
3352 0
1312 1
2477 0
691 0
2886 1
4811 1
4811 0
2846 1
2846 0
2603 1
4806 0
4804 1
4804 0
2886 0
643 1
571 1
1312 0
4551 1
4624 0
95 1
643 0
4551 0
3368 1
2603 0
2960 1
2960 0
391 1
3368 0
3367 1
2826 1
95 0
7 1
3353 1
3353 0
3364 1
3365 1
3365 0
391 0
2263 1
3801 1
5248 1
3801 0
3744 1
847 1
571 0
5248 0
847 0
4625 1
4626 1
7 0
3367 0
3364 0
3366 1
3366 0
4625 0
4626 0
2263 0
2826 0
3875 1
3875 0
3876 1
3876 0
1445 1
1459 1
1445 0
3744 0
4676 1
2592 1
4676 0
1459 0
2947 1
2947 0
2950 1
3629 1
3155 1
3630 1
3630 0
2592 0
3155 0
3971 1
3629 0
1127 1
2950 0
1127 0
5370 1
3971 0
2497 1
1122 1
5370 0
5301 1
1122 0
2497 0
2120 1
4429 1
2120 0
4429 0
3988 1
5301 0
5302 1
324 1
3988 0
5302 0
4100 1
324 0
2840 1
4097 1
2909 1
1452 1
531 1
531 0
383 1
4100 0
4097 0
2909 0
1452 0
1442 1
383 0
3461 1
2840 0
1442 0
1443 1
1443 0
370 1
3883 1
370 0
3461 0
640 1
4870 1
3883 0
4870 0
1413 1
1264 1
1413 0
640 0
4930 1
3215 1
3169 1
3169 0
744 1
3215 0
2341 1
5410 1
744 0
2335 1
2341 0
5188 1
5410 0
5188 0
5189 1
3885 1
2335 0
1264 0
760 1
1419 1
760 0
4337 1
3885 0
5189 0
4356 1
4356 0
4355 1
743 1
4355 0
1503 1
4930 0
4003 1
1522 1
4003 0
1196 1
1503 0
1473 1
4907 1
4907 0
4435 1
4435 0
4337 0
1522 0
1373 1
1373 0
1196 0
3211 1
1419 0
1418 1
3663 1
1418 0
627 1
743 0
5372 1
627 0
197 1
5372 0
705 1
197 0
705 0
3211 0
5332 1
1473 0
5243 1
5332 0
5243 0
4818 1
3662 1
1071 1
2699 1
1679 1
5451 1
5236 1
1679 0
3663 0
5451 0
1071 0
3662 0
2699 0
5236 0
4752 1
4752 0
2356 1
4012 1
4818 0
5308 1
2356 0
5020 1
4012 0
5021 1
5020 0
2193 1
5021 0
3572 1
5308 0
3570 1
3572 0
3570 0
3914 1
2193 0
2056 1
4182 1
2056 0
599 1
4182 0
1008 1
3914 0
403 1
599 0
1008 0
928 1
403 0
2058 1
928 0
540 1
749 1
3343 1
749 0
930 1
2050 1
1168 1
3343 0
4164 1
1168 0
930 0
3894 1
4164 0
3894 0
3830 1
5272 1
551 1
551 0
102 1
2050 0
1282 1
5272 0
1282 0
82 1
1049 1
82 0
913 1
1048 1
102 0
913 0
3930 1
1048 0
1049 0
777 1
3830 0
777 0
1208 1
3930 0
3929 1
2107 1
2058 0
4415 1
3929 0
1317 1
1208 0
4489 1
4415 0
2104 1
2107 0
1349 1
540 0
1317 0
5256 1
4783 1
4489 0
4783 0
4020 1
2104 0
5102 1
1349 0
5005 1
5102 0
2213 1
5256 0
3631 1
4607 1
4020 0
3288 1
2213 0
3631 0
3841 1
4137 1
3841 0
5005 0
1344 1
4137 0
4136 1
4607 0
4608 1
4974 1
3288 0
4974 0
1591 1
1344 0
2479 1
4136 0
942 1
2479 0
912 1
1695 1
1591 0
4608 0
1495 1
942 0
1863 1
912 0
911 1
5024 1
1495 0
5442 1
1863 0
911 0
769 1
3926 1
769 0
4602 1
1695 0
5442 0
3844 1
3926 0
3927 1
4023 1
3844 0
2436 1
4023 0
3927 0
254 1
2436 0
254 0
4843 1
5024 0
4602 0
1285 1
1943 1
4843 0
1285 0
2133 1
1942 1
1943 0
1942 0
1866 1
974 1
1866 0
5158 1
1524 1
2133 0
2934 1
3077 1
3077 0
1524 0
5158 0
678 1
974 0
258 1
4991 1
4259 1
4991 0
258 0
110 1
127 1
678 0
4259 0
261 1
110 0
517 1
517 0
1339 1
1339 0
127 0
3945 1
261 0
3945 0
4042 1
2934 0
2303 1
250 1
4042 0
2303 0
3506 1
3506 0
3518 1
3535 1
3518 0
3534 1
3535 0
54 1
250 0
3534 0
366 1
5043 1
54 0
5043 0
2214 1
366 0
4424 1
4424 0
5006 1
2214 0
806 1
3525 1
806 0
4423 1
5006 0
3526 1
3525 0
3526 0
3520 1
1216 1
4423 0
3516 1
1216 0
3520 0
3516 0
