7334 1
6091 1
6091 0
5333 1
6610 1
7334 0
6611 1
6610 0
5333 0
5332 1
6188 1
6187 1
6602 1
6611 0
6606 1
6602 0
6188 0
5332 0
32 1
6187 0
6606 0
5211 1
32 0
6762 1
5210 1
5211 0
5210 0
6757 1
1865 1
6762 0
6757 0
6756 1
1896 1
1865 0
1896 0
1895 1
6756 0
6821 1
6821 0
4868 1
4786 1
4785 1
2283 1
2919 1
697 1
697 0
1895 0
2283 0
4786 0
4785 0
1892 1
4868 0
1891 1
1892 0
2919 0
2918 1
1469 1
2918 0
1891 0
5026 1
6979 1
1469 0
5825 1
5026 0
4534 1
5825 0
1173 1
6979 0
4533 1
4534 0
1174 1
1173 0
1457 1
4533 0
6975 1
1174 0
6975 0
657 1
1457 0
2079 1
657 0
4246 1
4246 0
6013 1
2079 0
3866 1
6013 0
544 1
7788 1
544 0
44 1
3866 0
1703 1
44 0
7788 0
291 1
1703 0
1453 1
291 0
2124 1
1453 0
7200 1
2101 1
7200 0
4858 1
2124 0
1805 1
2101 0
4005 1
4858 0
4005 0
2566 1
1805 0
6484 1
2566 0
2181 1
6484 0
6485 1
6032 1
2181 0
2698 1
6485 0
6032 0
2443 1
2443 0
2450 1
244 1
2698 0
2450 0
2930 1
909 1
244 0
909 0
2512 1
4689 1
2930 0
2512 0
99 1
4689 0
1315 1
99 0
819 1
4684 1
1315 0
196 1
4684 0
1978 1
819 0
1978 0
1993 1
196 0
1605 1
1993 0
2009 1
7702 1
1605 0
331 1
7702 0
7676 1
331 0
603 1
7676 0
7012 1
903 1
296 1
2009 0
898 1
296 0
898 0
6999 1
7012 0
603 0
7666 1
2176 1
7666 0
1910 1
2176 0
577 1
1910 0
1992 1
1998 1
1998 0
6999 0
1992 0
1991 1
1004 1
903 0
1004 0
2439 1
577 0
2439 0
5625 1
1991 0
6997 1
1929 1
5625 0
1929 0
3628 1
4715 1
945 1
6973 1
6973 0
1550 1
917 1
917 0
6997 0
5291 1
5291 0
945 0
4715 0
7686 1
3628 0
514 1
7686 0
1500 1
1550 0
3256 1
1500 0
513 1
514 0
3257 1
3256 0
513 0
1349 1
1349 0
5135 1
3623 1
5135 0
3257 0
2805 1
3622 1
3623 0
2805 0
2806 1
1371 1
2806 0
1371 0
3510 1
245 1
3618 1
245 0
3589 1
3589 0
3622 0
1014 1
1343 1
1343 0
2125 1
1014 0
4068 1
3618 0
4068 0
451 1
3510 0
693 1
451 0
3604 1
2125 0
3604 0
6357 1
693 0
688 1
6357 0
3527 1
688 0
687 1
687 0
2385 1
1610 1
3527 0
1610 0
1611 1
1611 0
861 1
694 1
2385 0
2386 1
694 0
3530 1
861 0
1687 1
3057 1
1687 0
3588 1
5189 1
5189 0
2386 0
3530 0
969 1
969 0
5121 1
3501 1
3057 0
1145 1
3587 1
3588 0
5121 0
3587 0
3501 0
1145 0
