5406 1
3411 1
1774 1
3411 0
1774 0
3638 1
5407 1
5406 0
3638 0
3394 1
3813 1
3394 0
1849 1
5407 0
3415 1
3813 0
1849 0
3464 1
3416 1
3415 0
4236 1
3416 0
3646 1
3464 0
1703 1
3646 0
4236 0
1731 1
3541 1
1703 0
3541 0
5413 1
3454 1
5413 0
1665 1
1665 0
244 1
1844 1
1844 0
3442 1
244 0
3446 1
3446 0
1724 1
4266 1
1724 0
4266 0
1731 0
3454 0
4348 1
4348 0
1823 1
1823 0
1824 1
3442 0
1607 1
587 1
1824 0
511 1
1607 0
1579 1
587 0
3439 1
511 0
3439 0
3440 1
3440 0
1579 0
1571 1
1829 1
1571 0
4432 1
1829 0
679 1
3462 1
679 0
4432 0
4430 1
3462 0
3463 1
3463 0
1214 1
1693 1
1214 0
4430 0
4431 1
3477 1
1693 0
5072 1
4431 0
1155 1
5072 0
4803 1
4803 0
291 1
3477 0
3475 1
291 0
3475 0
739 1
1155 0
2714 1
4767 1
739 0
1462 1
2714 0
1874 1
1462 0
1950 1
1950 0
4767 0
3549 1
3494 1
3494 0
3478 1
3478 0
5142 1
5142 0
1874 0
392 1
392 0
1909 1
3549 0
2349 1
2935 1
1909 0
1199 1
2935 0
3491 1
1915 1
1199 0
2203 1
2203 0
172 1
172 0
5280 1
2349 0
3491 0
1915 0
109 1
2706 1
5280 0
2706 0
3486 1
109 0
1922 1
3486 0
1817 1
1817 0
2229 1
1893 1
672 1
2229 0
1550 1
1922 0
1316 1
1316 0
1551 1
1550 0
1893 0
423 1
423 0
1551 0
3420 1
672 0
3420 0
