641 1
1282 1
246 1
641 0
246 0
1494 1
1278 1
7072 1
7074 1
7074 0
1264 1
1278 0
1282 0
7072 0
1263 1
1283 1
1283 0
1263 0
1494 0
6459 1
6459 0
6457 1
1264 0
241 1
672 1
241 0
6458 1
6457 0
672 0
1275 1
431 1
1275 0
1295 1
6458 0
826 1
431 0
1294 1
1295 0
827 1
826 0
827 0
1246 1
1835 1
1294 0
2243 1
1835 0
1246 0
1245 1
1245 0
6687 1
7646 1
2243 0
7646 0
257 1
1303 1
257 0
6687 0
109 1
109 0
6798 1
1303 0
762 1
7167 1
6798 0
762 0
5023 1
4387 1
7167 0
2092 1
5023 0
7333 1
2092 0
3334 1
4387 0
853 1
7333 0
853 0
852 1
1409 1
852 0
3244 1
3334 0
295 1
1409 0
1460 1
295 0
5465 1
3244 0
1241 1
5465 0
1460 0
1461 1
1241 0
1326 1
1326 0
6058 1
1461 0
7596 1
123 1
6058 0
7596 0
1310 1
5105 1
123 0
1310 0
6360 1
5105 0
830 1
6360 0
6012 1
830 0
6062 1
6062 0
320 1
176 1
4363 1
4363 0
4367 1
2197 1
177 1
2197 0
1948 1
1948 0
177 0
6022 1
6022 0
2447 1
176 0
6660 1
6661 1
6662 1
6661 0
6662 0
2447 0
2112 1
6660 0
2156 1
4367 0
4942 1
320 0
2156 0
330 1
4942 0
7382 1
6166 1
6012 0
1546 1
7382 0
956 1
2112 0
6166 0
1481 1
956 0
1868 1
4666 1
330 0
4638 1
4666 0
6099 1
4638 0
1312 1
329 1
1312 0
329 0
3821 1
1868 0
1481 0
1313 1
3821 0
4680 1
5807 1
1546 0
3131 1
6099 0
4680 0
4679 1
5807 0
569 1
3131 0
2559 1
4678 1
4679 0
3814 1
2559 0
4676 1
4678 0
1482 1
1313 0
3815 1
3814 0
569 0
445 1
4676 0
4677 1
4446 1
3815 0
445 0
4006 1
4446 0
4877 1
4677 0
4687 1
4652 1
4877 0
6885 1
4687 0
1549 1
1482 0
4652 0
4651 1
6885 0
6886 1
2610 1
4651 0
6044 1
4006 0
6884 1
6886 0
1549 0
6971 1
4946 1
2610 0
6884 0
4883 1
4646 1
4946 0
4883 0
6233 1
6971 0
6089 1
6236 1
6233 0
5978 1
4646 0
5316 1
5978 0
5316 0
7779 1
2337 1
6044 0
6236 0
1773 1
4002 1
2337 0
5950 1
7779 0
4002 0
255 1
6919 1
34 1
1773 0
7852 1
34 0
3812 1
6919 0
5950 0
1084 1
5262 1
3812 0
1083 1
1084 0
1083 0
4722 1
3521 1
6089 0
6045 1
1023 1
3521 0
3806 1
1023 0
7462 1
4722 0
5262 0
3806 0
1779 1
1779 0
7852 0
7461 1
7461 0
7462 0
3335 1
255 0
7289 1
6045 0
2811 1
3335 0
3852 1
2811 0
7289 0
1853 1
3852 0
6446 1
912 1
6446 0
912 0
7704 1
7704 0
5726 1
1853 0
904 1
5709 1
5726 0
5709 0
659 1
7375 1
904 0
4976 1
7266 1
7618 1
659 0
6914 1
7067 1
7067 0
7395 1
7395 0
7618 0
4976 0
7266 0
7376 1
7375 0
6914 0
385 1
385 0
386 1
6994 1
7376 0
7692 1
386 0
1975 1
6994 0
7692 0
2466 1
1975 0
407 1
5433 1
2466 0
5433 0
5430 1
407 0
3516 1
3192 1
5430 0
1772 1
3192 0
5272 1
3481 1
3513 1
3516 0
3513 0
4066 1
4066 0
4067 1
4067 0
1772 0
3482 1
4149 1
5272 0
3482 0
4148 1
4149 0
4148 0
2583 1
5976 1
3481 0
6531 1
2583 0
596 1
5976 0
6531 0
249 1
596 0
7337 1
7337 0
7336 1
249 0
7685 1
7113 1
7685 0
910 1
7336 0
7113 0
7248 1
7249 1
7248 0
910 0
3490 1
3492 1
3490 0
7249 0
3203 1
3492 0
3540 1
3202 1
3203 0
3541 1
3540 0
3541 0
3543 1
3526 1
3202 0
3543 0
3542 1
3526 0
65 1
7412 1
65 0
3496 1
3542 0
7762 1
3496 0
7762 0
3578 1
7412 0
378 1
3578 0
1220 1
3406 1
378 0
1220 0
966 1
13 1
966 0
3405 1
3406 0
13 0
12 1
3411 1
3405 0
2570 1
12 0
6502 1
3411 0
2570 0
3559 1
6502 0
6503 1
3654 1
6503 0
3534 1
3559 0
3654 0
3652 1
3653 1
3652 0
3534 0
3463 1
3462 1
3414 1
3462 0
3463 0
976 1
3653 0
3416 1
3414 0
3416 0
3417 1
3417 0
976 0
