2552 1
22 1
510 1
2179 1
3072 1
3073 1
3073 0
510 0
5353 1
5364 1
2179 0
2552 0
4439 1
4439 0
5353 0
22 0
4450 1
5364 0
2638 1
3072 0
4450 0
4453 1
2638 0
3756 1
2279 1
4462 1
4453 0
2279 0
2676 1
3756 0
4452 1
4462 0
3910 1
2676 0
4459 1
4452 0
1163 1
3910 0
4334 1
1163 0
4460 1
4459 0
1736 1
4460 0
1061 1
4334 0
1061 0
2659 1
3877 1
1736 0
3224 1
3877 0
2659 0
2661 1
2660 1
2661 0
2660 0
2433 1
499 1
3224 0
2434 1
2433 0
2434 0
3393 1
3552 1
3393 0
3552 0
2641 1
5056 1
499 0
2641 0
4257 1
474 1
5056 0
2414 1
4257 0
2432 1
2432 0
4252 1
4252 0
2414 0
2821 1
474 0
4086 1
2821 0
2822 1
2852 1
4487 1
5344 1
2852 0
4797 1
4487 0
5344 0
2845 1
3723 1
4797 0
2845 0
3961 1
2210 1
1430 1
3961 0
1697 1
1697 0
3957 1
4085 1
4085 0
4086 0
3957 0
3723 0
471 1
1154 1
2210 0
471 0
1154 0
2822 0
3997 1
3997 0
2958 1
1430 0
1429 1
5329 1
2958 0
5445 1
5329 0
1429 0
1362 1
5445 0
1765 1
1362 0
1763 1
1763 0
1702 1
1805 1
1702 0
1765 0
306 1
342 1
1805 0
3964 1
1794 1
1794 0
342 0
306 0
4879 1
3964 0
3962 1
4879 0
2939 1
2939 0
5157 1
3659 1
3962 0
3660 1
3659 0
3660 0
3153 1
3153 0
4616 1
4617 1
4616 0
4617 0
5137 1
5157 0
3058 1
5137 0
1663 1
3058 0
1382 1
1382 0
3828 1
1663 0
2525 1
2525 0
3247 1
5467 1
3828 0
3247 0
1651 1
4846 1
1651 0
2508 1
5467 0
939 1
2508 0
4846 0
1704 1
939 0
2948 1
1704 0
4473 1
3239 1
2948 0
1652 1
3448 1
1652 0
4958 1
3176 1
3176 0
1884 1
4473 0
4958 0
3448 0
2129 1
3239 0
4033 1
3122 1
3116 1
3066 1
4033 0
3116 0
2483 1
3066 0
958 1
3122 0
5437 1
2483 0
166 1
958 0
4605 1
5437 0
166 0
217 1
217 0
2510 1
2129 0
3076 1
4288 1
2510 0
2061 1
4605 0
2053 1
2061 0
3305 1
1884 0
453 1
2053 0
4288 0
168 1
168 0
4504 1
3305 0
3306 1
1252 1
3076 0
453 0
4176 1
4176 0
3924 1
3306 0
3304 1
3438 1
4504 0
248 1
1252 0
3438 0
869 1
3304 0
1266 1
3924 0
273 1
1266 0
1567 1
3082 1
3088 1
3082 0
248 0
251 1
4689 1
251 0
274 1
273 0
3085 1
3088 0
3085 0
869 0
3105 1
4690 1
4690 0
4689 0
3100 1
3100 0
3067 1
1567 0
454 1
3105 0
3067 0
274 0
2052 1
454 0
1840 1
1997 1
2052 0
1546 1
1997 0
1841 1
1840 0
1841 0
1392 1
2022 1
1546 0
2022 0
2023 1
3254 1
1392 0
2023 0
281 1
489 1
3254 0
489 0
1614 1
1615 1
1614 0
281 0
4706 1
4706 0
2551 1
1615 0
1616 1
1974 1
2551 0
3256 1
3256 0
1616 0
87 1
1617 1
144 1
144 0
1974 0
1977 1
1617 0
87 0
1685 1
1685 0
3301 1
1977 0
411 1
411 0
422 1
422 0
5503 1
1983 1
5503 0
4341 1
1983 0
1982 1
5240 1
5241 1
5240 0
4094 1
1131 1
4094 0
5241 0
3890 1
1011 1
3890 0
1131 0
3321 1
400 1
1011 0
1985 1
1982 0
400 0
399 1
3292 1
3301 0
4922 1
2110 1
2110 0
399 0
177 1
3321 0
1240 1
4340 1
1240 0
4922 0
1865 1
1865 0
4923 1
4341 0
4923 0
4340 0
1258 1
3236 1
177 0
1258 0
486 1
3236 0
3384 1
1985 0
4936 1
486 0
1257 1
1257 0
1864 1
3384 0
3235 1
3235 0
1186 1
1186 0
3564 1
4936 0
5165 1
1864 0
361 1
361 0
4140 1
3292 0
3291 1
5165 0
5164 1
4140 0
2228 1
3616 1
3291 0
3812 1
3564 0
5164 0
4712 1
3616 0
3799 1
4183 1
4712 0
1273 1
3799 0
3812 0
37 1
14 1
14 0
37 0
5105 1
2224 1
4954 1
4953 1
2224 0
4954 0
4953 0
1964 1
4183 0
4139 1
2228 0
5134 1
5134 0
381 1
4368 1
959 1
4368 0
959 0
4139 0
384 1
384 0
3615 1
1273 0
5105 0
3558 1
3606 1
3615 0
4233 1
1964 0
3558 0
3609 1
3607 1
3606 0
5205 1
3607 0
5205 0
3609 0
4901 1
4233 0
381 0
440 1
440 0
3585 1
4943 1
4901 0
812 1
812 0
4370 1
5200 1
1891 1
3585 0
1891 0
5200 0
4125 1
884 1
4125 0
4370 0
4943 0
4942 1
3718 1
4942 0
1242 1
884 0
3718 0
3717 1
1242 0
1243 1
1243 0
3666 1
3683 1
3717 0
3666 0
432 1
3392 1
432 0
2218 1
3683 0
2388 1
2218 0
5161 1
2388 0
3392 0
1301 1
5161 0
5269 1
3402 1
1301 0
3402 0
3403 1
5269 0
4079 1
3403 0
1790 1
3398 1
1790 0
5284 1
3398 0
5107 1
4079 0
5284 0
5282 1
5107 0
2562 1
906 1
1900 1
4394 1
1900 0
906 0
2664 1
5035 1
4394 0
2664 0
3668 1
5282 0
5283 1
5283 0
5249 1
5035 0
5034 1
3668 0
282 1
5249 0
1869 1
5034 0
1869 0
4952 1
282 0
2370 1
2562 0
2353 1
4952 0
2370 0
2369 1
2355 1
2353 0
2369 0
4193 1
2355 0
2354 1
2392 1
4193 0
2377 1
2354 0
2377 0
2392 0
