2154 1
5099 1
525 1
5099 0
861 1
525 0
2308 1
2879 1
2154 0
2879 0
2906 1
1917 1
2906 0
861 0
804 1
804 0
803 1
2808 1
2309 1
2308 0
2808 0
2309 0
1917 0
4866 1
2806 1
803 0
2806 0
2311 1
2912 1
2931 1
2929 1
2928 1
2912 0
2311 0
4297 1
4866 0
4297 0
2929 0
2931 0
2928 0
5060 1
5096 1
5060 0
2539 1
2539 0
2272 1
1885 1
2917 1
5206 1
2917 0
2272 0
5096 0
1890 1
1885 0
827 1
1890 0
5369 1
5206 0
2684 1
5369 0
784 1
827 0
1547 1
2684 0
62 1
1547 0
1319 1
62 0
61 1
825 1
61 0
825 0
4611 1
5500 1
784 0
821 1
3053 1
3053 0
3481 1
3481 0
5500 0
4611 0
1319 0
2264 1
721 1
821 0
192 1
2264 0
1003 1
3999 1
5303 1
845 1
3999 0
736 1
5303 0
2774 1
192 0
5180 1
845 0
5180 0
260 1
4518 1
721 0
4292 1
260 0
1003 0
720 1
2232 1
736 0
4751 1
4292 0
4518 0
2774 0
5347 1
3049 1
4751 0
2232 0
3133 1
1417 1
3049 0
720 0
4963 1
1416 1
1417 0
5347 0
5335 1
4963 0
793 1
1416 0
5196 1
793 0
2979 1
2511 1
5335 0
796 1
2511 0
94 1
2979 0
5380 1
5375 1
5375 0
5028 1
3133 0
5380 0
1181 1
1181 0
2059 1
5196 0
5197 1
2991 1
796 0
94 0
2975 1
2975 0
64 1
4308 1
5197 0
2990 1
2991 0
2989 1
2990 0
2992 1
64 0
2989 0
2992 0
5028 0
1471 1
2237 1
4308 0
2237 0
4315 1
4319 1
1471 0
3511 1
4320 1
3511 0
141 1
141 0
4319 0
4316 1
4315 0
2059 0
4039 1
4320 0
4039 0
4316 0
