2421 1
2422 1
2422 0
4332 1
3183 1
2421 0
3183 0
1757 1
4332 0
3886 1
3886 0
4986 1
1757 0
610 1
4986 0
2190 1
2438 1
2190 0
1812 1
2677 1
1812 0
2423 1
2044 1
610 0
2423 0
2677 0
1889 1
1889 0
2438 0
4983 1
4983 0
3031 1
4908 1
4010 1
564 1
4908 0
3341 1
4010 0
564 0
2571 1
2763 1
2571 0
4160 1
2044 0
3341 0
3342 1
5436 1
3342 0
2763 0
2756 1
3031 0
3032 1
4604 1
5436 0
3854 1
4160 0
2756 0
960 1
2555 1
3032 0
2555 0
2453 1
2635 1
4604 0
3854 0
2437 1
2437 0
1754 1
2635 0
4197 1
2637 1
1754 0
2637 0
4197 0
2453 0
2445 1
3580 1
960 0
2445 0
4544 1
1873 1
3580 0
3026 1
4544 0
17 1
1873 0
3026 0
3902 1
1635 1
3902 0
1635 0
2078 1
17 0
3980 1
3980 0
68 1
4291 1
68 0
3115 1
2078 0
3115 0
1640 1
1640 0
2607 1
56 1
4291 0
1150 1
2832 1
56 0
4887 1
2607 0
2502 1
2501 1
2501 0
4887 0
1150 0
2832 0
1700 1
3419 1
1700 0
4889 1
3419 0
2502 0
2491 1
1494 1
2491 0
4889 0
696 1
1494 0
3421 1
862 1
696 0
3421 0
895 1
5010 1
862 0
895 0
2494 1
262 1
5010 0
2494 0
2490 1
2490 0
106 1
106 0
3892 1
262 0
3289 1
3289 0
2293 1
5012 1
3892 0
310 1
5012 0
3761 1
2293 0
3761 0
1533 1
310 0
885 1
3197 1
3229 1
3197 0
3229 0
3318 1
3318 0
3123 1
365 1
2286 1
2101 1
4893 1
3300 1
3300 0
2503 1
2286 0
4893 0
3123 0
365 0
1759 1
2101 0
615 1
2503 0
5294 1
1759 0
5462 1
615 0
3378 1
5294 0
29 1
5462 0
3378 0
3373 1
1533 0
579 1
29 0
3120 1
3225 1
885 0
711 1
3225 0
351 1
3120 0
3373 0
1642 1
3178 1
711 0
3028 1
1642 0
351 0
3114 1
3372 1
3028 0
579 0
167 1
3109 1
1198 1
3178 0
3109 0
3114 0
1198 0
3372 0
2450 1
167 0
4037 1
4037 0
3296 1
2450 0
2011 1
3296 0
4395 1
4395 0
3262 1
2011 0
2196 1
563 1
2196 0
3262 0
735 1
3981 1
563 0
734 1
735 0
3981 0
3271 1
1497 1
734 0
876 1
3271 0
1497 0
1498 1
2092 1
1967 1
876 0
2034 1
2034 0
2092 0
1498 0
3293 1
1967 0
3654 1
3293 0
948 1
3654 0
2095 1
2095 0
2235 1
948 0
1272 1
2236 1
2235 0
3278 1
1272 0
2236 0
180 1
4927 1
180 0
3278 0
3290 1
4927 0
1975 1
323 1
3290 0
4211 1
323 0
1981 1
1975 0
2085 1
1981 0
4211 0
2883 1
3182 1
2085 0
5416 1
2883 0
3182 0
2579 1
5416 0
4766 1
2579 0
1897 1
929 1
4766 0
2321 1
929 0
3954 1
1897 0
2321 0
1000 1
3954 0
369 1
1000 0
5177 1
889 1
5177 0
369 0
4146 1
889 0
1120 1
1859 1
1120 0
1859 0
1921 1
1921 0
3741 1
4146 0
1941 1
3742 1
3741 0
1941 0
4155 1
3742 0
2094 1
641 1
2094 0
4155 0
4153 1
4153 0
4152 1
4152 0
5232 1
439 1
641 0
5232 0
1549 1
439 0
957 1
437 1
957 0
4660 1
437 0
5234 1
1549 0
4660 0
4659 1
3245 1
5234 0
4641 1
4659 0
3245 0
4873 1
4641 0
4026 1
4845 1
4026 0
4071 1
4845 0
4874 1
4873 0
4071 0
4077 1
3720 1
2093 1
249 1
249 0
4874 0
3720 0
2246 1
2246 0
4077 0
3391 1
3850 1
2093 0
3391 0
633 1
634 1
633 0
3850 0
973 1
973 0
4361 1
485 1
634 0
2379 1
4361 0
485 0
398 1
4824 1
4825 1
4824 0
3094 1
4668 1
4668 0
3094 0
2379 0
2238 1
293 1
4825 0
293 0
398 0
3749 1
4996 1
2238 0
3749 0
3408 1
3397 1
3408 0
1190 1
3727 1
5456 1
239 1
992 1
992 0
239 0
4996 0
5044 1
5456 0
3727 0
1190 0
5260 1
5044 0
1882 1
3397 0
4531 1
1882 0
4531 0
220 1
3791 1
5260 0
3791 0
1927 1
2970 1
220 0
208 1
2970 0
4788 1
1927 0
208 0
4788 0
