2818 1
2739 1
2738 1
2739 0
2818 0
2878 1
4405 1
2738 0
2737 1
2878 0
3936 1
4405 0
121 1
3936 0
4872 1
2737 0
4872 0
4555 1
122 1
121 0
4782 1
4555 0
4204 1
4782 0
3658 1
4204 0
2900 1
122 0
4232 1
3658 0
2900 0
2158 1
4232 0
1484 1
2814 1
1484 0
2814 0
5079 1
3347 1
3347 0
2914 1
4620 1
4620 0
2158 0
2864 1
358 1
2914 0
4255 1
5079 0
358 0
2435 1
4255 0
2916 1
2864 0
2435 0
2720 1
2916 0
2809 1
2720 0
562 1
2809 0
2310 1
2850 1
562 0
2310 0
2918 1
268 1
2850 0
1488 1
2316 1
2930 1
2930 0
2918 0
5150 1
1488 0
5150 0
268 0
2853 1
2316 0
347 1
2853 0
2933 1
2933 0
2937 1
347 0
2863 1
1078 1
1079 1
2863 0
1079 0
1078 0
2937 0
1486 1
3969 1
3970 1
1487 1
3970 0
1487 0
1505 1
3869 1
1486 0
1505 0
2083 1
3869 0
4632 1
2083 0
4632 0
722 1
3969 0
5341 1
2346 1
722 0
5340 1
5341 0
5340 0
1938 1
1938 0
3848 1
405 1
4862 1
466 1
405 0
4862 0
4511 1
2346 0
4511 0
3170 1
4512 1
4512 0
466 0
543 1
3848 0
4243 1
1439 1
1439 0
1796 1
5417 1
4839 1
4839 0
5417 0
4243 0
1795 1
1796 0
45 1
543 0
1067 1
1296 1
1296 0
718 1
2923 1
1795 0
45 0
1085 1
3170 0
4350 1
3835 1
4350 0
2230 1
1067 0
934 1
1085 0
718 0
624 1
2271 1
2230 0
934 0
2923 0
4403 1
2231 1
2271 0
625 1
624 0
3834 1
3835 0
625 0
3190 1
786 1
3834 0
852 1
2231 0
4403 0
4272 1
2188 1
3190 0
822 1
852 0
786 0
935 1
2188 0
5440 1
822 0
5443 1
935 0
922 1
790 1
4272 0
783 1
922 0
783 0
1281 1
5440 0
3751 1
5443 0
5115 1
5337 1
26 1
26 0
5115 0
3751 0
4327 1
790 0
4434 1
1281 0
1013 1
1013 0
0 1
0 0
874 1
4327 0
1092 1
4049 1
1092 0
2963 1
5337 0
3838 1
874 0
1948 1
4434 0
1415 1
4979 1
4979 0
4606 1
4606 0
3823 1
2963 0
1948 0
128 1
1194 1
3838 0
1217 1
128 0
758 1
823 1
4049 0
823 0
891 1
460 1
758 0
1217 0
4737 1
1194 0
1415 0
4738 1
4702 1
4738 0
4737 0
800 1
4702 0
797 1
4295 1
460 0
4312 1
891 0
2036 1
2036 0
4312 0
747 1
4295 0
4956 1
3823 0
800 0
257 1
797 0
801 1
4956 0
215 1
4299 1
747 0
257 0
506 1
2969 1
801 0
506 0
831 1
2969 0
2968 1
2968 0
470 1
3089 1
4299 0
831 0
728 1
728 0
3896 1
112 1
215 0
4570 1
470 0
1386 1
112 0
4323 1
3089 0
3896 0
1224 1
1222 1
4570 0
1386 0
1385 1
1224 0
1351 1
1222 0
1830 1
1351 0
2639 1
2639 0
2640 1
514 1
1830 0
514 0
2640 0
4323 0
4047 1
1385 0
2126 1
2126 0
4321 1
4051 1
4321 0
544 1
160 1
544 0
4047 0
4902 1
33 1
4903 1
4903 0
4902 0
160 0
4051 0
3253 1
4038 1
3253 0
4038 0
2984 1
3935 1
1326 1
2984 0
3935 0
33 0
1326 0
