410 1
2958 1
410 0
6714 1
7262 1
2958 0
7262 0
7263 1
5033 1
7263 0
4750 1
6714 0
5033 0
4818 1
4818 0
681 1
4750 0
2960 1
2960 0
2855 1
3157 1
681 0
2855 0
4755 1
3157 0
6707 1
4756 1
4755 0
6707 0
642 1
6708 1
642 0
4756 0
5756 1
6708 0
6709 1
5756 0
5755 1
6709 0
6373 1
6373 0
4820 1
5980 1
5755 0
4820 0
6376 1
5980 0
1213 1
1213 0
6282 1
5665 1
6376 0
4778 1
3178 1
5895 1
6281 1
6282 0
5895 0
6281 0
4779 1
4779 0
4778 0
5665 0
3781 1
3781 0
5320 1
6837 1
5320 0
3178 0
3156 1
6837 0
2884 1
2884 0
7883 1
3156 0
3155 1
4788 1
3155 0
3169 1
4788 0
7883 0
7882 1
3169 0
4803 1
4803 0
6467 1
7882 0
7023 1
6998 1
7023 0
5108 1
6467 0
4870 1
5108 0
5112 1
6998 0
2786 1
2786 0
3226 1
7881 1
7880 1
7881 0
7880 0
4870 0
1594 1
5112 0
4309 1
3226 0
6823 1
1594 0
4309 0
4308 1
4308 0
5880 1
5883 1
6823 0
5883 0
5884 1
5880 0
1801 1
5884 0
6981 1
1801 0
4300 1
6981 0
2428 1
957 1
2428 0
4300 0
7863 1
957 0
2213 1
4281 1
7863 0
2213 0
5971 1
7663 1
5971 0
7663 0
1982 1
1642 1
4281 0
6758 1
1982 0
1642 0
7118 1
7118 0
7008 1
2411 1
7008 0
2411 0
2613 1
6758 0
4260 1
4123 1
2613 0
4260 0
6428 1
2361 1
4123 0
3605 1
6428 0
2361 0
2360 1
2360 0
1116 1
6464 1
3605 0
6464 0
6462 1
2349 1
6462 0
7752 1
1116 0
430 1
7752 0
2349 0
482 1
430 0
2354 1
1624 1
482 0
2351 1
2354 0
1624 0
1623 1
2351 0
2352 1
2352 0
5424 1
1623 0
1465 1
5580 1
1465 0
5424 0
2207 1
5580 0
7123 1
6272 1
7123 0
2207 0
474 1
5727 1
6272 0
473 1
474 0
981 1
5727 0
6520 1
981 0
6525 1
6520 0
473 0
3647 1
2273 1
3647 0
649 1
6525 0
649 0
2657 1
6198 1
2273 0
6198 0
6196 1
2657 0
2656 1
2656 0
1788 1
5266 1
1788 0
106 1
6158 1
6196 0
6186 1
6158 0
6156 1
6156 0
106 0
5266 0
2228 1
6186 0
6185 1
2874 1
6185 0
2227 1
2874 0
2237 1
2226 1
2227 0
2226 0
4912 1
1813 1
1812 1
1812 0
1813 0
2228 0
2237 0
2238 1
4912 0
2274 1
89 1
2274 0
3338 1
1650 1
90 1
89 0
3338 0
1650 0
1646 1
466 1
2236 1
2236 0
2238 0
1646 0
90 0
1034 1
1034 0
2235 1
466 0
2235 0
