641 1
1282 1
641 0
5213 1
1283 1
1282 0
308 1
1283 0
5212 1
5213 0
557 1
308 0
5212 0
2224 1
2224 0
5686 1
557 0
637 1
5687 1
5686 0
638 1
637 0
5687 0
1292 1
672 1
638 0
672 0
1275 1
1292 0
1293 1
1244 1
1275 0
436 1
1244 0
1293 0
874 1
874 0
875 1
436 0
827 1
827 0
1246 1
875 0
5002 1
5175 1
5003 1
5002 0
1245 1
1246 0
6687 1
1245 0
1968 1
5003 0
5286 1
5287 1
5287 0
5175 0
1968 0
6687 0
6688 1
2749 1
6688 0
762 1
5286 0
5023 1
762 0
7168 1
2749 0
2092 1
5023 0
7167 1
7168 0
2092 0
5019 1
7167 0
4387 1
848 1
5019 0
848 0
4089 1
4387 0
3334 1
4089 0
3251 1
3334 0
3244 1
1460 1
3251 0
3244 0
5465 1
1241 1
5465 0
3015 1
1241 0
1460 0
1461 1
5681 1
3015 0
1461 0
7596 1
5681 0
1954 1
7596 0
1310 1
6170 1
1954 0
6268 1
6170 0
6025 1
1310 0
6268 0
6060 1
6061 1
6060 0
7353 1
6025 0
6022 1
177 1
176 1
177 0
6022 0
2202 1
4710 1
2202 0
176 0
4363 1
4710 0
6662 1
4362 1
4363 0
6662 0
6661 1
4362 0
2198 1
6061 0
6862 1
6661 0
6660 1
5275 1
4620 1
5275 0
330 1
329 1
330 0
2156 1
2156 0
2198 0
6660 0
2179 1
4620 0
6862 0
7347 1
2179 0
2178 1
1551 1
2178 0
7347 0
5474 1
329 0
1312 1
1551 0
145 1
5474 0
5829 1
145 0
144 1
7353 0
6166 1
3977 1
1312 0
3977 0
4619 1
4631 1
144 0
1481 1
6166 0
4619 0
4629 1
1313 1
1481 0
1482 1
1313 0
1081 1
5829 0
4631 0
805 1
4629 0
4626 1
1081 0
4848 1
4632 1
805 0
4848 0
4849 1
4633 1
4632 0
3868 1
4626 0
7020 1
4633 0
3868 0
5723 1
7791 1
7020 0
4030 1
4849 0
5722 1
5723 0
7791 0
7790 1
7790 0
7667 1
6096 1
4642 1
4641 1
4641 0
4642 0
5721 1
5722 0
6096 0
6097 1
6097 0
4030 0
4006 1
1482 0
1549 1
4000 1
7667 0
6087 1
1549 0
4000 0
3847 1
4006 0
6044 1
3847 0
3848 1
7591 1
5721 0
6044 0
2337 1
7591 0
6263 1
4879 1
3848 0
6201 1
4879 0
6263 0
7415 1
6203 1
6201 0
4002 1
2337 0
6088 1
6087 0
6203 0
3696 1
5956 1
7415 0
560 1
3696 0
5956 0
5573 1
4002 0
255 1
560 0
559 1
1945 1
6088 0
5573 0
7786 1
5361 1
255 0
7778 1
195 1
559 0
3812 1
6919 1
6919 0
4878 1
3816 1
3816 0
4878 0
195 0
5950 1
5316 1
5316 0
7786 0
5950 0
7774 1
7779 1
7779 0
7778 0
7781 1
6694 1
5361 0
7780 1
7781 0
7780 0
3733 1
7774 0
5262 1
3812 0
4220 1
1945 0
3806 1
5262 0
3733 0
999 1
1023 1
3806 0
1000 1
999 0
1023 0
7767 1
7767 0
7777 1
6694 0
3817 1
1000 0
7768 1
3520 1
7777 0
3520 0
7768 0
3824 1
3817 0
4220 0
324 1
3824 0
4022 1
4021 1
4022 0
4021 0
5354 1
324 0
5435 1
4976 1
5354 0
7266 1
4976 0
5435 0
7375 1
6914 1
7266 0
7375 0
7376 1
6914 0
385 1
6994 1
7376 0
386 1
385 0
4069 1
6994 0
7692 1
386 0
2466 1
7692 0
2466 0
7691 1
3613 1
4069 0
3613 0
4331 1
1772 1
4331 0
3192 1
7691 0
5272 1
3192 0
611 1
5272 0
1772 0
3482 1
6530 1
611 0
2043 1
6530 0
3482 0
7365 1
7365 0
7364 1
2043 0
249 1
7335 1
7364 0
249 0
7685 1
7335 0
3579 1
3579 0
3565 1
7685 0
7113 1
3564 1
3565 0
7113 0
7372 1
3537 1
3564 0
3537 0
3540 1
3541 1
3540 0
307 1
1502 1
307 0
3202 1
3203 1
3203 0
7372 0
3202 0
306 1
1502 0
3541 0
1216 1
1217 1
1216 0
306 0
1067 1
1217 0
3496 1
3496 0
7762 1
1067 0
2551 1
105 1
2551 0
7762 0
3578 1
1220 1
3578 0
7533 1
105 0
3405 1
3406 1
3406 0
378 1
378 0
7534 1
7533 0
1029 1
1029 0
1030 1
966 1
966 0
13 1
1220 0
968 1
1030 0
968 0
2027 1
3411 1
3405 0
3411 0
54 1
2027 0
7534 0
13 0
12 1
2570 1
12 0
4164 1
54 0
4151 1
2570 0
4168 1
4164 0
7760 1
4151 0
3431 1
4168 0
3431 0
2753 1
7760 0
3463 1
3463 0
3462 1
178 1
984 1
3652 1
3652 0
3653 1
3653 0
1226 1
976 1
976 0
2753 0
178 0
313 1
3414 1
3462 0
1225 1
3414 0
983 1
984 0
983 0
314 1
313 0
314 0
1226 0
1225 0
