3457 1
5406 1
1776 1
1849 1
3411 1
3411 0
1849 0
5235 1
5406 0
5407 1
5407 0
3457 0
3447 1
5235 0
3447 0
3450 1
1776 0
1777 1
1727 1
3450 0
3840 1
3931 1
1777 0
712 1
1727 0
1731 1
1731 0
4236 1
1665 1
4236 0
3840 0
712 0
5146 1
5413 1
3931 0
3541 1
5413 0
3455 1
3454 1
3454 0
3541 0
5146 0
1826 1
3455 0
3442 1
1665 0
1607 1
3442 0
2334 1
1607 0
1826 0
1825 1
1825 0
3818 1
2334 0
3818 0
1262 1
5473 1
3462 1
1262 0
5490 1
3463 1
3462 0
5072 1
5072 0
5071 1
1726 1
1726 0
5473 0
4431 1
4431 0
4430 1
4430 0
3463 0
4898 1
5490 0
4898 0
142 1
5050 1
142 0
5071 0
2713 1
4526 1
739 1
5142 1
5142 0
4803 1
5050 0
4803 0
739 0
4767 1
4767 0
5433 1
2713 0
5389 1
4526 0
5389 0
1218 1
5433 0
3492 1
4126 1
1218 0
3493 1
3492 0
2446 1
2935 1
4126 0
1199 1
1915 1
1199 0
1915 0
1916 1
2935 0
2446 0
3493 0
199 1
671 1
1916 0
198 1
199 0
671 0
1893 1
3489 1
1867 1
1893 0
423 1
2343 1
198 0
423 0
1867 0
3489 0
2343 0
