2718 1
2871 1
2718 0
2903 1
2903 0
2902 1
2719 1
2875 1
2871 0
2875 0
2902 0
4581 1
4209 1
4581 0
525 1
2309 1
2308 1
2308 0
525 0
4209 0
2820 1
2719 0
2865 1
2820 0
2865 0
2870 1
2870 0
4124 1
2309 0
2808 1
4124 0
2907 1
2807 1
2808 0
3782 1
2807 0
2907 0
995 1
995 0
5033 1
355 1
5033 0
2880 1
2315 1
3782 0
2880 0
2915 1
2912 1
2928 1
2928 0
355 0
2915 0
2927 1
2315 0
2931 1
2912 0
2927 0
2929 1
2931 0
2929 0
5096 1
5060 1
1489 1
5060 0
2539 1
5349 1
1489 0
5349 0
1885 1
1885 0
1890 1
1890 0
5096 0
5350 1
2272 1
2539 0
5350 0
2352 1
4839 1
2272 0
2352 0
5348 1
5417 1
4839 0
1935 1
5417 0
1846 1
5348 0
1846 0
1845 1
1845 0
820 1
907 1
824 1
824 0
798 1
1935 0
907 0
829 1
825 1
820 0
61 1
61 0
829 0
2262 1
798 0
4611 1
825 0
3444 1
4611 0
2261 1
2262 0
936 1
3444 0
3999 1
5303 1
845 1
3999 0
5180 1
845 0
2261 0
2911 1
5427 1
936 0
260 1
5180 0
5303 0
736 1
736 0
2232 1
2911 0
4518 1
4292 1
260 0
2232 0
1996 1
4292 0
4751 1
468 1
5427 0
4606 1
1996 0
3049 1
4751 0
4518 0
721 1
468 0
1336 1
3639 1
1336 0
4979 1
4606 0
1417 1
3049 0
721 0
665 1
1417 0
1416 1
3823 1
5196 1
1416 0
4979 0
2059 1
1181 1
2059 0
3823 0
4956 1
4956 0
159 1
665 0
159 0
158 1
2974 1
2980 1
614 1
5196 0
5347 1
5335 1
5335 0
3639 0
2511 1
5347 0
2980 0
3513 1
614 0
107 1
2977 1
158 0
5380 1
1181 0
2977 0
2976 1
796 1
2511 0
2986 1
2991 1
2991 0
796 0
1322 1
2974 0
1322 0
575 1
2976 0
2987 1
2986 0
575 0
686 1
5198 1
5379 1
5380 0
2987 0
2972 1
2971 1
2972 0
686 0
2971 0
4311 1
5198 0
2237 1
107 0
4308 1
4308 0
4321 1
3513 0
4315 1
2237 0
4311 0
2126 1
4321 0
1385 1
2126 0
1385 0
1386 1
141 1
141 0
4319 1
5379 0
1386 0
4316 1
4315 0
4320 1
4319 0
4039 1
4320 0
4039 0
4316 0
