4373 1
2885 1
5481 1
5216 1
5216 0
3445 1
3445 0
2884 1
3784 1
2884 0
2885 0
5482 1
5481 0
5482 0
4373 0
475 1
3784 0
4114 1
5047 1
475 0
518 1
4114 0
5047 0
4157 1
518 0
4708 1
4709 1
4709 0
2553 1
4708 0
2554 1
5300 1
5300 0
2554 0
4622 1
2553 0
5046 1
4157 0
4167 1
5046 0
4622 0
5373 1
4615 1
5373 0
2680 1
4167 0
4615 0
2270 1
2680 0
2789 1
2270 0
5032 1
2789 0
1469 1
5219 1
1250 1
1250 0
1760 1
2542 1
2542 0
5032 0
5219 0
2690 1
2690 0
4407 1
1760 0
1469 0
1740 1
3806 1
4087 1
4407 0
3806 0
2535 1
4087 0
3390 1
3679 1
3679 0
2791 1
1740 0
3390 0
1455 1
4779 1
1455 0
2534 1
2534 0
5100 1
2535 0
5101 1
4779 0
3357 1
2791 0
3358 1
3357 0
2529 1
5101 0
2529 0
5100 0
952 1
952 0
2528 1
2631 1
2528 0
2420 1
1633 1
2420 0
2540 1
2633 1
2540 0
2631 0
681 1
680 1
680 0
681 0
4032 1
4032 0
1633 0
2300 1
380 1
380 0
799 1
2297 1
3358 0
2300 0
169 1
230 1
169 0
3864 1
230 0
3789 1
3789 0
3888 1
3888 0
2792 1
2792 0
799 0
1148 1
2141 1
3050 1
2297 0
4657 1
3864 0
2141 0
3745 1
4657 0
2633 0
729 1
3050 0
3350 1
692 1
3350 0
2764 1
692 0
2543 1
729 0
1436 1
1148 0
2811 1
1170 1
1170 0
1436 0
2764 0
2811 0
3745 0
2751 1
2751 0
1509 1
2543 0
2541 1
3810 1
2541 0
1509 0
5064 1
5064 0
5190 1
3810 0
253 1
205 1
5190 0
4583 1
205 0
4561 1
1142 1
1142 0
253 0
4560 1
2324 1
4561 0
2324 0
4583 0
2547 1
2547 0
2953 1
2679 1
2953 0
4560 0
2593 1
2679 0
4585 1
4585 0
4584 1
5431 1
5430 1
5431 0
5430 0
3802 1
5460 1
3164 1
3164 0
2593 0
5460 0
2810 1
4584 0
3064 1
2810 0
3110 1
3802 0
3822 1
3064 0
2043 1
3822 0
2043 0
3661 1
3110 0
3143 1
3143 0
3150 1
1028 1
3661 0
1101 1
1028 0
3126 1
3150 0
3126 0
3111 1
3111 0
354 1
5363 1
2759 1
4715 1
1502 1
1101 0
1502 0
4264 1
5363 0
4264 0
2759 0
3218 1
3222 1
3222 0
3136 1
3218 0
1128 1
2409 1
1128 0
2409 0
2047 1
3151 1
3136 0
3151 0
3167 1
3141 1
354 0
3800 1
3167 0
4715 0
1223 1
3226 1
3800 0
3620 1
371 1
3620 0
3025 1
2047 0
4110 1
3870 1
3870 0
3025 0
371 0
3141 0
349 1
4714 1
1223 0
732 1
349 0
3226 0
379 1
338 1
379 0
4110 0
3046 1
732 0
3166 1
5328 1
3166 0
338 0
3163 1
3163 0
5328 0
2626 1
3046 0
4714 0
5477 1
2627 1
2626 0
1410 1
5477 0
1410 0
537 1
2627 0
4514 1
537 0
1407 1
4514 0
5026 1
5026 0
4513 1
1483 1
4513 0
1483 0
3872 1
3586 1
1407 0
4456 1
3872 0
4456 0
5008 1
5008 0
2233 1
2233 0
4380 1
4381 1
4380 0
2920 1
3586 0
1434 1
4179 1
4180 1
4381 0
1852 1
2010 1
2010 0
1852 0
4180 0
4231 1
1434 0
4231 0
2920 0
1454 1
2064 1
4179 0
850 1
2064 0
850 0
105 1
105 0
601 1
1454 0
1400 1
601 0
4465 1
2169 1
4465 0
1400 0
1056 1
2169 0
2108 1
2108 0
4382 1
4382 0
1390 1
1507 1
1056 0
1914 1
1507 0
135 1
1390 0
147 1
1914 0
135 0
5097 1
2867 1
147 0
5098 1
5097 0
419 1
5098 0
1334 1
4701 1
1021 1
4701 0
1311 1
2867 0
1054 1
3849 1
1334 0
1054 0
509 1
1021 0
1060 1
3849 0
2894 1
1060 0
419 0
5187 1
508 1
509 0
1098 1
2894 0
5187 0
255 1
5130 1
1098 0
1311 0
2205 1
2785 1
5130 0
2575 1
2785 0
2205 0
2206 1
508 0
1219 1
2575 0
315 1
362 1
315 0
4281 1
255 0
362 0
1768 1
4281 0
2184 1
3610 1
2184 0
3427 1
3610 0
4532 1
1768 0
636 1
4532 0
1299 1
2206 0
636 0
5182 1
5182 0
4383 1
3426 1
3427 0
5377 1
3426 0
4383 0
4092 1
1299 0
1302 1
5377 0
2585 1
4384 1
4092 0
4384 0
457 1
4740 1
955 1
955 0
1219 0
18 1
447 1
18 0
133 1
447 0
3863 1
2585 0
4740 0
1310 1
940 1
457 0
4566 1
940 0
3863 0
3909 1
32 1
31 1
32 0
1302 0
476 1
31 0
1347 1
1347 0
1304 1
133 0
194 1
3917 1
4566 0
1304 0
1303 1
1310 0
3909 0
3908 1
194 0
476 0
3757 1
3908 0
1303 0
4618 1
3757 0
4618 0
425 1
1491 1
425 0
3925 1
3917 0
1491 0
3539 1
833 1
3925 0
1203 1
833 0
1234 1
1203 0
1234 0
3933 1
3933 0
2132 1
2180 1
3539 0
3340 1
2180 0
2921 1
3340 0
2132 0
13 1
13 0
4025 1
4025 0
4074 1
4074 0
4198 1
2921 0
3433 1
872 1
3433 0
872 0
3536 1
4198 0
3916 1
3536 0
1212 1
3916 0
4065 1
1643 1
4065 0
1643 0
48 1
67 1
48 0
908 1
67 0
908 0
4667 1
9 1
4667 0
1212 0
3537 1
2944 1
9 0
2944 0
4162 1
2386 1
3537 0
2386 0
111 1
4406 1
111 0
1350 1
4162 0
1350 0
136 1
2373 1
4406 0
1737 1
136 0
2373 0
4969 1
1737 0
4484 1
4969 0
4455 1
4455 0
988 1
988 0
3722 1
4484 0
851 1
851 0
4022 1
3943 1
3722 0
3414 1
4022 0
3943 0
4725 1
4725 0
3414 0
