7237 1
842 1
4901 1
842 0
4900 1
4901 0
7237 0
7238 1
801 1
4900 0
7405 1
7238 0
801 0
1927 1
7405 0
1739 1
4753 1
1927 0
2212 1
2212 0
4753 0
230 1
6283 1
1739 0
4886 1
6283 0
4886 0
6309 1
6309 0
6710 1
230 0
1214 1
7045 1
6710 0
1214 0
6146 1
7045 0
4890 1
6146 0
1298 1
4984 1
4890 0
1298 0
4779 1
4984 0
3780 1
4778 1
4779 0
3780 0
3781 1
5320 1
3781 0
4778 0
4724 1
6837 1
5320 0
2884 1
6837 0
4724 0
179 1
2884 0
1774 1
179 0
4787 1
1774 0
7022 1
4825 1
4837 1
4799 1
3169 1
3169 0
4787 0
4788 1
4788 0
4837 0
4825 0
4799 0
4814 1
6085 1
7022 0
4814 0
4741 1
4870 1
6085 0
4870 0
7880 1
4741 0
6783 1
6783 0
40 1
7881 1
7880 0
4193 1
40 0
7881 0
5873 1
542 1
5873 0
4193 0
2491 1
1125 1
542 0
4213 1
1125 0
4213 0
4210 1
4296 1
4296 0
1379 1
2428 1
2428 0
2429 1
2491 0
6824 1
6824 0
6981 1
6981 0
1379 0
2490 1
2490 0
2695 1
4210 0
2695 0
1552 1
2372 1
2429 0
1552 0
4302 1
2372 0
1641 1
4302 0
4243 1
4289 1
1641 0
4289 0
4291 1
4243 0
4244 1
4244 0
1429 1
1428 1
1429 0
4290 1
508 1
4290 0
6428 1
5991 1
4260 1
4260 0
4291 0
5991 0
6427 1
6428 0
508 0
1428 0
4124 1
4124 0
3912 1
52 1
3912 0
6427 0
6429 1
2221 1
6429 0
6465 1
2221 0
52 0
804 1
6464 1
6465 0
804 0
1126 1
6462 1
6464 0
6462 0
7380 1
1127 1
1126 0
7380 0
4801 1
2355 1
1127 0
2355 0
2383 1
4801 0
4800 1
2045 1
4800 0
2383 0
2395 1
2045 0
4166 1
5582 1
4166 0
2418 1
2395 0
2418 0
6210 1
5578 1
5581 1
7124 1
7124 0
7393 1
5582 0
5581 0
5457 1
5578 0
5457 0
7393 0
5454 1
5455 1
5454 0
6849 1
6210 0
5455 0
6521 1
2099 1
6849 0
6521 0
6522 1
2098 1
2099 0
2098 0
2071 1
5900 1
2071 0
6522 0
2382 1
2382 0
3851 1
5900 0
2685 1
3851 0
1824 1
2685 0
2367 1
6799 1
1824 0
2367 0
2253 1
6799 0
6800 1
2253 0
1723 1
5867 1
2256 1
1723 0
5866 1
5867 0
6800 0
2272 1
2225 1
2225 0
1781 1
2272 0
5866 0
2256 0
2255 1
2255 0
2254 1
1781 0
1780 1
2254 0
1780 0
