4351 1
5112 1
5112 0
5089 1
3975 1
5089 0
3619 1
4351 0
3037 1
3975 0
3037 0
561 1
3900 1
3900 0
3183 1
610 1
2423 1
1757 1
610 0
2620 1
5391 1
3619 0
5391 0
2417 1
2417 0
3183 0
1757 0
2423 0
560 1
561 0
4834 1
560 0
2620 0
1782 1
2465 1
4834 0
2465 0
2468 1
4908 1
4010 1
2517 1
2656 1
2673 1
2656 0
2517 0
4908 0
564 1
564 0
2468 0
2463 1
3341 1
4010 0
2673 0
2672 1
3342 1
3341 0
2672 0
1785 1
1696 1
1782 0
2573 1
3342 0
1785 0
3760 1
2573 0
2578 1
2463 0
3032 1
2723 1
3760 0
1696 0
421 1
421 0
1137 1
719 1
2578 0
719 0
353 1
4717 1
353 0
4197 1
4717 0
1137 0
389 1
3032 0
2555 1
2637 1
3897 1
389 0
3897 0
3776 1
2555 0
4197 0
2637 0
1842 1
2708 1
2708 0
2723 0
752 1
752 0
4495 1
1831 1
1831 0
1842 0
2563 1
3776 0
4495 0
3921 1
280 1
2563 0
3921 0
1039 1
280 0
339 1
2330 1
2131 1
1039 0
1176 1
2217 1
2217 0
4765 1
339 0
1176 0
1030 1
2330 0
1030 0
2131 0
2728 1
2728 0
5037 1
4915 1
4765 0
4915 0
4888 1
5037 0
4997 1
2832 1
4997 0
5253 1
4888 0
1700 1
2832 0
5253 0
3285 1
3285 0
2493 1
4889 1
2493 0
5201 1
4889 0
3419 1
5023 1
5023 0
709 1
1700 0
3956 1
709 0
3419 0
5201 0
4059 1
4060 1
4059 0
4060 0
639 1
288 1
639 0
5324 1
3956 0
1933 1
288 0
4061 1
5324 0
1933 0
2495 1
2495 0
5039 1
4061 0
309 1
309 0
505 1
505 0
714 1
714 0
3547 1
5039 0
5011 1
3899 1
5011 0
3547 0
1414 1
1414 0
2294 1
3197 1
1789 1
3099 1
3099 0
3161 1
3899 0
1789 0
3229 1
3197 0
3229 0
2294 0
1402 1
3030 1
1402 0
4893 1
3300 1
3300 0
2286 1
4893 0
964 1
604 1
964 0
5461 1
2286 0
5461 0
5462 1
3377 1
604 0
3161 0
3131 1
5462 0
29 1
3377 0
3378 1
3378 0
3373 1
3103 1
3131 0
1642 1
3373 0
3120 1
29 0
630 1
1642 0
3120 0
1435 1
619 1
1435 0
1197 1
3103 0
630 0
77 1
3158 1
1197 0
3114 1
3158 0
3130 1
3172 1
3173 1
3173 0
3172 0
3148 1
3148 0
3130 0
619 0
1198 1
3114 0
1198 0
77 0
3371 1
3030 0
4826 1
2195 1
3371 0
4037 1
4826 0
2195 0
227 1
3296 1
4037 0
5185 1
227 0
5049 1
5185 0
5049 0
4447 1
3296 0
1144 1
647 1
4447 0
647 0
2040 1
3998 1
2040 0
1457 1
1144 0
1411 1
1457 0
3998 0
2964 1
2964 0
4884 1
4884 0
4885 1
1411 0
1406 1
1406 0
1065 1
3654 1
1967 1
2034 1
305 1
1513 1
305 0
4910 1
4910 0
1513 0
4885 0
3431 1
2034 0
1967 0
3654 0
1065 0
3303 1
2368 1
3431 0
2235 1
2368 0
3851 1
3851 0
3303 0
3261 1
1063 1
989 1
1063 0
3261 0
2236 1
2235 0
180 1
2236 0
4927 1
180 0
455 1
989 0
4926 1
4927 0
455 0
16 1
4926 0
3057 1
4762 1
16 0
427 1
3057 0
2883 1
4762 0
3182 1
427 0
2579 1
3182 0
5416 1
2883 0
5416 0
4766 1
2579 0
5305 1
929 1
4766 0
929 0
5179 1
3545 1
5305 0
3545 0
1799 1
5178 1
5179 0
1741 1
5178 0
1799 0
225 1
5170 1
1741 0
4082 1
5170 0
901 1
4082 0
225 0
4147 1
901 0
3739 1
4147 0
1972 1
3739 0
3743 1
2088 1
3743 0
2094 1
2088 0
1972 0
4156 1
2094 0
641 1
1973 1
4156 0
496 1
641 0
1973 0
4145 1
4145 0
3754 1
4365 1
496 0
4365 0
437 1
437 0
4660 1
4659 1
4660 0
4659 0
2771 1
3425 1
3754 0
3425 0
5361 1
595 1
2771 0
4873 1
5361 0
595 0
4073 1
4874 1
4873 0
4874 0
249 1
4071 1
4073 0
3435 1
249 0
4071 0
4077 1
5327 1
4077 0
2367 1
3435 0
2366 1
2367 0
2366 0
973 1
63 1
5327 0
523 1
63 0
973 0
4361 1
1230 1
523 0
4225 1
1230 0
4361 0
2379 1
4225 0
3121 1
4668 1
2379 0
3094 1
4668 0
3748 1
3121 0
3759 1
3094 0
3759 0
239 1
239 0
992 1
5489 1
3748 0
5456 1
992 0
1352 1
5489 0
5456 0
3941 1
1352 0
890 1
3791 1
3941 0
890 0
220 1
3791 0
1927 1
2970 1
220 0
1927 0
4788 1
24 1
2970 0
4359 1
4788 0
202 1
4359 0
202 0
24 0
