2739 1
2738 1
2818 1
2739 0
4405 1
2738 0
2818 0
2878 1
2878 0
2737 1
3936 1
4405 0
3936 0
121 1
4872 1
4555 1
4555 0
4782 1
2737 0
1798 1
4872 0
122 1
121 0
3658 1
4204 1
3084 1
2719 1
2865 1
2865 0
2718 1
2718 0
2719 0
1798 0
4782 0
4204 0
2900 1
122 0
4232 1
3658 0
2813 1
2814 1
3084 0
2813 0
1484 1
4232 0
2158 1
2900 0
1484 0
5079 1
2814 0
4620 1
2158 0
5079 0
4255 1
4620 0
2864 1
4255 0
2435 1
2916 1
2864 0
2435 0
2720 1
2916 0
2809 1
2310 1
2809 0
562 1
2720 0
562 0
2850 1
2918 1
2310 0
2850 0
268 1
2918 0
2930 1
2853 1
268 0
2930 0
2316 1
2316 0
347 1
2853 0
2933 1
2933 0
2937 1
1078 1
1079 1
1078 0
2863 1
1079 0
2863 0
2314 1
2314 0
2910 1
347 0
2937 0
2932 1
2932 0
2910 0
3970 1
1487 1
1487 0
1505 1
1505 0
2083 1
3969 1
3970 0
2083 0
4632 1
2346 1
3969 0
5341 1
722 1
2346 0
4510 1
4510 0
4632 0
4512 1
5341 0
5340 1
722 0
5340 0
1938 1
3848 1
1938 0
4512 0
4511 1
4243 1
3848 0
3170 1
4511 0
4839 1
4243 0
4839 0
5417 1
5417 0
1796 1
4350 1
3170 0
1796 0
1795 1
2923 1
1795 0
4350 0
3835 1
2271 1
1296 1
718 1
1067 1
1296 0
2231 1
1755 1
1755 0
4500 1
1067 0
4500 0
2271 0
2230 1
2923 0
4403 1
2230 0
718 0
624 1
3835 0
3834 1
786 1
3834 0
3190 1
625 1
625 0
624 0
786 0
935 1
4403 0
4272 1
852 1
2231 0
852 0
822 1
3190 0
2188 1
2188 0
5440 1
822 0
5443 1
922 1
935 0
1281 1
907 1
4178 1
4178 0
824 1
824 0
907 0
790 1
4272 0
783 1
922 0
783 0
26 1
3751 1
5440 0
5115 1
26 0
723 1
2174 1
2174 0
2175 1
2175 0
723 0
5337 1
5443 0
5115 0
3751 0
4327 1
1013 1
1281 0
790 0
4434 1
1013 0
0 1
874 1
0 0
2963 1
5337 0
1092 1
4327 0
1092 0
4049 1
874 0
3838 1
4606 1
2963 0
4606 0
4979 1
3823 1
4979 0
1217 1
3838 0
4049 0
823 1
4737 1
1217 0
891 1
823 0
4434 0
1415 1
4737 0
800 1
4738 1
1415 0
4702 1
4738 0
797 1
4702 0
2036 1
891 0
2036 0
4312 1
3823 0
4956 1
257 1
800 0
801 1
797 0
2968 1
506 1
2968 0
2969 1
2969 0
159 1
470 1
801 0
2977 1
2977 0
158 1
158 0
159 0
831 1
506 0
2980 1
2980 0
257 0
2974 1
2974 0
3896 1
1322 1
1322 0
831 0
728 1
728 0
4299 1
3089 1
4312 0
832 1
832 0
4299 0
747 1
4956 0
215 1
215 0
112 1
112 0
1386 1
4570 1
470 0
3896 0
1224 1
4323 1
3089 0
1222 1
4570 0
1386 0
1385 1
1830 1
1222 0
1351 1
1224 0
1830 0
514 1
1351 0
2639 1
2639 0
2640 1
2640 0
514 0
4323 0
4047 1
1385 0
2126 1
4321 1
2126 0
4902 1
4047 0
747 0
4051 1
4321 0
4903 1
4902 0
4051 0
3253 1
3253 0
4038 1
1326 1
4038 0
2984 1
33 1
3935 1
2984 0
3935 0
4035 1
788 1
788 0
4903 0
4035 0
1326 0
33 0
