759 1
1296 1
759 0
3940 1
3940 0
3939 1
3930 1
736 1
2214 1
2215 1
2215 0
2923 1
2923 0
2214 0
3931 1
3939 0
736 0
1296 0
298 1
3930 0
298 0
3644 1
3644 0
2825 1
3928 1
3931 0
1336 1
3928 0
2029 1
2825 0
1336 0
756 1
2029 0
2030 1
6134 1
2030 0
755 1
756 0
586 1
755 0
6134 0
6135 1
586 0
6509 1
6509 0
6510 1
2630 1
6135 0
5336 1
2630 0
108 1
6510 0
108 0
6211 1
5336 0
5335 1
1508 1
6211 0
1413 1
5335 0
1330 1
1413 0
5793 1
1508 0
5793 0
6222 1
1331 1
1330 0
5174 1
1331 0
5024 1
5174 0
6222 0
5952 1
7296 1
5024 0
2171 1
5952 0
7295 1
7296 0
7295 0
795 1
829 1
795 0
2171 0
6545 1
6544 1
6545 0
829 0
4090 1
6544 0
6543 1
4090 0
4089 1
6802 1
6543 0
6802 0
6801 1
4089 0
3251 1
6801 0
7176 1
6984 1
7176 0
3251 0
1460 1
1461 1
1460 0
6984 0
6988 1
1461 0
761 1
6987 1
6988 0
5969 1
6987 0
6035 1
3763 1
6035 0
6034 1
1424 1
6034 0
3763 0
3762 1
3762 0
7318 1
6976 1
761 0
1424 0
1423 1
4807 1
5969 0
7317 1
7315 1
7315 0
7318 0
7314 1
7316 1
7316 0
7317 0
7302 1
5304 1
7285 1
1423 0
6671 1
6671 0
5304 0
7302 0
7314 0
7180 1
7180 0
6284 1
4807 0
7121 1
2134 1
7285 0
6659 1
6284 0
4356 1
2134 0
6976 0
6064 1
4357 1
7121 0
5645 1
6659 0
2169 1
4356 0
6023 1
2169 0
6237 1
5645 0
6064 0
6401 1
7125 1
6024 1
6023 0
7351 1
6401 0
1361 1
7125 0
6024 0
2172 1
7809 1
1256 1
4357 0
7809 0
7807 1
7807 0
1361 0
2173 1
2172 0
7464 1
6237 0
7794 1
2173 0
7464 0
5708 1
5416 1
5708 0
7795 1
7794 0
3980 1
5416 0
3980 0
4618 1
1256 0
5605 1
7805 1
7795 0
4618 0
4428 1
5605 0
7815 1
4427 1
4428 0
4427 0
2160 1
7804 1
7805 0
2573 1
7815 0
2159 1
2160 0
164 1
2159 0
3177 1
3177 0
7889 1
7351 0
7352 1
7889 0
7888 1
2573 0
2572 1
7891 1
7888 0
7803 1
7804 0
4850 1
7352 0
2572 0
7146 1
7890 1
7891 0
4850 0
4846 1
7146 0
7367 1
7803 0
2192 1
3535 1
2192 0
3277 1
164 0
7890 0
3231 1
3231 0
3307 1
4586 1
3277 0
7367 0
6890 1
3535 0
3536 1
4586 0
6890 0
6891 1
3536 0
6057 1
2655 1
6891 0
3307 0
335 1
6400 1
6057 0
335 0
4737 1
2655 0
5139 1
4102 1
4846 0
4036 1
5139 0
4843 1
6400 0
4102 0
1692 1
4842 1
4843 0
6535 1
3848 1
3847 1
4842 0
3847 0
4001 1
3848 0
6535 0
6534 1
6534 0
4737 0
443 1
443 0
4645 1
102 1
102 0
5119 1
4640 1
4640 0
4038 1
4026 1
4026 0
4038 0
4036 0
4010 1
6261 1
6566 1
6566 0
4010 0
5119 0
4001 0
4025 1
3782 1
4025 0
4137 1
4645 0
6261 0
6262 1
1692 0
5983 1
3826 1
1080 1
3782 0
5350 1
4894 1
4894 0
2152 1
3826 0
1080 0
5356 1
2152 0
91 1
4137 0
5126 1
5125 1
5125 0
5124 1
5126 0
6262 0
5361 1
5356 0
2259 1
91 0
5361 0
6694 1
384 1
5983 0
2259 0
5350 0
5351 1
4017 1
6694 0
1653 1
5124 0
5358 1
5351 0
5419 1
1653 0
5358 0
5357 1
5357 0
2002 1
4878 1
2002 0
5115 1
5419 0
4017 0
4016 1
2868 1
384 0
5115 0
5737 1
7130 1
5737 0
4878 0
195 1
1577 1
4016 0
7129 1
7130 0
2868 0
1528 1
3641 1
1577 0
5649 1
7698 1
7129 0
195 0
7778 1
7778 0
4936 1
5650 1
5649 0
7699 1
7698 0
5650 0
3825 1
3825 0
7700 1
7699 0
4935 1
4936 0
2069 1
4935 0
7775 1
5738 1
7731 1
7700 0
1673 1
7731 0
2069 0
5738 0
1672 1
1673 0
481 1
7775 0
7776 1
7776 0
1672 0
6038 1
1568 1
1569 1
1569 0
1568 0
2218 1
6038 0
481 0
2217 1
2218 0
2217 0
3641 0
3642 1
1635 1
1528 0
3819 1
3642 0
5429 1
1635 0
5284 1
3819 0
5432 1
5429 0
5285 1
5284 0
5432 0
3305 1
5285 0
369 1
3305 0
4069 1
7689 1
369 0
4069 0
3613 1
7690 1
7689 0
7690 0
1567 1
1567 0
5767 1
4331 1
3613 0
4861 1
5767 0
4331 0
6356 1
4861 0
2584 1
7299 1
6356 0
7299 0
3528 1
1053 1
2584 0
3528 0
4146 1
4146 0
4145 1
365 1
1053 0
4145 0
1212 1
365 0
7373 1
1212 0
3547 1
1516 1
7373 0
3574 1
3547 0
3574 0
247 1
1502 1
1516 0
7756 1
247 0
307 1
1502 0
7755 1
7756 0
7755 0
3555 1
307 0
2540 1
2540 0
3552 1
3554 1
3555 0
3552 0
3553 1
3553 0
3161 1
6682 1
3554 0
7902 1
6682 0
3162 1
3161 0
3538 1
7902 0
3581 1
3538 0
934 1
3581 0
2062 1
3162 0
5951 1
2062 0
934 0
3539 1
3539 0
7763 1
873 1
5951 0
1915 1
7763 0
2569 1
1915 0
2731 1
873 0
3457 1
2731 0
2569 0
4156 1
3457 0
3423 1
4155 1
4156 0
3415 1
4155 0
3424 1
3423 0
3415 0
7753 1
1741 1
3424 0
7753 0
7754 1
7754 0
4167 1
3433 1
1741 0
3433 0
3432 1
3461 1
4167 0
5492 1
3432 0
3460 1
3461 0
5492 0
3460 0
