3445 1
2884 1
2885 1
4373 1
5216 1
3445 0
2885 0
2884 0
3784 1
5216 0
4373 0
475 1
4114 1
3784 0
475 0
5047 1
4708 1
4157 1
5047 0
518 1
4589 1
4589 0
4114 0
4709 1
484 1
484 0
10 1
10 0
4708 0
518 0
4709 0
2553 1
4157 0
5046 1
4622 1
2553 0
5046 0
4167 1
4622 0
5373 1
5373 0
4615 1
2270 1
4615 0
2789 1
2680 1
2789 0
2680 0
2717 1
2717 0
3648 1
3648 0
4168 1
4167 0
4168 0
1469 1
5032 1
2270 0
1250 1
5032 0
1250 0
2542 1
1760 1
2542 0
1760 0
4407 1
1469 0
1740 1
4087 1
4407 0
3806 1
4087 0
1740 0
2791 1
2535 1
3806 0
2535 0
2534 1
3357 1
2791 0
2534 0
5100 1
3358 1
3357 0
952 1
5100 0
2528 1
2631 1
952 0
2528 0
2631 0
2540 1
2540 0
681 1
681 0
680 1
2300 1
380 1
799 1
380 0
680 0
2633 1
3358 0
2297 1
169 1
2300 0
230 1
169 0
3789 1
799 0
2792 1
3789 0
3864 1
230 0
2792 0
3888 1
4657 1
3864 0
3050 1
2297 0
4657 0
3745 1
3050 0
3350 1
729 1
2633 0
692 1
3350 0
729 0
2543 1
692 0
2764 1
2811 1
3351 1
3351 0
3888 0
1170 1
1148 1
1436 1
2751 1
3745 0
2811 0
2764 0
1436 0
1170 0
1509 1
2751 0
2541 1
2541 0
2543 0
3809 1
3810 1
3809 0
1148 0
1509 0
5064 1
5190 1
5064 0
3810 0
253 1
205 1
5190 0
205 0
4583 1
1142 1
253 0
1142 0
4560 1
2547 1
4583 0
2547 0
2953 1
2593 1
4560 0
4585 1
2679 1
4584 1
1449 1
1449 0
2350 1
2953 0
2350 0
4585 0
2679 0
2593 0
5460 1
5460 0
3164 1
2810 1
4584 0
2810 0
3064 1
3164 0
3802 1
3110 1
3802 0
3822 1
3064 0
2043 1
3822 0
3110 0
3143 1
3661 1
2043 0
1028 1
3661 0
1101 1
1028 0
3143 0
3150 1
3126 1
3150 0
3126 0
3111 1
354 1
3111 0
1101 0
1502 1
1502 0
4715 1
3218 1
3222 1
3136 1
3222 0
1128 1
3218 0
1128 0
2409 1
2047 1
2409 0
3136 0
3151 1
354 0
3141 1
3167 1
3151 0
2047 0
3025 1
4715 0
1223 1
3800 1
3167 0
3870 1
3025 0
3800 0
3226 1
4110 1
3870 0
3141 0
349 1
732 1
349 0
4714 1
1223 0
3226 0
379 1
4110 0
3046 1
338 1
379 0
732 0
3166 1
3166 0
5328 1
3163 1
338 0
5477 1
4714 0
5328 0
3163 0
3046 0
2626 1
2626 0
2627 1
5477 0
1410 1
1410 0
537 1
4514 1
2627 0
1483 1
537 0
1407 1
1483 0
4513 1
791 1
5231 1
791 0
5231 0
4514 0
3872 1
5026 1
5026 0
4513 0
3586 1
1407 0
3872 0
4456 1
4456 0
5008 1
4380 1
4381 1
2233 1
4380 0
5008 0
2233 0
2010 1
4381 0
3586 0
2920 1
1454 1
2920 0
1852 1
2010 0
4180 1
4179 1
1852 0
4180 0
2064 1
4179 0
2064 0
850 1
105 1
850 0
105 0
601 1
1454 0
1400 1
4465 1
4465 0
2168 1
601 0
287 1
287 0
2169 1
2168 0
1400 0
1056 1
2108 1
2169 0
2108 0
4382 1
1390 1
4382 0
1507 1
135 1
1390 0
1914 1
467 1
1330 1
1330 0
1056 0
147 1
467 0
1507 0
1914 0
135 0
5097 1
2867 1
147 0
5098 1
5097 0
5098 0
419 1
1334 1
4701 1
1054 1
3849 1
1334 0
1054 0
4701 0
1021 1
1311 1
2867 0
509 1
1021 0
1060 1
3849 0
2894 1
1060 0
2205 1
1311 0
1098 1
2894 0
419 0
5187 1
2205 0
2206 1
5187 0
255 1
1098 0
5130 1
508 1
509 0
2785 1
5130 0
2785 0
2575 1
4281 1
255 0
315 1
2575 0
1219 1
508 0
362 1
315 0
1768 1
362 0
4281 0
2184 1
3610 1
2184 0
1768 0
4532 1
3610 0
3427 1
4532 0
636 1
1299 1
2206 0
5182 1
636 0
3426 1
3427 0
1219 0
447 1
4383 1
5182 0
5377 1
3426 0
4383 0
4092 1
5377 0
2585 1
4384 1
4092 0
1299 0
1302 1
457 1
4384 0
447 0
955 1
2585 0
3863 1
18 1
955 0
457 0
940 1
133 1
18 0
940 0
4566 1
1347 1
1302 0
3909 1
3863 0
32 1
1347 0
3917 1
4566 0
31 1
32 0
3909 0
3908 1
133 0
194 1
476 1
31 0
924 1
924 0
99 1
194 0
99 0
3908 0
3757 1
476 0
3757 0
4618 1
4618 0
425 1
425 0
1491 1
3917 0
3925 1
1491 0
3539 1
833 1
3925 0
1203 1
833 0
2132 1
3933 1
3933 0
1234 1
2836 1
1203 0
2836 0
2140 1
3539 0
2180 1
1234 0
3340 1
2180 0
13 1
3932 1
3932 0
2140 0
2132 0
3340 0
2921 1
13 0
4025 1
4025 0
4074 1
4074 0
4198 1
2921 0
3433 1
3433 0
872 1
3916 1
4198 0
872 0
3536 1
3916 0
4065 1
1212 1
3536 0
1643 1
4065 0
1643 0
48 1
67 1
48 0
67 0
908 1
4667 1
908 0
9 1
4667 0
2944 1
9 0
3537 1
1212 0
4162 1
2944 0
3537 0
2386 1
111 1
2386 0
4406 1
111 0
4162 0
1350 1
1350 0
136 1
2373 1
4406 0
1737 1
136 0
2373 0
4969 1
1737 0
4484 1
4969 0
4455 1
988 1
988 0
3597 1
3597 0
3722 1
2862 1
2862 0
4455 0
851 1
4484 0
851 0
4022 1
3722 0
3943 1
3414 1
4022 0
4725 1
3943 0
3414 0
4725 0
