4185 1
4173 1
4173 0
5121 1
4184 1
4185 0
1668 1
5121 0
1701 1
1668 0
4184 0
10 1
10 0
4589 1
1701 0
3339 1
4589 0
2269 1
3339 0
2835 1
2269 0
2904 1
4521 1
2835 0
2904 0
2476 1
2698 1
2476 0
4521 0
4168 1
4911 1
2698 0
4168 0
3648 1
4911 0
673 1
4913 1
3648 0
4445 1
673 0
896 1
4913 0
4445 0
2632 1
2735 1
896 0
2632 0
4201 1
3029 1
2735 0
2687 1
4201 0
2583 1
2687 0
2583 0
2550 1
3806 1
4087 1
4087 0
2549 1
2550 0
92 1
2570 1
2570 0
4921 1
4921 0
3806 0
3029 0
5421 1
2549 0
3154 1
5421 0
92 0
311 1
3355 1
3154 0
2531 1
311 0
3804 1
2531 0
3355 0
576 1
2538 1
3804 0
2500 1
5387 1
1738 1
3047 1
1738 0
285 1
3047 0
5387 0
5388 1
2538 0
2537 1
3149 1
285 0
576 0
3352 1
1327 1
5388 0
2278 1
2537 0
3352 0
4624 1
1466 1
5434 1
690 1
3149 0
690 0
5434 0
2500 0
5476 1
5476 0
513 1
1327 0
2278 0
2842 1
4551 1
4624 0
4551 0
3063 1
2842 0
2594 1
4084 1
513 0
2275 1
2594 0
3063 0
3363 1
4084 0
2769 1
643 1
1466 0
2769 0
3349 1
95 1
643 0
3362 1
4625 1
4625 0
4626 1
4626 0
2263 1
2263 0
3349 0
3363 0
3362 0
2888 1
95 0
2711 1
2888 0
2275 0
577 1
578 1
577 0
2940 1
2711 0
578 0
702 1
2940 0
1024 1
1024 0
4101 1
702 0
2595 1
4875 1
4101 0
4966 1
2595 0
4875 0
2748 1
3 1
2748 0
4966 0
3881 1
3 0
2211 1
4429 1
3881 0
5255 1
2211 0
3988 1
4429 0
3988 0
631 1
2959 1
3064 1
2959 0
3064 0
5255 0
4097 1
4097 0
3822 1
2909 1
2909 0
631 0
3753 1
3822 0
2043 1
2043 0
1453 1
1453 0
555 1
117 1
555 0
1432 1
117 0
866 1
866 0
3142 1
3142 0
703 1
3753 0
865 1
3752 1
3752 0
3144 1
3144 0
4871 1
1432 0
620 1
703 0
1761 1
4871 0
3151 1
1761 0
1470 1
3168 1
3221 1
3222 1
3221 0
3223 1
3168 0
1670 1
744 1
3169 1
3169 0
744 0
3222 0
3136 1
3136 0
3151 0
3025 1
3223 0
865 0
4516 1
3870 1
3025 0
1670 0
5189 1
620 0
4356 1
5189 0
3885 1
3870 0
1575 1
1470 0
4356 0
4355 1
3885 0
4337 1
5281 1
4516 0
4574 1
5281 0
4337 0
1373 1
1575 0
757 1
4574 0
4579 1
3145 1
3621 1
743 1
628 1
627 1
4355 0
743 0
627 0
4577 1
628 0
3621 0
4579 0
4580 1
757 0
548 1
3145 0
5428 1
4580 0
5428 0
4577 0
1373 0
1522 1
1522 0
3171 1
1412 1
548 0
1401 1
1412 0
100 1
3171 0
1401 0
3662 1
100 0
791 1
791 0
5231 1
1071 1
3662 0
352 1
5231 0
1071 0
1477 1
3040 1
1477 0
1746 1
3040 0
2037 1
352 0
1746 0
1324 1
2037 0
1966 1
1966 0
1980 1
1323 1
1324 0
1323 0
5299 1
1980 0
1992 1
5299 0
4248 1
426 1
404 1
404 0
1992 0
5279 1
426 0
4248 0
3045 1
3045 0
1501 1
5278 1
5279 0
1501 0
1328 1
5278 0
2048 1
1328 0
540 1
2048 0
4655 1
1091 1
1207 1
4498 1
4497 1
4498 0
1207 0
30 1
4497 0
1089 1
1091 0
30 0
5502 1
1090 1
1090 0
218 1
749 1
597 1
1089 0
930 1
930 0
749 0
540 0
1349 1
218 0
4655 0
4654 1
597 0
5290 1
5182 1
636 1
5182 0
636 0
4532 1
919 1
5502 0
5290 0
498 1
498 0
2296 1
4532 0
2173 1
4654 0
2296 0
2295 1
2173 0
4149 1
919 0
507 1
5004 1
2295 0
5004 0
3928 1
3928 0
1280 1
2113 1
4149 0
1280 0
3915 1
3915 0
3252 1
2113 0
2112 1
1349 0
5005 1
1202 1
949 1
1202 0
507 0
1314 1
4519 1
1314 0
949 0
1344 1
5005 0
1255 1
1344 0
4566 1
3252 0
2112 0
2106 1
3917 1
4566 0
3917 0
3925 1
2105 1
2106 0
4519 0
3600 1
3600 0
1062 1
1255 0
1346 1
2408 1
2105 0
2109 1
2408 0
1347 1
1346 0
2223 1
1062 0
1347 0
32 1
2223 0
3845 1
833 1
4608 1
4607 1
3925 0
4607 0
1495 1
4608 0
833 0
4515 1
2109 0
1516 1
4515 0
4892 1
32 0
1516 0
1515 1
1221 1
4892 0
1220 1
1221 0
3844 1
3845 0
3844 0
4023 1
4023 0
1220 0
1285 1
1515 0
1495 0
5024 1
5024 0
2411 1
1285 0
2133 1
2133 0
5158 1
3871 1
2411 0
3871 0
4055 1
4054 1
4055 0
2934 1
5158 0
4363 1
4054 0
2303 1
2934 0
4363 0
4053 1
4057 1
4053 0
872 1
2303 0
4056 1
4057 0
4739 1
4056 0
830 1
4739 0
5403 1
5404 1
5403 0
830 0
261 1
38 1
38 0
4259 1
4259 0
261 0
4724 1
5404 0
2681 1
2681 0
4089 1
4089 0
872 0
3536 1
3518 1
3536 0
266 1
4724 0
3535 1
3518 0
3535 0
3534 1
3612 1
3534 0
266 0
35 1
4790 1
35 0
4790 0
3523 1
870 1
3612 0
870 0
871 1
3523 0
3524 1
4969 1
871 0
4455 1
4969 0
2862 1
4455 0
3524 0
5117 1
5117 0
322 1
3597 1
2862 0
2492 1
3597 0
4725 1
3516 1
2492 0
3526 1
322 0
3526 0
3520 1
3520 0
3516 0
3414 1
3414 0
4725 0
