2164 1
1900 1
1900 0
1874 1
2164 0
1558 1
2097 1
1558 0
6480 1
2097 0
6481 1
6480 0
1874 0
6113 1
6712 1
1964 1
6113 0
1638 1
1638 0
1639 1
6481 0
1964 0
6959 1
6959 0
6955 1
6712 0
6711 1
1965 1
2826 1
2826 0
6711 0
2065 1
1639 0
4704 1
2065 0
946 1
1965 0
6956 1
6955 0
6965 1
6965 0
4704 0
39 1
6592 1
946 0
1702 1
6592 0
6956 0
6111 1
1702 0
1966 1
39 0
3164 1
3164 0
1517 1
6101 1
6653 1
2896 1
2897 1
2897 0
6110 1
6110 0
6111 0
6653 0
6101 0
1966 0
1517 0
1860 1
1484 1
2896 0
1861 1
858 1
858 0
1861 0
1859 1
1859 0
1959 1
1959 0
1860 0
7716 1
1484 0
6105 1
6105 0
6017 1
7716 0
1960 1
7014 1
7013 1
1926 1
1960 0
7014 0
1926 0
7270 1
1229 1
1228 1
1228 0
1229 0
6017 0
1248 1
7270 0
1418 1
1418 0
1417 1
1417 0
1248 0
570 1
7016 1
7013 0
1890 1
570 0
2109 1
2109 0
1918 1
7033 1
7033 0
1890 0
1603 1
1604 1
1867 1
7015 1
7015 0
7016 0
1267 1
1603 0
1604 0
1267 0
1918 0
1917 1
7017 1
1917 0
1867 0
1866 1
7017 0
1866 0
