3931 1
1777 1
1777 0
1776 1
1776 0
5146 1
3931 0
3457 1
3457 0
3456 1
1725 1
3456 0
5145 1
5145 0
712 1
3450 1
1725 0
3840 1
3840 0
3450 0
586 1
586 0
5146 0
3455 1
1727 1
712 0
3455 0
1826 1
1825 1
1826 0
1825 0
1729 1
477 1
1727 0
477 0
1729 0
2007 1
2074 1
1262 1
1262 0
5491 1
2074 0
5490 1
5490 0
4897 1
5050 1
142 1
4526 1
142 0
3376 1
2007 0
4526 0
5050 0
5491 0
4854 1
4897 0
1875 1
4854 0
2705 1
3376 0
1875 0
1745 1
2705 0
2926 1
4471 1
1745 0
1920 1
1918 1
3489 1
3489 0
3657 1
3657 0
1867 1
4471 0
2926 0
1918 0
1867 0
1920 0
