7334 1
6091 1
5333 1
6091 0
7334 0
6610 1
6611 1
6610 0
5332 1
5333 0
6611 0
6602 1
6188 1
6187 1
5332 0
6188 0
6606 1
6602 0
32 1
6187 0
6762 1
32 0
1458 1
6757 1
5211 1
5210 1
5210 0
6606 0
5211 0
1458 0
1865 1
6762 0
6756 1
6757 0
1865 0
1896 1
1895 1
1896 0
6821 1
6756 0
4785 1
4786 1
1895 0
4786 0
4868 1
6821 0
2919 1
4785 0
4868 0
1892 1
1891 1
1892 0
2919 0
2918 1
2918 0
1469 1
5026 1
1891 0
1469 0
6979 1
6979 0
1173 1
5026 0
5825 1
5825 0
4534 1
4533 1
4534 0
1173 0
1174 1
4533 0
1457 1
6975 1
1174 0
657 1
6975 0
1457 0
2079 1
5670 1
4246 1
6013 1
4246 0
6013 0
657 0
544 1
5670 0
5671 1
5671 0
2079 0
3866 1
544 0
7788 1
44 1
3866 0
1703 1
44 0
291 1
7788 0
1453 1
1703 0
7200 1
1453 0
2124 1
291 0
2101 1
7200 0
2124 0
4858 1
4856 1
4855 1
4857 1
2566 1
4005 1
2566 0
4005 0
4858 0
2181 1
4855 0
4856 0
2101 0
1805 1
4857 0
6484 1
1805 0
6485 1
6484 0
6032 1
2181 0
2698 1
6485 0
2443 1
6032 0
667 1
2930 1
2443 0
2450 1
2450 0
667 0
2328 1
2328 0
2698 0
244 1
909 1
244 0
909 0
2512 1
4689 1
2930 0
99 1
2512 0
4689 0
1315 1
819 1
99 0
4684 1
1315 0
196 1
4684 0
819 0
1978 1
196 0
1605 1
1978 0
1993 1
2009 1
1993 0
7702 1
1605 0
7678 1
603 1
7702 0
331 1
331 0
7676 1
7676 0
7678 0
1931 1
1931 0
2009 0
7012 1
903 1
7012 0
603 0
7666 1
24 1
25 1
577 1
7666 0
2176 1
2176 0
1910 1
1910 0
25 0
24 0
1004 1
903 0
1991 1
1004 0
2439 1
577 0
2439 0
5625 1
6997 1
1991 0
1929 1
5625 0
3628 1
1929 0
945 1
6997 0
4715 1
945 0
1550 1
4715 0
3628 0
7686 1
7686 0
514 1
1550 0
1500 1
1500 0
3256 1
513 1
514 0
3256 0
3257 1
1349 1
513 0
1349 0
5135 1
5135 0
3623 1
3257 0
2805 1
3623 0
3622 1
3502 1
943 1
3510 1
2806 1
2806 0
2805 0
1371 1
1371 0
7695 1
7695 0
3502 0
943 0
4068 1
3622 0
3618 1
4068 0
245 1
3618 0
245 0
2125 1
451 1
3510 0
693 1
451 0
2125 0
3604 1
688 1
693 0
6357 1
3604 0
421 1
3527 1
6357 0
3485 1
420 1
3485 0
2385 1
687 1
688 0
687 0
421 0
420 0
3472 1
1610 1
3527 0
1611 1
1611 0
1610 0
861 1
3473 1
3472 0
3473 0
694 1
2385 0
694 0
2386 1
861 0
3530 1
2386 0
1687 1
3057 1
1687 0
3530 0
969 1
3501 1
3057 0
5121 1
969 0
1145 1
5121 0
3501 0
1145 0
