2884 1
2885 1
2885 0
5483 1
2884 0
5482 1
5481 1
5482 0
5483 0
5295 1
2250 1
1818 1
5295 0
4041 1
4041 0
5504 1
5481 0
3023 1
2250 0
3023 0
518 1
1818 0
4708 1
518 0
4984 1
5504 0
4708 0
5300 1
2554 1
5300 0
2554 0
2553 1
4985 1
4984 0
2553 0
4622 1
1753 1
4985 0
1753 0
3785 1
4558 1
4622 0
5007 1
4558 0
4195 1
5007 0
4195 0
2270 1
2270 0
5032 1
4170 1
4170 0
2680 1
2680 0
2789 1
3785 0
3042 1
3042 0
2788 1
5032 0
5219 1
2690 1
5219 0
2440 1
1760 1
3679 1
1760 0
4407 1
4407 0
2690 0
2440 0
2613 1
4682 1
4682 0
2533 1
2613 0
2697 1
2695 1
2533 0
1633 1
2695 0
1633 0
4032 1
4032 0
2778 1
3679 0
3390 1
1455 1
3390 0
4779 1
1455 0
2697 0
2588 1
3014 1
4833 1
927 1
2788 0
3014 0
2588 0
4833 0
4779 0
79 1
1469 1
78 1
78 0
1740 1
1740 0
1469 0
2789 0
3359 1
927 0
2777 1
2778 0
2777 0
238 1
211 1
1368 1
211 0
1368 0
3772 1
2727 1
2727 0
2783 1
4113 1
3772 0
2141 1
2783 0
4113 0
2773 1
2141 0
1148 1
237 1
238 0
1436 1
1148 0
79 0
1481 1
178 1
1481 0
1828 1
1261 1
2829 1
2773 0
1828 0
3359 0
2734 1
2725 1
2829 0
2624 1
237 0
4169 1
2725 0
1261 0
2734 0
178 0
1436 0
1170 1
1170 0
2624 0
729 1
2636 1
2750 1
2751 1
3745 1
4657 1
4657 0
4169 0
3745 0
2636 0
2750 0
729 0
2543 1
2543 0
2541 1
2541 0
2474 1
1509 1
2751 0
1509 0
4934 1
4934 0
5342 1
2474 0
1174 1
205 1
5342 0
4583 1
205 0
4537 1
2462 1
4583 0
4537 0
2985 1
1174 0
2324 1
2324 0
4561 1
4561 0
581 1
1175 1
2985 0
1175 0
2462 0
4750 1
2679 1
4750 0
4585 1
2679 0
5431 1
581 0
5430 1
5431 0
5430 0
5429 1
4584 1
2810 1
2810 0
4585 0
4652 1
4584 0
4648 1
4648 0
5429 0
3628 1
3628 0
1472 1
4652 0
3460 1
3159 1
1472 0
3156 1
3159 0
3156 0
3150 1
3460 0
1764 1
2292 1
1764 0
3150 0
3126 1
2292 0
2759 1
2759 0
5363 1
5363 0
4264 1
3126 0
3111 1
5319 1
2042 1
993 1
5319 0
2042 0
1128 1
1128 0
2409 1
993 0
3177 1
3177 0
3167 1
2047 1
2409 0
354 1
3111 0
3167 0
3800 1
354 0
3141 1
3800 0
3226 1
3620 1
2047 0
3141 0
349 1
3227 1
3226 0
371 1
3620 0
4264 0
4715 1
638 1
349 0
1223 1
4715 0
4714 1
1223 0
3227 0
986 1
986 0
3125 1
638 0
3165 1
3125 0
3137 1
371 0
603 1
284 1
603 0
3165 0
3146 1
3137 0
3146 0
1397 1
1397 0
3626 1
1410 1
748 1
1410 0
4714 0
5477 1
5477 0
3626 0
284 0
3633 1
3633 0
5025 1
5026 1
5025 0
1052 1
748 0
1843 1
1052 0
4513 1
5026 0
5233 1
5233 0
2233 1
4513 0
4380 1
2233 0
4380 0
1483 1
4426 1
1483 0
1843 0
1564 1
4426 0
4425 1
4425 0
1433 1
1434 1
1433 0
1564 0
1851 1
1434 0
4231 1
4231 0
5091 1
1851 0
417 1
1143 1
5091 0
2197 1
1143 0
2197 0
105 1
417 0
4163 1
105 0
601 1
4465 1
601 0
4466 1
4465 0
1059 1
4163 0
2582 1
4466 0
2582 0
1004 1
996 1
1096 1
1095 1
1095 0
1059 0
1096 0
1426 1
1553 1
1004 0
3497 1
4382 1
4382 0
1390 1
1390 0
1553 0
1426 0
996 0
1425 1
4502 1
3497 0
1425 0
412 1
1421 1
412 0
715 1
4502 0
1393 1
1479 1
1393 0
1480 1
1421 0
1420 1
1420 0
1479 0
715 0
2816 1
1055 1
1480 0
5186 1
2816 0
1055 0
3740 1
3740 0
1098 1
1098 0
5130 1
2785 1
5130 0
5186 0
807 1
2785 0
2575 1
315 1
2575 0
300 1
807 0
315 0
362 1
3705 1
300 0
1768 1
362 0
1768 0
938 1
5135 1
938 0
3795 1
3705 0
4175 1
5135 0
2761 1
4175 0
4273 1
3795 0
2761 0
4383 1
4092 1
4383 0
4092 0
4384 1
457 1
4384 0
940 1
457 0
4274 1
4289 1
3919 1
4595 1
4274 0
4595 0
4289 0
2585 1
3909 1
3909 0
3863 1
3863 0
4273 0
2585 0
4496 1
3922 1
3919 0
4566 1
4566 0
3917 1
940 0
3852 1
3917 0
3922 0
4369 1
4369 0
4496 0
4290 1
4290 0
1655 1
1655 0
2753 1
609 1
2753 0
1235 1
3852 0
1234 1
1235 0
359 1
609 0
1234 0
3933 1
2132 1
3933 0
2922 1
359 0
2132 0
13 1
13 0
4025 1
3430 1
2922 0
4074 1
4025 0
4068 1
4074 0
3430 0
1422 1
3916 1
4068 0
3916 0
4065 1
1643 1
4065 0
1422 0
1212 1
70 1
213 1
70 0
2793 1
213 0
71 1
48 1
48 0
1643 0
2793 0
3537 1
1212 0
4667 1
71 0
4667 0
9 1
1493 1
3537 0
2944 1
9 0
2944 0
4162 1
1350 1
4162 0
3614 1
1493 0
3614 0
4406 1
4406 0
2373 1
1350 0
136 1
136 0
1737 1
3944 1
2373 0
3944 0
4404 1
4404 0
1907 1
988 1
1907 0
1737 0
4484 1
4484 0
851 1
988 0
3722 1
3722 0
3943 1
851 0
4022 1
3943 0
263 1
96 1
263 0
4022 0
96 0
