584 1
1744 1
1744 0
3706 1
3706 0
5067 1
598 1
4470 1
598 0
328 1
276 1
276 0
584 0
1786 1
1187 1
1187 0
4470 0
1146 1
1146 0
5067 0
1560 1
1560 0
1561 1
2424 1
2424 0
328 0
1786 0
4469 1
4469 0
1848 1
1827 1
1848 0
1561 0
3496 1
1827 0
1839 1
1839 0
2644 1
3496 0
3907 1
3634 1
2644 0
3906 1
3907 0
3634 0
4563 1
3906 0
2657 1
2657 0
5333 1
4912 1
4563 0
3815 1
5333 0
4912 0
4464 1
3815 0
4673 1
4464 0
170 1
4673 0
4672 1
4672 0
3220 1
1145 1
170 0
3551 1
4671 1
3220 0
3770 1
4671 0
3770 0
3219 1
3219 0
3733 1
1145 0
3551 0
2486 1
4174 1
3733 0
4670 1
2486 0
2546 1
4670 0
4693 1
3769 1
2546 0
602 1
602 0
3251 1
3251 0
3769 0
3986 1
4174 0
2781 1
4693 0
4219 1
2781 0
1850 1
3986 0
3859 1
4219 0
4276 1
5163 1
5163 0
409 1
409 0
4935 1
1928 1
1850 0
4276 0
2156 1
1669 1
4935 0
5326 1
5326 0
46 1
46 0
1669 0
1793 1
2156 0
187 1
187 0
1751 1
1043 1
1928 0
3859 0
1888 1
1793 0
590 1
4742 1
1043 0
3991 1
4742 0
590 0
4129 1
1751 0
2103 1
488 1
4129 0
5414 1
3991 0
5415 1
5414 0
488 0
4476 1
2103 0
1441 1
75 1
5415 0
3857 1
1888 0
1441 0
1440 1
5397 1
4476 0
75 0
74 1
3857 0
1138 1
2407 1
74 0
4743 1
5397 0
4748 1
1440 0
2407 0
5106 1
5181 1
4743 0
607 1
1138 0
5181 0
5366 1
5106 0
5366 0
4748 0
4749 1
3075 1
607 0
4749 0
1688 1
1680 1
1688 0
1680 0
3316 1
1684 1
3075 0
1705 1
1706 1
3316 0
57 1
1684 0
1705 0
19 1
19 0
1676 1
1676 0
1976 1
1677 1
1677 0
1976 0
1706 0
1682 1
57 0
1682 0
1895 1
1527 1
1087 1
1527 0
1895 0
1164 1
1066 1
3276 1
1167 1
1066 0
3276 0
1164 0
1532 1
1087 0
2787 1
4105 1
4105 0
5485 1
5485 0
5486 1
5486 0
123 1
123 0
1532 0
1673 1
1380 1
1673 0
4021 1
1167 0
583 1
2787 0
1380 0
1536 1
1535 1
1536 0
677 1
1141 1
677 0
1354 1
1354 0
1244 1
1141 0
5393 1
951 1
5393 0
4021 0
1496 1
1244 0
694 1
693 1
694 0
693 0
698 1
951 0
4493 1
4493 0
4621 1
608 1
1496 0
4951 1
1237 1
1237 0
4559 1
3102 1
698 0
3102 0
175 1
175 0
1073 1
608 0
1073 0
1535 0
1077 1
583 0
1077 0
214 1
582 1
582 0
1641 1
4621 0
4951 0
4947 1
1650 1
1641 0
4947 0
1158 1
1969 1
1650 0
1959 1
1158 0
1969 0
2032 1
1241 1
4559 0
3533 1
1241 0
3533 0
21 1
1563 1
214 0
2001 1
2032 0
1152 1
1959 0
2004 1
2001 0
1152 0
1105 1
1563 0
1082 1
21 0
5244 1
3831 1
1082 0
1102 1
1105 0
2029 1
2004 0
5244 0
1492 1
3832 1
3831 0
2000 1
2029 0
3092 1
1492 0
1102 0
1104 1
3832 0
1620 1
4565 1
3092 0
1104 0
5082 1
1562 1
1620 0
5082 0
448 1
448 0
449 1
2000 0
880 1
880 0
656 1
4565 0
4937 1
1556 1
1562 0
656 0
2003 1
2797 1
2797 0
5446 1
2796 1
449 0
2796 0
1552 1
1552 0
1604 1
1556 0
1384 1
4937 0
5446 0
2204 1
2003 0
621 1
1020 1
1384 0
491 1
2204 0
1604 0
1544 1
3437 1
491 0
2060 1
621 0
1191 1
997 1
5478 1
5478 0
3437 0
4392 1
4392 0
1191 0
1020 0
5070 1
5210 1
997 0
59 1
1544 0
2060 0
2021 1
5070 0
605 1
1708 1
5210 0
459 1
1708 0
459 0
5209 1
2021 0
4850 1
272 1
5209 0
88 1
272 0
4970 1
5029 1
605 0
4336 1
1424 1
1424 0
88 0
5029 0
1587 1
59 0
4850 0
229 1
4971 1
4970 0
229 0
856 1
314 1
4971 0
1587 0
4683 1
4683 0
3565 1
794 1
4336 0
815 1
856 0
5073 1
314 0
4548 1
794 0
3565 0
1342 1
815 0
4827 1
5073 0
4769 1
4549 1
4548 0
944 1
4769 0
4000 1
4827 0
3601 1
1342 0
4397 1
3601 0
4549 0
5432 1
4000 0
4773 1
944 0
433 1
4397 0
4401 1
433 0
972 1
4400 1
4401 0
2819 1
5432 0
972 0
3764 1
1923 1
4773 0
4400 0
3560 1
1045 1
3764 0
3560 0
3404 1
4669 1
3404 0
1045 0
1046 1
3599 1
1046 0
5409 1
2819 0
2145 1
4669 0
3599 0
456 1
456 0
2145 0
1923 0
3698 1
2249 1
5409 0
173 1
2249 0
970 1
173 0
3698 0
3697 1
2245 1
970 0
91 1
3697 0
2245 0
2248 1
101 1
2248 0
91 0
2363 1
101 0
2291 1
3675 1
2363 0
2291 0
2996 1
3627 1
3675 0
2360 1
3627 0
2240 1
2996 0
2240 0
2997 1
2998 1
2997 0
2360 0
402 1
2998 0
3006 1
3006 0
3007 1
3000 1
3007 0
402 0
1001 1
2999 1
3000 0
4597 1
4597 0
4598 1
316 1
316 0
367 1
3008 1
3008 0
2999 0
4598 0
368 1
367 0
4600 1
368 0
1877 1
5154 1
304 1
304 0
252 1
4600 0
4685 1
4685 0
120 1
3673 1
3673 0
1001 0
3708 1
3708 0
1877 0
2401 1
5154 0
114 1
114 0
3052 1
252 0
2402 1
2401 0
3052 0
5084 1
2357 1
2357 0
120 0
2405 1
2402 0
3694 1
2405 0
3665 1
5084 0
3694 0
4422 1
3665 0
240 1
5175 1
4422 0
5175 0
5174 1
4388 1
240 0
1363 1
5174 0
4390 1
4388 0
4389 1
3505 1
3505 0
1363 0
4389 0
4390 0
