3706 1
1744 1
584 1
1744 0
1786 1
584 0
3706 0
5067 1
1786 0
4469 1
5067 0
1146 1
1848 1
4469 0
1146 0
1561 1
1827 1
1848 0
1561 0
3496 1
1839 1
1827 0
1839 0
2644 1
3496 0
265 1
2644 0
3634 1
3807 1
265 0
3653 1
3807 0
3634 0
3636 1
4895 1
3653 0
1811 1
3636 0
170 1
1811 0
4895 0
2220 1
4672 1
2220 0
3220 1
4672 0
3219 1
3220 0
170 0
1145 1
3219 0
3551 1
3551 0
2486 1
2486 0
4670 1
3733 1
1145 0
4174 1
3733 0
4174 0
3986 1
4670 0
2546 1
2546 0
4693 1
2781 1
4693 0
3986 0
1850 1
4219 1
2781 0
5163 1
4276 1
2156 1
4276 0
5163 0
5162 1
1820 1
5162 0
2156 0
46 1
5124 1
1820 0
5203 1
5124 0
5203 0
4935 1
46 0
5326 1
4935 0
1669 1
1669 0
1793 1
4492 1
5326 0
1928 1
1850 0
590 1
1793 0
4492 0
1372 1
1928 0
1043 1
1043 0
4742 1
341 1
4742 0
3991 1
4129 1
590 0
1675 1
341 0
1888 1
4219 0
3857 1
1138 1
3859 1
1888 0
3859 0
3857 0
4994 1
1372 0
488 1
4129 0
5346 1
4994 0
1819 1
3991 0
4476 1
488 0
1675 0
1075 1
1684 1
1138 0
607 1
607 0
3075 1
3075 0
1075 0
1819 0
4135 1
5346 0
4749 1
5395 1
4476 0
5394 1
5395 0
1688 1
4749 0
4743 1
5394 0
5365 1
4135 0
4237 1
5365 0
1816 1
4237 0
4743 0
5181 1
1688 0
1680 1
1705 1
1684 0
2338 1
5181 0
1816 0
2338 0
1707 1
1680 0
1707 0
4143 1
4143 0
1233 1
1705 0
1233 0
5386 1
5385 1
1381 1
5386 0
1527 1
1895 1
1164 1
1895 0
1381 0
155 1
155 0
1087 1
1673 1
1532 1
1532 0
1527 0
1087 0
1164 0
3276 1
677 1
1141 1
1354 1
677 0
3276 0
1066 1
1167 1
1066 0
5393 1
1141 0
1244 1
1354 0
5385 0
1803 1
1380 1
1380 0
1536 1
1673 0
1803 0
694 1
1244 0
951 1
5393 0
4021 1
1167 0
694 0
693 1
4493 1
951 0
1536 0
1535 1
4493 0
4621 1
693 0
698 1
4542 1
4021 0
4559 1
698 0
3379 1
4621 0
1535 0
1073 1
1636 1
4542 0
608 1
1073 0
4559 0
1241 1
1650 1
3379 0
1650 0
1969 1
1969 0
2032 1
4150 1
1636 0
3533 1
1241 0
1959 1
4150 0
214 1
608 0
1959 0
1152 1
2032 0
2328 1
1563 1
214 0
1180 1
2328 0
1563 0
1082 1
1152 0
4333 1
1180 0
1944 1
1082 0
1557 1
21 1
3533 0
1868 1
4333 0
1868 0
442 1
21 0
5244 1
190 1
5244 0
1588 1
1557 0
2030 1
1944 0
1588 0
1589 1
1589 0
1620 1
5082 1
442 0
190 0
4565 1
652 1
2030 0
448 1
5082 0
4937 1
4565 0
1562 1
1620 0
652 0
2079 1
1562 0
1556 1
449 1
448 0
2079 0
2003 1
449 0
1552 1
1556 0
1604 1
621 1
2003 0
1552 0
4006 1
1076 1
4115 1
1076 0
1384 1
1384 0
1020 1
1934 1
4937 0
1020 0
998 1
4006 0
4115 0
1544 1
1604 0
785 1
998 0
59 1
1544 0
1708 1
785 0
2021 1
2060 1
2060 0
621 0
3995 1
3995 0
2028 1
2028 0
2006 1
2006 0
1708 0
459 1
1934 0
1932 1
458 1
459 0
88 1
1932 0
4529 1
458 0
4529 0
4528 1
4850 1
2021 0
229 1
4850 0
88 0
5029 1
856 1
229 0
59 0
1587 1
4393 1
4528 0
3559 1
4393 0
5402 1
4683 1
1587 0
794 1
4548 1
4336 1
794 0
5029 0
4336 0
5402 0
5073 1
3559 0
4683 0
3565 1
815 1
856 0
3565 0
1342 1
4980 1
815 0
4769 1
5073 0
4549 1
4548 0
4980 0
2403 1
1342 0
3601 1
4769 0
944 1
3601 0
4397 1
4401 1
4397 0
433 1
944 0
4549 0
4756 1
4401 0
4400 1
3250 1
4756 0
4400 0
3560 1
2819 1
3250 0
3579 1
433 0
1045 1
3579 0
573 1
4773 1
3698 1
1923 1
2403 0
2317 1
4773 0
1923 0
3698 0
573 0
3056 1
1045 0
1046 1
3568 1
3560 0
3056 0
3568 0
4398 1
3599 1
1046 0
3599 0
456 1
4399 1
4398 0
456 0
4127 1
4127 0
4399 0
5409 1
2819 0
2249 1
5409 0
435 1
2249 0
435 0
2244 1
2244 0
2245 1
5172 1
2317 0
2245 0
2248 1
5172 0
3192 1
3675 1
3192 0
2248 0
101 1
101 0
3012 1
3627 1
3675 0
2996 1
3012 0
2996 0
2240 1
2240 0
2997 1
4698 1
4698 0
3684 1
402 1
3627 0
2360 1
2360 0
3676 1
3676 0
3684 0
2998 1
2997 0
2998 0
320 1
320 0
3000 1
2999 1
3000 0
2999 0
4598 1
4598 0
4597 1
1001 1
402 0
3009 1
4597 0
223 1
3009 0
1001 0
3708 1
223 0
1877 1
5154 1
1877 0
5154 0
2401 1
120 1
3708 0
120 0
2405 1
2401 0
3734 1
3731 1
3734 0
2405 0
3702 1
1887 1
3731 0
3702 0
1366 1
5175 1
1366 0
2404 1
1887 0
5174 1
5175 0
5174 0
1363 1
4924 1
2404 0
4389 1
3505 1
1363 0
3505 0
4924 0
4390 1
4390 0
4389 0
