1713 1
1714 1
1709 1
1714 0
3640 1
1713 0
1709 0
3637 1
976 1
3637 0
3640 0
3644 1
3335 1
3335 0
3644 0
3334 1
4554 1
3334 0
1779 1
1780 1
1780 0
1779 0
976 0
4573 1
618 1
4573 0
618 0
2425 1
4556 1
4554 0
4556 0
428 1
5405 1
428 0
2425 0
2429 1
2285 1
2429 0
3412 1
1374 1
1374 0
2285 0
2504 1
3412 0
188 1
5405 0
1283 1
188 0
1778 1
1283 0
2504 0
1717 1
1717 0
1809 1
1778 0
3642 1
1822 1
1809 0
3451 1
3642 0
1822 0
1821 1
3451 0
1801 1
1582 1
1821 0
1582 0
3472 1
3443 1
1801 0
3546 1
3443 0
3472 0
3469 1
3469 0
1802 1
3546 0
4349 1
4349 0
535 1
3548 1
1802 0
3548 0
3018 1
536 1
535 0
536 0
3797 1
3605 1
1686 1
3797 0
3796 1
3017 1
3018 0
2336 1
1732 1
2336 0
3017 0
1686 0
3605 0
3796 0
1286 1
1732 0
3879 1
2337 1
1286 0
1735 1
3879 0
2337 0
1070 1
1070 0
1735 0
685 1
1461 1
1461 0
650 1
689 1
685 0
650 0
2457 1
688 1
689 0
2457 0
1722 1
688 0
687 1
163 1
1722 0
687 0
1153 1
163 0
3473 1
524 1
1153 0
289 1
3473 0
289 0
3821 1
524 0
3214 1
3821 0
675 1
675 0
3470 1
1019 1
4992 1
434 1
434 0
463 1
463 0
3214 0
3972 1
4992 0
1019 0
3474 1
3470 0
3474 0
3976 1
3972 0
1232 1
1545 1
968 1
256 1
1545 0
662 1
3976 0
256 0
1576 1
5167 1
1576 0
968 0
1730 1
4522 1
5167 0
765 1
1730 0
1232 0
396 1
4386 1
1611 1
1611 0
4522 0
755 1
662 0
764 1
765 0
4385 1
4385 0
397 1
396 0
1002 1
4386 0
644 1
755 0
2954 1
397 0
764 0
1608 1
1608 0
3333 1
1002 0
4524 1
3480 1
644 0
236 1
2954 0
1610 1
4524 0
3333 0
3332 1
1529 1
3332 0
1610 0
3774 1
1529 0
2087 1
2347 1
3480 0
236 0
1292 1
3576 1
3774 0
2087 0
3556 1
1292 0
1910 1
3576 0
2817 1
3571 1
3556 0
212 1
2817 0
212 0
3571 0
5399 1
2347 0
4017 1
1910 0
4017 0
4744 1
5399 0
4545 1
5160 1
4744 0
5160 0
4293 1
4545 0
1968 1
669 1
1968 0
1806 1
1806 0
5171 1
5171 0
1905 1
1905 0
4293 0
191 1
669 0
1898 1
191 0
2458 1
1902 1
1898 0
1879 1
2458 0
1876 1
319 1
2323 1
1879 0
2323 0
3423 1
1902 0
4 1
1519 1
1876 0
319 0
4 0
5045 1
1519 0
228 1
3010 1
270 1
3010 0
3423 0
5045 0
5128 1
228 0
5176 1
3714 1
5128 0
3279 1
5176 0
270 0
2077 1
3689 1
3714 0
5311 1
3689 0
1124 1
1124 0
2077 0
5345 1
3279 0
1320 1
2396 1
2396 0
4083 1
4083 0
5311 0
5345 0
1320 0
3322 1
3322 0
