3073 1
3072 1
3073 0
510 1
2638 1
3072 0
2676 1
2398 1
2667 1
2638 0
2398 0
2667 0
2397 1
2179 1
510 0
3756 1
2676 0
5364 1
2179 0
3756 0
3240 1
5364 0
2397 0
2646 1
3240 0
4697 1
1163 1
2646 0
4334 1
1163 0
4697 0
4696 1
1766 1
4696 0
2659 1
2443 1
2443 0
2444 1
4334 0
3019 1
3019 0
1766 0
4477 1
2659 0
1061 1
1061 0
2648 1
2444 0
933 1
933 0
93 1
93 0
4477 0
3348 1
5149 1
1072 1
1072 0
4478 1
4478 0
81 1
2648 0
4250 1
81 0
4256 1
4250 0
4254 1
4256 0
2967 1
4254 0
1683 1
5013 1
5014 1
5014 0
1683 0
3737 1
4819 1
5013 0
3738 1
3737 0
1238 1
2967 0
1238 0
4253 1
4116 1
4116 0
3016 1
3016 0
4817 1
5149 0
5148 1
4817 0
4253 0
3738 0
918 1
3348 0
918 0
2258 1
5148 0
2770 1
2770 0
4819 0
4815 1
226 1
2258 0
4815 0
2557 1
5453 1
226 0
5074 1
2557 0
1178 1
5074 0
5453 0
4223 1
4223 0
1430 1
1179 1
1178 0
1430 0
1429 1
2780 1
1429 0
3468 1
1179 0
522 1
3468 0
1702 1
2780 0
1805 1
1702 0
1805 0
1794 1
1794 0
3965 1
307 1
522 0
941 1
307 0
3965 0
360 1
4402 1
360 0
3659 1
4402 0
3659 0
3660 1
941 0
3059 1
3660 0
3153 1
3059 0
2580 1
4616 1
3153 0
4617 1
5137 1
1663 1
1531 1
1371 1
1371 0
4616 0
4617 0
5137 0
1530 1
1663 0
2580 0
3061 1
3596 1
3061 0
3575 1
3596 0
1530 0
4846 1
3375 1
3375 0
1531 0
1704 1
4846 0
2298 1
3575 0
2298 0
632 1
1704 0
4473 1
4473 0
3176 1
716 1
632 0
3066 1
3116 1
3116 0
126 1
166 1
126 0
3066 0
2483 1
3490 1
2483 0
4958 1
217 1
166 0
1931 1
3176 0
3632 1
3632 0
4631 1
4631 0
716 0
1151 1
4958 0
217 0
2510 1
3490 0
2061 1
2510 0
745 1
1151 0
3195 1
2053 1
2061 0
5000 1
2053 0
3195 0
3106 1
616 1
745 0
5000 0
1815 1
3273 1
1931 0
3106 0
251 1
4504 1
616 0
4689 1
251 0
4504 0
3438 1
4689 0
4690 1
3370 1
1815 0
3273 0
3304 1
2496 1
3370 0
3304 0
1266 1
161 1
3438 0
3100 1
4690 0
3100 0
161 0
1266 0
1408 1
2496 0
2052 1
3268 1
1408 0
1997 1
2052 0
3374 1
1997 0
3268 0
3269 1
1015 1
3269 0
2022 1
3374 0
1015 0
1391 1
1391 0
1118 1
2023 1
2022 0
1118 0
495 1
281 1
2023 0
1388 1
495 0
1388 0
1606 1
281 0
4706 1
2090 1
4706 0
3093 1
1606 0
2090 0
4088 1
3257 1
3093 0
4088 0
1880 1
3958 1
3257 0
3767 1
1880 0
3958 0
3299 1
3299 0
3819 1
3767 0
3656 1
3655 1
3656 0
3819 0
1685 1
3655 0
2009 1
2009 0
4860 1
1771 1
947 1
1771 0
3329 1
947 0
819 1
3329 0
946 1
4860 0
766 1
819 0
1618 1
1685 0
3301 1
3890 1
946 0
1011 1
3890 0
3236 1
5251 1
5251 0
1619 1
585 1
585 0
1619 0
1050 1
1618 0
766 0
1985 1
3384 1
3236 0
1011 0
400 1
3384 0
400 0
438 1
3301 0
3292 1
462 1
438 0
3291 1
3292 0
1240 1
462 0
4936 1
1985 0
1865 1
1240 0
3381 1
1050 0
1258 1
4340 1
134 1
1865 0
1258 0
4340 0
5165 1
4936 0
2805 1
134 0
2805 0
413 1
4262 1
3381 0
413 0
574 1
5165 0
5164 1
3291 0
3616 1
3799 1
3616 0
1991 1
574 0
4712 1
5164 0
1991 0
482 1
4360 1
3799 0
4368 1
482 0
3315 1
4262 0
4183 1
4712 0
3312 1
4360 0
3312 0
3603 1
1300 1
3315 0
4517 1
1300 0
5134 1
4368 0
3603 0
2941 1
3325 1
4517 0
2942 1
2941 0
3325 0
2942 0
4183 0
4153 1
959 1
5134 0
4152 1
4153 0
4233 1
4152 0
552 1
959 0
4233 0
4901 1
4901 0
4943 1
4125 1
552 0
4125 0
1891 1
2733 1
4943 0
5200 1
1891 0
2733 0
5057 1
5057 0
569 1
1042 1
5200 0
1042 0
1243 1
1243 0
3666 1
432 1
3666 0
569 0
3720 1
3720 0
2246 1
2246 0
2218 1
3595 1
1038 1
432 0
3595 0
3392 1
2388 1
2218 0
3392 0
2388 0
4919 1
2387 1
622 1
622 0
4919 0
5269 1
5161 1
5161 0
5052 1
5269 0
1038 0
4258 1
4258 0
3410 1
3403 1
3410 0
3403 0
1790 1
1790 0
1500 1
2369 1
2369 0
2370 1
2562 1
2370 0
2562 0
5052 0
2389 1
2387 0
290 1
290 0
1500 0
3401 1
2374 1
5119 1
2374 0
401 1
424 1
5118 1
5119 0
5118 0
5284 1
4533 1
3401 0
1881 1
1881 0
5282 1
5284 0
5282 0
2389 0
2342 1
2375 1
401 0
2375 0
2394 1
424 0
5035 1
4534 1
4533 0
2392 1
2342 0
2377 1
2395 1
4535 1
4534 0
5035 0
5034 1
2394 0
2395 0
4540 1
5034 0
4535 0
4540 0
2392 0
2377 0
