84 1
4948 1
84 0
3901 1
3905 1
3905 0
4978 1
4949 1
4949 0
4978 0
4614 1
3901 0
4948 0
2521 1
2667 1
2668 1
2667 0
2398 1
2521 0
5129 1
2668 0
4212 1
4614 0
2455 1
2398 0
2397 1
2646 1
2397 0
3073 1
510 1
5129 0
4627 1
3073 0
4212 0
510 0
2652 1
2646 0
3856 1
2652 0
2666 1
3856 0
2645 1
2645 0
3019 1
2666 0
4856 1
2455 0
3959 1
1769 1
4856 0
4627 0
2439 1
5199 1
3959 0
2443 1
3019 0
4161 1
5199 0
1937 1
4161 0
2515 1
2439 0
2443 0
2444 1
2648 1
2444 0
1770 1
2736 1
1770 0
1769 0
4477 1
1766 1
93 1
4477 0
4696 1
1766 0
4696 0
2648 0
81 1
2515 0
1637 1
1637 0
4118 1
81 0
4250 1
1937 0
4546 1
4118 0
331 1
1103 1
331 0
1103 0
4250 0
2333 1
4546 0
93 0
933 1
4245 1
4245 0
2736 0
4865 1
933 0
2333 0
2441 1
4865 0
4864 1
4864 0
4859 1
713 1
2441 0
1404 1
713 0
5452 1
4859 0
5452 0
5068 1
5068 0
4222 1
4794 1
1404 0
4222 0
4221 1
4794 0
5054 1
4221 0
4220 1
5054 0
733 1
2775 1
4220 0
2596 1
733 0
2596 0
893 1
2775 0
3965 1
3965 0
360 1
4637 1
893 0
4402 1
360 0
3967 1
4402 0
1664 1
4637 0
3967 0
3968 1
2507 1
1664 0
3968 0
1123 1
588 1
1123 0
2507 0
492 1
1371 1
588 0
3596 1
492 0
1531 1
1371 0
3575 1
3596 0
3375 1
1531 0
682 1
3375 0
3574 1
3575 0
2413 1
3574 0
3632 1
682 0
4631 1
3632 0
3123 1
365 1
1788 1
365 0
632 1
126 1
3781 1
1788 0
615 1
615 0
1126 1
2503 1
2503 0
3123 0
217 1
166 1
126 0
166 0
217 0
963 1
3781 0
716 1
632 0
716 0
1151 1
2413 0
3179 1
3179 0
3317 1
3317 0
606 1
1126 0
1994 1
963 0
611 1
606 0
5000 1
1994 0
4631 0
1931 1
611 0
3108 1
1815 1
5000 0
3195 1
1151 0
1931 0
3273 1
1815 0
3370 1
3195 0
4691 1
3274 1
3273 0
3108 0
162 1
1249 1
4691 0
1249 0
3107 1
2496 1
3370 0
162 0
3107 0
2686 1
2496 0
3272 1
3274 0
2686 0
2076 1
1408 1
3268 1
1408 0
3268 0
1583 1
3272 0
3269 1
3266 1
3266 0
1583 0
3374 1
2076 0
1015 1
3269 0
3374 0
2022 1
1014 1
1015 0
2022 0
2023 1
1014 0
385 1
2253 1
385 0
2023 0
281 1
4706 1
281 0
4706 0
2090 1
3323 1
2253 0
520 1
3323 0
3767 1
1880 1
2090 0
2082 1
2082 0
3651 1
3651 0
3652 1
3652 0
3650 1
1880 0
4088 1
4088 0
863 1
520 0
3259 1
863 0
3767 0
3656 1
1952 1
3650 0
1678 1
1951 1
1951 0
1952 0
3298 1
3259 0
3655 1
3656 0
3655 0
2009 1
1678 0
4078 1
4078 0
2085 1
2085 0
1981 1
1981 0
1963 1
3299 1
3298 0
766 1
3299 0
3819 1
3282 1
887 1
3320 1
3282 0
648 1
3320 0
887 0
1619 1
3319 1
648 0
356 1
3319 0
356 0
216 1
3819 0
983 1
4860 1
2009 0
1963 0
3074 1
4860 0
766 0
5251 1
1619 0
216 0
4649 1
5468 1
4649 0
2321 1
5468 0
983 0
980 1
1000 1
2321 0
5251 0
585 1
1000 0
3955 1
3331 1
585 0
3074 0
410 1
497 1
980 0
438 1
1032 1
1032 0
3955 0
462 1
438 0
5165 1
410 0
4976 1
497 0
1240 1
1865 1
462 0
1240 0
134 1
1865 0
2805 1
134 0
5164 1
5165 0
413 1
2805 0
413 0
574 1
4712 1
5164 0
574 0
1991 1
4976 0
4360 1
3312 1
4360 0
1300 1
1991 0
482 1
1300 0
3315 1
4712 0
4183 1
4262 1
3315 0
326 1
2855 1
4731 1
2855 0
4731 0
3331 0
3312 0
3313 1
4262 0
3428 1
3313 0
3428 0
2273 1
2273 0
326 0
4153 1
4183 0
4368 1
482 0
4368 0
5134 1
4152 1
4153 0
959 1
5134 0
5232 1
4152 0
959 0
552 1
2733 1
5232 0
4125 1
552 0
1891 1
4125 0
5057 1
2733 0
4026 1
1891 0
4026 0
4845 1
4845 0
4132 1
5057 0
569 1
4132 0
4131 1
3720 1
569 0
3595 1
4131 0
2246 1
3720 0
3595 0
1038 1
2388 1
2218 1
2388 0
2218 0
4919 1
2246 0
2093 1
2093 0
3850 1
3850 0
1038 0
4258 1
622 1
4919 0
2387 1
622 0
293 1
290 1
293 0
4825 1
4825 0
2387 0
4258 0
3410 1
3410 0
85 1
85 0
436 1
290 0
2389 1
2342 1
2389 0
2391 1
2342 0
436 0
1500 1
3401 1
1500 0
3401 0
1881 1
3538 1
2375 1
2374 1
5119 1
2391 0
2372 1
2375 0
2394 1
3538 0
2374 0
2372 0
2395 1
5258 1
5119 0
2394 0
2395 0
1036 1
5258 0
4533 1
1881 0
4534 1
4533 0
4534 0
3843 1
1036 0
1628 1
1926 1
3843 0
4294 1
1628 0
1926 0
4294 0
