1880 1
809 1
809 0
808 1
808 0
6964 1
1880 0
6112 1
6964 0
6970 1
6115 1
6112 0
3924 1
6115 0
6966 1
6970 0
5699 1
3924 0
911 1
5699 0
3164 1
6965 1
6965 0
39 1
911 0
6110 1
6966 0
2110 1
6092 1
6092 0
39 0
3164 0
2897 1
6110 0
6571 1
2110 0
191 1
2897 0
191 0
1485 1
1228 1
1485 0
1229 1
1228 0
1959 1
1859 1
469 1
469 0
6570 1
6570 0
6571 0
5337 1
1859 0
1959 0
1324 1
5055 1
5055 0
1229 0
7034 1
7003 1
7003 0
1248 1
570 1
1248 0
7013 1
7016 1
7015 1
7016 0
570 0
2109 1
7013 0
1324 0
4948 1
5337 0
2109 0
3594 1
7034 0
1867 1
1866 1
1867 0
7015 0
4948 0
2836 1
2836 0
3594 0
3621 1
1866 0
3621 0
