3048 1
4550 1
2739 1
3048 0
2739 0
2738 1
1133 1
4550 0
2569 1
4420 1
4405 1
4405 0
2738 0
3936 1
4418 1
4420 0
4418 0
5310 1
1133 0
5310 0
5309 1
5309 0
4872 1
277 1
278 1
277 0
2762 1
3936 0
121 1
122 1
121 0
122 0
278 0
2569 0
4872 0
4555 1
1947 1
4204 1
4204 0
4246 1
4782 1
4555 0
4782 0
1946 1
1947 0
1946 0
4246 0
275 1
2762 0
1719 1
275 0
4112 1
358 1
1719 0
4112 0
2882 1
2882 0
2881 1
2860 1
2881 0
2843 1
2860 0
2858 1
2843 0
2914 1
358 0
2914 0
3347 1
2864 1
3347 0
2558 1
2858 0
2849 1
2558 0
2864 0
2916 1
420 1
2849 0
2916 0
2809 1
2809 0
2919 1
1488 1
2919 0
664 1
420 0
562 1
562 0
2850 1
2850 0
268 1
664 0
3187 1
3187 0
5150 1
1488 0
268 0
2853 1
2933 1
2853 0
2316 1
5150 0
2316 0
347 1
347 0
2863 1
2863 0
1079 1
2933 0
2937 1
1078 1
2937 0
1078 0
1079 0
1389 1
1504 1
1389 0
1508 1
1508 0
4863 1
1482 1
1097 1
1482 0
1486 1
1486 0
2925 1
3869 1
3869 0
1504 0
1097 0
722 1
4863 0
49 1
2925 0
722 0
2346 1
405 1
2346 0
1938 1
49 0
1938 0
3848 1
405 0
4862 1
1913 1
3848 0
4862 0
466 1
3138 1
1913 0
3893 1
3138 0
5202 1
2227 1
2227 0
1986 1
3893 0
1439 1
5202 0
8 1
466 0
2419 1
882 1
8 0
1439 0
1796 1
1986 0
3625 1
4630 1
3625 0
377 1
882 0
1795 1
1796 0
2419 0
45 1
377 0
725 1
1795 0
2923 1
4630 0
3190 1
45 0
1085 1
725 0
5094 1
5094 0
4235 1
2188 1
3190 0
1085 0
934 1
4235 0
2012 1
4679 1
670 1
529 1
4403 1
4272 1
4403 0
2923 0
670 0
4679 0
934 0
931 1
2012 0
2523 1
308 1
931 0
2523 0
849 1
2188 0
5440 1
3751 1
5440 0
3751 0
4327 1
920 1
932 1
922 1
935 1
308 0
786 1
786 0
935 0
932 0
222 1
920 0
154 1
4327 0
849 0
2473 1
52 1
529 0
1415 1
790 1
790 0
4272 0
4434 1
4434 0
52 0
504 1
221 1
222 0
221 0
783 1
922 0
925 1
154 0
1194 1
503 1
926 1
925 0
926 0
1013 1
1281 1
1281 0
783 0
503 0
504 0
5115 1
2473 0
128 1
1194 0
5115 0
26 1
0 1
1013 0
2304 1
758 1
128 0
4044 1
2963 1
2963 0
5337 1
1948 1
1948 0
5337 0
26 0
44 1
3966 1
2304 0
4722 1
3966 0
3838 1
1217 1
874 1
0 0
3838 0
874 0
4722 0
4044 0
4043 1
1415 0
4738 1
4043 0
1217 0
4737 1
4324 1
3409 1
4324 0
3409 0
4322 1
460 1
758 0
4295 1
460 0
4738 0
4702 1
3091 1
44 0
4314 1
4144 1
4295 0
4299 1
4299 0
747 1
747 0
4304 1
797 1
4702 0
4144 0
4314 0
4322 0
836 1
2993 1
836 0
800 1
257 1
257 0
800 0
4737 0
506 1
801 1
797 0
3091 0
813 1
2993 0
801 0
2969 1
813 0
2390 1
506 0
831 1
4304 0
2988 1
2969 0
2968 1
2988 0
4045 1
831 0
728 1
728 0
741 1
4853 1
4853 0
2390 0
2744 1
2968 0
3287 1
3287 0
3880 1
5220 1
2744 0
741 0
472 1
5220 0
98 1
1351 1
472 0
3880 0
3432 1
3432 0
5113 1
1351 0
2639 1
4592 1
98 0
2640 1
2639 0
5113 0
1278 1
2640 0
1278 0
565 1
4591 1
4591 0
4592 0
196 1
4045 0
1211 1
196 0
4372 1
1211 0
892 1
4051 1
565 0
2126 1
2126 0
4321 1
4321 0
544 1
4372 0
892 0
3253 1
4051 0
544 0
160 1
33 1
160 0
878 1
4313 1
3253 0
2984 1
4038 1
4038 0
878 0
4313 0
33 0
1326 1
3935 1
1326 0
3935 0
2984 0
