3981 1
22 1
7259 1
3981 0
7259 0
2089 1
22 0
1847 1
1846 1
1847 0
572 1
573 1
2082 1
2082 0
2089 0
2714 1
3428 1
1901 1
1901 0
608 1
3428 0
2714 0
573 0
572 0
1846 0
4882 1
3676 1
4882 0
6039 1
3676 0
4039 1
608 0
6039 0
5128 1
4039 0
4040 1
5128 0
609 1
4040 0
5621 1
609 0
6015 1
4047 1
5621 0
6016 1
6015 0
4047 0
5846 1
6016 0
2493 1
5844 1
5846 0
5844 0
2040 1
2492 1
2493 0
2040 0
6552 1
4269 1
6552 0
2492 0
800 1
800 0
6028 1
6028 0
6048 1
2434 1
4270 1
4239 1
4239 0
4269 0
793 1
4270 0
2434 0
2093 1
6048 0
2432 1
793 0
811 1
2432 0
2093 0
6095 1
333 1
6095 0
1259 1
811 0
5556 1
1259 0
5556 0
832 1
1909 1
6652 1
1909 0
332 1
705 1
5697 1
5697 0
333 0
63 1
63 0
332 0
6652 0
832 0
1654 1
1654 0
7100 1
7100 0
1958 1
705 0
4670 1
1958 0
1556 1
4670 0
4669 1
1878 1
1556 0
4669 0
119 1
417 1
1878 0
3429 1
417 0
1871 1
119 0
458 1
3429 0
458 0
459 1
1858 1
1871 0
1962 1
459 0
1857 1
1858 0
1962 0
1994 1
2001 1
1994 0
2001 0
2000 1
7109 1
1857 0
2662 1
7109 0
2000 0
1997 1
1862 1
1997 0
2663 1
2662 0
1863 1
1862 0
2663 0
5949 1
5949 0
4409 1
7000 1
1863 0
7000 0
6100 1
1852 1
4409 0
6100 0
6972 1
1852 0
1377 1
6972 0
7007 1
4473 1
7007 0
4473 0
6056 1
1377 0
1937 1
6056 0
7027 1
1937 0
3601 1
7027 0
7041 1
914 1
3601 0
3633 1
914 0
304 1
303 1
67 1
67 0
304 0
6224 1
7041 0
7217 1
7217 0
7218 1
7218 0
7377 1
7377 0
3632 1
3637 1
3631 1
3637 0
3635 1
5312 1
5313 1
3633 0
6223 1
7038 1
7038 0
6225 1
6224 0
6223 0
5312 0
3631 0
3632 0
6225 0
5313 0
3635 0
303 0
