883 1
5954 1
6898 1
883 0
2715 1
1912 1
5954 0
6898 0
7257 1
2715 0
7257 0
2104 1
7258 1
7258 0
1912 0
572 1
4293 1
2104 0
2691 1
4293 0
573 1
572 0
5132 1
2691 0
573 0
2082 1
5132 0
5131 1
1477 1
2082 0
6358 1
5131 0
5128 1
6358 0
6051 1
1477 0
5128 0
609 1
6015 1
609 0
6050 1
6051 0
6016 1
6015 0
2650 1
6050 0
2650 0
2649 1
6016 0
561 1
4046 1
2649 0
1321 1
561 0
1311 1
1321 0
4046 0
5845 1
4093 1
5845 0
6027 1
6030 1
6028 1
1311 0
800 1
800 0
6029 1
6030 0
6029 0
4093 0
6551 1
6551 0
124 1
6026 1
2093 1
2093 0
6048 1
1947 1
6048 0
6028 0
6026 0
6027 0
124 0
1848 1
4270 1
1848 0
4270 0
2434 1
2434 0
2433 1
1969 1
1947 0
810 1
2433 0
1907 1
810 0
1564 1
4795 1
1907 0
1970 1
4851 1
1564 0
4851 0
1969 0
332 1
332 0
6652 1
1970 0
675 1
4795 0
1731 1
675 0
1655 1
1731 0
6652 0
1909 1
554 1
1909 0
1655 0
1557 1
2111 1
554 0
2111 0
6923 1
1934 1
1557 0
6923 0
6924 1
1934 0
417 1
6924 0
1870 1
417 0
3429 1
5086 1
1870 0
3429 0
458 1
1378 1
5086 0
458 0
1995 1
1378 0
3328 1
3328 0
282 1
1974 1
901 1
1974 0
1973 1
1994 1
1994 0
2001 1
1995 0
2001 0
901 0
282 0
568 1
1996 1
1973 0
568 0
424 1
424 0
1535 1
1996 0
1879 1
1879 0
5315 1
5314 1
5315 0
4862 1
871 1
5314 0
157 1
1535 0
157 0
3625 1
207 1
4862 0
207 0
849 1
1119 1
1119 0
871 0
1988 1
849 0
3636 1
3625 0
1988 0
7006 1
3636 0
1936 1
3586 1
1936 0
7006 0
7007 1
3586 0
3585 1
7007 0
4473 1
2199 1
3585 0
2230 1
355 1
2199 0
2230 0
4083 1
2088 1
6056 1
6056 0
4473 0
1131 1
1131 0
4083 0
355 0
356 1
3637 1
356 0
2088 0
303 1
303 0
304 1
3631 1
3637 0
2846 1
304 0
4840 1
2846 0
3631 0
3632 1
3632 0
5312 1
5312 0
6223 1
6223 0
3596 1
4839 1
4840 0
1873 1
3595 1
1873 0
1353 1
4839 0
3595 0
1353 0
3596 0
