1282 1
641 1
246 1
641 0
1278 1
1282 0
7074 1
1278 0
7072 1
7074 0
246 0
1494 1
7072 0
1264 1
6459 1
1494 0
6457 1
6459 0
241 1
1264 0
6457 0
6458 1
1275 1
20 1
7075 1
7075 0
20 0
431 1
241 0
672 1
1275 0
672 0
6458 0
1295 1
1294 1
1295 0
431 0
826 1
826 0
827 1
1294 0
1835 1
1246 1
827 0
1246 0
1245 1
1835 0
2243 1
1245 0
6687 1
7646 1
2243 0
257 1
7646 0
6687 0
109 1
257 0
1303 1
6798 1
109 0
7167 1
6798 0
7167 0
4387 1
4387 0
3334 1
2092 1
4747 1
1303 0
4747 0
7333 1
2092 0
5023 1
762 1
5023 0
762 0
7333 0
853 1
853 0
852 1
1409 1
852 0
3244 1
3334 0
1409 0
295 1
1460 1
295 0
3244 0
5465 1
5465 0
1241 1
1326 1
1241 0
1460 0
1461 1
1461 0
7596 1
1326 0
6058 1
123 1
6058 0
1310 1
7596 0
6360 1
1310 0
5105 1
123 0
5105 0
830 1
6360 0
6012 1
6062 1
830 0
6062 0
320 1
2197 1
177 1
6022 1
177 0
2447 1
6022 0
1948 1
2197 0
4639 1
2447 0
6012 0
201 1
4639 0
6031 1
320 0
1320 1
4367 1
1320 0
1576 1
4367 0
2156 1
6031 0
2112 1
2156 0
330 1
1949 1
1949 0
1948 0
4666 1
1572 1
201 0
330 0
1572 0
1481 1
956 1
2112 0
956 0
1868 1
1546 1
1576 0
4666 0
4638 1
6099 1
4638 0
1868 0
3821 1
1481 0
1313 1
1546 0
5807 1
3821 0
4680 1
5807 0
569 1
3131 1
6099 0
4680 0
4679 1
3131 0
2559 1
4678 1
4679 0
3814 1
3815 1
3814 0
3815 0
2136 1
2136 0
6874 1
6874 0
2559 0
4446 1
4676 1
4678 0
1482 1
1313 0
445 1
569 0
4677 1
4676 0
4677 0
4687 1
4446 0
4877 1
445 0
4006 1
1482 0
1549 1
4652 1
4877 0
4687 0
6885 1
4651 1
4652 0
6886 1
6885 0
2610 1
4651 0
1549 0
6971 1
4006 0
6044 1
6884 1
6886 0
4946 1
2610 0
4883 1
6884 0
4946 0
4646 1
6233 1
4883 0
6235 1
4646 0
6235 0
4885 1
6089 1
6971 0
6236 1
6233 0
1773 1
6236 0
1773 0
34 1
4885 0
7779 1
7779 0
5950 1
2337 1
6044 0
1084 1
5950 0
34 0
7852 1
4002 1
2337 0
4002 0
255 1
6089 0
6045 1
1083 1
1084 0
1083 0
4722 1
7852 0
1779 1
4722 0
7462 1
1779 0
7461 1
7461 0
7462 0
3335 1
255 0
6045 0
7289 1
3335 0
2811 1
3852 1
2811 0
1853 1
7289 0
3852 0
6446 1
912 1
6446 0
912 0
7704 1
7704 0
5726 1
1853 0
904 1
5709 1
5726 0
659 1
5709 0
7375 1
904 0
7618 1
659 0
7395 1
7618 0
7067 1
7395 0
7375 0
7376 1
7067 0
2556 1
3935 1
2556 0
6994 1
6550 1
7376 0
6550 0
1584 1
1584 0
1975 1
6994 0
3935 0
7692 1
2466 1
7692 0
407 1
1975 0
5433 1
2466 0
5433 0
5430 1
407 0
3516 1
3516 0
4066 1
4067 1
4066 0
3643 1
5430 0
3643 0
3616 1
3513 1
4067 0
4149 1
3616 0
3481 1
3513 0
4148 1
4149 0
5976 1
3481 0
2583 1
4148 0
2583 0
6531 1
596 1
5976 0
596 0
7337 1
7337 0
7336 1
249 1
7248 1
6531 0
249 0
7685 1
7113 1
7685 0
7113 0
7336 0
910 1
7248 0
7249 1
910 0
3490 1
3490 0
3492 1
3203 1
7249 0
3492 0
3540 1
3203 0
3202 1
3540 0
3541 1
3543 1
3541 0
3526 1
3202 0
3542 1
3543 0
65 1
3526 0
3478 1
3542 0
6444 1
3478 0
3578 1
6444 0
65 0
7412 1
378 1
7412 0
3578 0
1220 1
378 0
3406 1
966 1
1220 0
966 0
13 1
3534 1
13 0
12 1
3405 1
3406 0
3411 1
3405 0
12 0
3545 1
6502 1
3411 0
3544 1
3545 0
254 1
3544 0
6503 1
6502 0
6503 0
3654 1
3559 1
3534 0
3559 0
3584 1
254 0
3654 0
3652 1
3653 1
3652 0
3584 0
3583 1
3416 1
3583 0
976 1
3653 0
3416 0
3417 1
3417 0
976 0
