5425 1
5121 1
1668 1
5121 0
234 1
5425 0
4184 1
234 0
4184 0
10 1
4589 1
10 0
4589 0
2269 1
1701 1
1668 0
3339 1
1701 0
2269 0
2904 1
2835 1
3339 0
4521 1
2835 0
4658 1
2904 0
3338 1
4521 0
4658 0
5030 1
4172 1
5030 0
2779 1
3338 0
4913 1
2779 0
3324 1
4172 0
673 1
3324 0
4445 1
673 0
896 1
4913 0
2632 1
4445 0
896 0
2735 1
2632 0
4201 1
2687 1
4201 0
2735 0
3029 1
2583 1
2687 0
3777 1
3777 0
2570 1
2583 0
2584 1
2584 0
2550 1
2550 0
5421 1
3029 0
4921 1
2570 0
5421 0
3154 1
4921 0
1359 1
3154 0
3355 1
2611 1
1359 0
576 1
3355 0
2611 0
1644 1
3352 1
576 0
1644 0
2721 1
5387 1
1738 1
3047 1
1738 0
5387 0
5388 1
285 1
3047 0
3149 1
285 0
1327 1
4811 1
3860 1
4806 1
3860 0
5388 0
4806 0
3149 0
5434 1
2538 1
2477 1
2622 1
2622 0
2721 0
2537 1
2278 1
2538 0
2537 0
1327 0
690 1
5434 0
3352 0
4624 1
690 0
1466 1
4624 0
4551 1
4811 0
2603 1
2278 0
2842 1
2842 0
2594 1
7 1
1312 1
2477 0
1312 0
571 1
571 0
7 0
2603 0
2960 1
1466 0
643 1
4551 0
3063 1
95 1
643 0
3063 0
3363 1
3363 0
4625 1
2960 0
391 1
2263 1
391 0
4625 0
4626 1
2263 0
4626 0
2594 0
2275 1
1209 1
2275 0
2888 1
2711 1
95 0
3875 1
2826 1
2826 0
2888 0
2711 0
3876 1
3875 0
1445 1
3876 0
3746 1
1209 0
1024 1
1445 0
1024 0
4101 1
3746 0
321 1
4875 1
4101 0
4878 1
4875 0
2119 1
321 0
4878 0
2364 1
3 1
2120 1
2119 0
2120 0
4429 1
3881 1
3 0
1122 1
5302 1
5301 1
5301 0
5302 0
2364 0
1122 0
2211 1
3881 0
4429 0
3988 1
5255 1
2211 0
3988 0
631 1
4097 1
5255 0
3753 1
631 0
4097 0
2909 1
1452 1
2909 0
3752 1
3753 0
1453 1
1452 0
555 1
1453 0
555 0
117 1
3144 1
3752 0
117 0
1432 1
1470 1
1761 1
1470 0
4870 1
4870 0
1413 1
1432 0
4871 1
1761 0
4871 0
3144 0
865 1
3223 1
3215 1
3215 0
3169 1
2341 1
3221 1
3223 0
3221 0
3168 1
3168 0
3169 0
744 1
4516 1
865 0
1670 1
744 0
2341 0
2335 1
5189 1
1670 0
2335 0
3885 1
1413 0
1264 1
4653 1
4516 0
5189 0
4356 1
1264 0
760 1
4356 0
4355 1
4337 1
3885 0
4653 0
2128 1
1373 1
4337 0
4355 0
743 1
757 1
4574 1
2128 0
760 0
1418 1
1419 1
1419 0
548 1
757 0
1412 1
548 0
1522 1
1373 0
4574 0
4579 1
743 0
627 1
4578 1
4579 0
627 0
628 1
628 0
4578 0
4003 1
1522 0
5242 1
4003 0
1401 1
3663 1
3663 0
3662 1
1418 0
1412 0
1401 0
5243 1
5242 0
5243 0
4818 1
1071 1
3662 0
1071 0
2699 1
4818 0
352 1
1746 1
2699 0
1324 1
1746 0
1323 1
1324 0
352 0
2037 1
5299 1
1323 0
2193 1
2037 0
2056 1
2193 0
2056 0
4182 1
599 1
4182 0
4248 1
5299 0
4248 0
3045 1
1501 1
3045 0
403 1
599 0
403 0
2048 1
1328 1
1501 0
1328 0
540 1
4655 1
2048 0
1207 1
749 1
3343 1
3894 1
4164 1
3343 0
4164 0
1207 0
1091 1
1089 1
1091 0
1089 0
3830 1
3894 0
930 1
749 0
3830 0
777 1
930 0
597 1
597 0
5290 1
30 1
777 0
5290 0
498 1
5502 1
30 0
919 1
5502 0
2295 1
2296 1
1282 1
5272 1
498 0
5272 0
2295 0
2296 0
540 0
1349 1
4655 0
4654 1
1208 1
919 0
82 1
1282 0
82 0
1049 1
5004 1
3928 1
3929 1
3930 1
3930 0
1048 1
1048 0
1049 0
1280 1
3928 0
5004 0
1208 0
1317 1
1317 0
5256 1
4331 1
4654 0
3252 1
3915 1
3252 0
4489 1
4489 0
4783 1
4415 1
3929 0
4415 0
3915 0
1280 0
4331 0
855 1
1314 1
5256 0
1349 0
5005 1
4020 1
4783 0
4607 1
4020 0
1314 0
4519 1
5005 0
1344 1
2105 1
3288 1
2213 1
2213 0
3288 0
855 0
5102 1
5102 0
2408 1
2106 1
2105 0
2112 1
2106 0
4519 0
3600 1
1344 0
1255 1
1255 0
1346 1
2408 0
2109 1
3600 0
1062 1
1062 0
2223 1
4608 1
4607 0
912 1
1346 0
2109 0
1695 1
1495 1
4608 0
2112 0
911 1
912 0
769 1
911 0
2223 0
3845 1
1695 0
4602 1
3844 1
3845 0
769 0
3926 1
1285 1
4602 0
3927 1
3926 0
3844 0
4023 1
3927 0
1221 1
1221 0
1220 1
4023 0
1220 0
5024 1
1495 0
5024 0
2411 1
2133 1
1285 0
3871 1
2411 0
2133 0
5158 1
4054 1
1942 1
1866 1
3871 0
1942 0
4055 1
4055 0
4054 0
5158 0
2934 1
1866 0
974 1
974 0
678 1
678 0
4053 1
2934 0
2303 1
4057 1
4053 0
4057 0
4056 1
4739 1
4056 0
5403 1
5404 1
517 1
4739 0
110 1
5403 0
517 0
110 0
4259 1
5404 0
4259 0
261 1
261 0
38 1
38 0
4027 1
3506 1
2303 0
3518 1
3506 0
430 1
4027 0
3535 1
3518 0
3535 0
3534 1
430 0
4159 1
3612 1
3534 0
4159 0
3523 1
870 1
3612 0
3523 0
3524 1
870 0
871 1
3524 0
2214 1
871 0
4423 1
2214 0
806 1
4423 0
1216 1
3525 1
806 0
3525 0
3526 1
2492 1
2492 0
3597 1
1216 0
3516 1
2862 1
3597 0
2862 0
3520 1
3526 0
3516 0
3520 0
