2421 1
2422 1
2422 0
4332 1
3183 1
2421 0
1757 1
3183 0
4986 1
560 1
4332 0
560 0
3900 1
3900 0
561 1
2190 1
561 0
3886 1
4986 0
3886 0
610 1
1757 0
2423 1
610 0
2190 0
2438 1
2044 1
2423 0
2438 0
4983 1
4160 1
2044 0
3031 1
4983 0
4010 1
4908 1
564 1
4908 0
3341 1
4010 0
2571 1
564 0
2763 1
2571 0
3342 1
3341 0
3032 1
3031 0
3342 0
5436 1
4604 1
5436 0
2756 1
2763 0
4160 0
3854 1
960 1
2756 0
2555 1
3032 0
4604 0
2635 1
2437 1
3854 0
2635 0
4197 1
1754 1
2437 0
2637 1
1754 0
2637 0
4197 0
2555 0
2453 1
2453 0
2445 1
2445 0
4544 1
3580 1
960 0
1873 1
3580 0
4544 0
3026 1
3026 0
3902 1
1873 0
17 1
3902 0
2330 1
1030 1
2330 0
3980 1
17 0
1030 0
568 1
68 1
3980 0
68 0
4291 1
568 0
4915 1
4915 0
4888 1
4291 0
56 1
4887 1
4888 0
2832 1
56 0
2832 0
1700 1
4887 0
2501 1
3419 1
1700 0
2501 0
5201 1
3419 0
4889 1
4059 1
5201 0
4059 0
1494 1
4889 0
696 1
1494 0
3421 1
862 1
696 0
3421 0
895 1
5010 1
862 0
895 0
2494 1
262 1
5010 0
106 1
3892 1
5011 1
5011 0
5039 1
5039 0
2494 0
2495 1
2495 0
2490 1
106 0
262 0
3289 1
2490 0
5012 1
3892 0
5012 0
310 1
3289 0
2293 1
310 0
3197 1
3761 1
2293 0
3761 0
1533 1
3197 0
3229 1
3229 0
885 1
4893 1
3300 1
2286 1
3300 0
4893 0
2101 1
2503 1
2286 0
2101 0
1759 1
615 1
2503 0
5462 1
615 0
1759 0
5294 1
3378 1
5294 0
1533 0
579 1
29 1
5462 0
3378 0
3373 1
885 0
3225 1
29 0
3120 1
711 1
3225 0
3373 0
1642 1
351 1
3120 0
3178 1
711 0
351 0
3114 1
3028 1
3371 1
630 1
3372 1
630 0
1642 0
3371 0
77 1
77 0
3028 0
167 1
579 0
3109 1
3109 0
3130 1
1198 1
3130 0
3158 1
3158 0
3178 0
1198 0
3114 0
4037 1
167 0
3372 0
2450 1
4037 0
3296 1
2011 1
2450 0
2196 1
2011 0
3296 0
4395 1
3262 1
4395 0
2196 0
563 1
735 1
3262 0
563 0
3981 1
734 1
735 0
3981 0
3271 1
3271 0
876 1
1406 1
734 0
876 0
2034 1
1406 0
1065 1
1967 1
2034 0
948 1
1967 0
3654 1
3293 1
948 0
3303 1
3851 1
3851 0
1065 0
1272 1
3303 0
3293 0
1498 1
3654 0
2095 1
2095 0
2235 1
2235 0
2236 1
180 1
2236 0
3278 1
1272 0
180 0
4927 1
3278 0
3290 1
323 1
3290 0
1498 0
323 0
4211 1
2085 1
1975 1
1981 1
3057 1
427 1
3182 1
4926 1
4926 0
4927 0
3057 0
427 0
4211 0
2883 1
2085 0
1981 0
1975 0
5416 1
2883 0
3182 0
2579 1
4766 1
5416 0
929 1
4766 0
1897 1
2579 0
1897 0
3954 1
929 0
2321 1
2321 0
1000 1
1000 0
5177 1
3954 0
369 1
889 1
5177 0
4146 1
369 0
889 0
4082 1
4082 0
901 1
1859 1
901 0
1859 0
1921 1
3741 1
1921 0
1941 1
4146 0
3742 1
3743 1
3743 0
2094 1
2088 1
2088 0
3741 0
3742 0
4155 1
1941 0
2094 0
641 1
4156 1
4155 0
4156 0
1973 1
1973 0
1549 1
641 0
439 1
439 0
957 1
437 1
957 0
1549 0
5234 1
4660 1
437 0
4660 0
4659 1
3245 1
5234 0
4641 1
4659 0
4873 1
3245 0
4845 1
4073 1
4073 0
4641 0
595 1
595 0
4071 1
4845 0
4026 1
4026 0
4873 0
4874 1
249 1
4874 0
4077 1
4071 0
249 0
2093 1
4077 0
3391 1
3850 1
2093 0
3391 0
633 1
633 0
634 1
973 1
3850 0
523 1
634 0
4361 1
973 0
523 0
1230 1
398 1
1230 0
2379 1
4361 0
2379 0
4668 1
3749 1
398 0
4668 0
3094 1
2238 1
3094 0
2238 0
4996 1
3749 0
3121 1
239 1
4996 0
3121 0
3748 1
5489 1
3748 0
239 0
992 1
5456 1
992 0
5044 1
5456 0
5044 0
5260 1
5489 0
1352 1
1352 0
890 1
890 0
220 1
5260 0
3791 1
3791 0
1927 1
220 0
2970 1
2970 0
208 1
1927 0
4788 1
4788 0
208 0
