7334 1
6091 1
6091 0
5333 1
6610 1
7334 0
6610 0
6611 1
5332 1
5333 0
6611 0
6602 1
5332 0
6188 1
6187 1
6188 0
6602 0
6606 1
6402 1
6187 0
1458 1
6606 0
6402 0
6403 1
6762 1
6403 0
1458 0
6757 1
6762 0
1865 1
1896 1
1865 0
6756 1
6757 0
1895 1
1896 0
7001 1
6756 0
1895 0
4786 1
4785 1
4786 0
1986 1
7001 0
6822 1
1986 0
4317 1
4785 0
6822 0
768 1
1891 1
768 0
4317 0
1469 1
5026 1
1891 0
6979 1
1469 0
1173 1
6979 0
5027 1
5026 0
1173 0
1174 1
5027 0
4533 1
1174 0
6975 1
657 1
6975 0
1457 1
4533 0
1457 0
2079 1
5671 1
657 0
5671 0
5670 1
5670 0
544 1
2079 0
3866 1
44 1
3866 0
7788 1
544 0
1703 1
44 0
7788 0
291 1
1453 1
1703 0
1453 0
7200 1
7200 0
2101 1
4857 1
2124 1
2124 0
291 0
4858 1
4858 0
1314 1
1314 0
1138 1
2101 0
4855 1
4857 0
4855 0
4856 1
1138 0
6485 1
2181 1
4856 0
2698 1
6485 0
7844 1
6032 1
2181 0
6032 0
2443 1
2443 0
2328 1
2328 0
667 1
6093 1
2698 0
6093 0
6108 1
580 1
6108 0
580 0
3582 1
7845 1
7844 0
7845 0
72 1
667 0
2930 1
2930 0
4689 1
72 0
819 1
819 0
2512 1
2512 0
3582 0
99 1
99 0
803 1
4689 0
1315 1
1315 0
4684 1
4684 0
196 1
1605 1
196 0
803 0
940 1
940 0
1993 1
7702 1
1605 0
2009 1
1993 0
7012 1
2009 0
1931 1
7702 0
7678 1
1931 0
7012 0
903 1
7678 0
603 1
603 0
7666 1
7666 0
24 1
1004 1
903 0
25 1
24 0
577 1
25 0
577 0
2439 1
1991 1
1004 0
2439 0
2406 1
2406 0
7681 1
1991 0
6997 1
945 1
6997 0
945 0
4715 1
4715 0
1550 1
270 1
5138 1
5431 1
5438 1
514 1
7686 1
3628 1
3628 0
7681 0
7686 0
5438 0
5138 0
5431 0
270 0
1500 1
1550 0
1500 0
3256 1
513 1
514 0
513 0
4064 1
3256 0
3257 1
1578 1
4064 0
3257 0
2805 1
1578 0
3623 1
2805 0
7695 1
3622 1
3623 0
4068 1
3622 0
7695 0
3502 1
943 1
3502 0
4068 0
3618 1
245 1
3618 0
1250 1
1254 1
1253 1
1254 0
693 1
3510 1
3510 0
451 1
943 0
451 0
1250 0
3606 1
3606 0
3607 1
3604 1
3604 0
2125 1
245 0
2125 0
3486 1
1253 0
3486 0
3485 1
688 1
688 0
693 0
3609 1
3607 0
3472 1
3609 0
3485 0
420 1
421 1
420 0
3472 0
3473 1
861 1
3473 0
3483 1
421 0
1687 1
3479 1
3480 1
3483 0
3530 1
861 0
3480 0
3479 0
3057 1
1687 0
3531 1
3530 0
3501 1
3057 0
1059 1
3531 0
7300 1
1059 0
1145 1
7300 0
1145 0
3501 0
