2478 1
2572 1
2192 1
2572 0
3036 1
2192 0
2478 0
961 1
5438 1
961 0
3036 0
340 1
5438 0
5391 1
2417 1
5391 0
2417 0
4009 1
340 0
2191 1
3033 1
2191 0
4675 1
4009 0
4886 1
3033 0
4886 0
138 1
174 1
1871 1
174 0
1775 1
2656 1
2517 1
2656 0
1871 0
2517 0
3862 1
967 1
1775 0
137 1
138 0
2573 1
3862 0
967 0
2707 1
4675 0
1696 1
2573 0
2578 1
3778 1
2707 0
137 0
2241 1
2578 0
719 1
2242 1
2241 0
4867 1
3778 0
1696 0
421 1
5441 1
421 0
719 0
353 1
4867 0
4868 1
2456 1
2242 0
390 1
5441 0
390 0
389 1
4717 1
2265 1
353 0
2265 0
4718 1
4717 0
2071 1
2456 0
3897 1
389 0
5266 1
3897 0
4718 0
5266 0
4868 0
5306 1
977 1
2071 0
5307 1
5306 0
4590 1
977 0
4793 1
5307 0
4792 1
4793 0
2217 1
1176 1
1176 0
2217 0
5274 1
2609 1
5411 1
5411 0
2609 0
4590 0
1734 1
1734 0
4792 0
4629 1
5037 1
4629 0
5037 0
4997 1
4997 0
3485 1
3670 1
5274 0
4623 1
3670 0
3485 0
868 1
4623 0
5459 1
868 0
5023 1
1136 1
5459 0
3285 1
1136 0
709 1
5023 0
2493 1
3285 0
415 1
2493 0
3956 1
709 0
4060 1
415 0
5324 1
3956 0
639 1
4060 0
5324 0
4438 1
288 1
771 1
5496 1
639 0
1355 1
771 0
1355 0
1933 1
288 0
1933 0
4438 0
5075 1
5496 0
5038 1
5075 0
309 1
309 0
505 1
4635 1
5038 0
505 0
714 1
4635 0
532 1
714 0
1807 1
532 0
247 1
1807 0
2294 1
1402 1
2294 0
4893 1
3300 1
5320 1
3300 0
964 1
4893 0
3131 1
3131 0
3161 1
247 0
629 1
629 0
637 1
637 0
3124 1
617 1
5320 0
3099 1
3161 0
604 1
964 0
604 0
3377 1
3099 0
3377 0
2069 1
29 1
29 0
5462 1
617 0
700 1
4572 1
348 1
348 0
4572 0
5462 0
5461 1
5461 0
3043 1
2069 0
700 0
987 1
987 0
1435 1
295 1
3043 0
2965 1
295 0
3140 1
3124 0
2472 1
2965 0
3030 1
1402 0
1435 0
619 1
3148 1
619 0
3173 1
3173 0
3147 1
3148 0
3147 0
3140 0
3139 1
3139 0
2472 0
2471 1
4826 1
3030 0
2471 0
2195 1
227 1
2195 0
5185 1
227 0
4826 0
4037 1
3296 1
4037 0
5185 0
5049 1
3296 0
1144 1
1457 1
1144 0
4447 1
3181 1
5287 1
5287 0
647 1
5049 0
3181 0
4447 0
647 0
2040 1
2040 0
1924 1
1457 0
1411 1
2964 1
1924 0
2964 0
4884 1
1499 1
1411 0
4941 1
4884 0
1513 1
4941 0
305 1
1513 0
1499 0
3261 1
305 0
4910 1
1063 1
3261 0
4362 1
4910 0
243 1
4362 0
243 0
2199 1
2199 0
2008 1
1063 0
4186 1
4763 1
4186 0
4005 1
4763 0
3337 1
2008 0
3057 1
4181 1
4181 0
4926 1
4005 0
4926 0
3057 0
427 1
3951 1
3337 0
4764 1
3951 0
427 0
2487 1
2487 0
2488 1
1965 1
2488 0
5081 1
4764 0
5081 0
3891 1
2459 1
1965 0
3891 0
943 1
5179 1
943 0
5179 0
5178 1
5178 0
4081 1
1799 1
225 1
1799 0
4148 1
4777 1
4776 1
4776 0
5463 1
2459 0
4148 0
5463 0
4081 0
481 1
225 0
481 0
5170 1
4082 1
5170 0
4082 0
901 1
901 0
3739 1
4777 0
406 1
3739 0
3743 1
3743 0
2088 1
3923 1
2088 0
406 0
2182 1
4154 1
2182 0
3923 0
1284 1
1284 0
496 1
4154 0
4145 1
4145 0
3754 1
3754 0
3425 1
496 0
4365 1
4365 0
5078 1
5078 0
4251 1
3425 0
5361 1
2460 1
4251 0
3434 1
5361 0
2460 0
4075 1
4076 1
4075 0
3435 1
3434 0
3435 0
2367 1
4024 1
4076 0
5327 1
4024 0
2367 0
2366 1
5327 0
63 1
2366 0
2741 1
210 1
63 0
58 1
210 0
4361 1
2741 0
2379 1
4361 0
4668 1
2379 0
27 1
58 0
2469 1
27 0
65 1
2469 0
4668 0
3094 1
3759 1
3094 0
3759 0
3677 1
65 0
235 1
992 1
5456 1
992 0
2393 1
2376 1
2376 0
2393 0
3942 1
3677 0
5456 0
3941 1
3941 0
235 0
1352 1
890 1
1352 0
156 1
890 0
3942 0
3939 1
156 0
20 1
24 1
20 0
3939 0
4359 1
202 1
4359 0
202 0
24 0
