5493 1
4541 1
4541 0
5471 1
2192 1
961 1
5471 0
2192 0
3036 1
3035 1
5493 0
3038 1
5492 1
3038 0
5492 0
340 1
3036 0
340 0
961 0
5438 1
5125 1
5438 0
4008 1
5125 0
3035 0
3034 1
3034 0
3033 1
4230 1
4008 0
3033 0
4886 1
5358 1
4230 0
3817 1
2678 1
3816 1
3817 0
1871 1
174 1
174 0
2678 0
2517 1
2656 1
2517 0
2656 0
5007 1
5007 0
4558 1
4558 0
1871 0
3862 1
4557 1
4557 0
138 1
2241 1
137 1
3816 0
4338 1
2241 0
2524 1
3903 1
2524 0
4886 0
137 0
138 0
4338 0
3793 1
3793 0
3792 1
3862 0
2573 1
5358 0
2623 1
2578 1
2573 0
2578 0
719 1
3792 0
2732 1
4378 1
2732 0
3903 0
1645 1
2623 0
2512 1
353 1
719 0
1645 0
4007 1
353 0
2265 1
4378 0
4377 1
2512 0
5441 1
390 1
5441 0
2265 0
4718 1
390 0
4916 1
4916 0
5266 1
4720 1
4720 0
389 1
3897 1
3897 0
389 0
5266 0
4718 0
4781 1
4377 0
4436 1
4007 0
4436 0
5390 1
4781 0
15 1
5390 0
5411 1
1205 1
15 0
4793 1
1205 0
5411 0
1734 1
4793 0
4792 1
2609 1
1734 0
4792 0
3592 1
2609 0
5274 1
5274 0
3670 1
364 1
3670 0
3485 1
3485 0
5316 1
868 1
1450 1
1792 1
1792 0
1450 0
5316 0
3592 0
364 0
5458 1
868 0
5023 1
5458 0
5459 1
1136 1
5459 0
709 1
5023 0
2606 1
1136 0
2599 1
2606 0
4108 1
709 0
2598 1
2599 0
4108 0
5090 1
770 1
2598 0
5090 0
4438 1
770 0
771 1
5075 1
4438 0
771 0
1355 1
5075 0
4651 1
1355 0
4634 1
4634 0
3233 1
2290 1
4651 0
3233 0
532 1
5009 1
2290 0
2566 1
5009 0
2566 0
4754 1
532 0
247 1
4754 0
5363 1
629 1
247 0
5363 0
4264 1
4265 1
4264 0
2042 1
5319 1
612 1
2042 0
5319 0
5320 1
637 1
629 0
5320 0
617 1
612 0
5230 1
5230 0
2070 1
4572 1
617 0
4572 0
348 1
348 0
700 1
3043 1
295 1
2070 0
5095 1
5095 0
3043 0
2069 1
3124 1
637 0
2069 0
700 0
987 1
1402 1
4265 0
2965 1
295 0
3124 0
3140 1
3139 1
3140 0
987 0
1435 1
619 1
1435 0
3148 1
619 0
3148 0
3147 1
2965 0
2472 1
3139 0
3147 0
3030 1
1402 0
3030 0
4826 1
3248 1
2472 0
5184 1
3248 0
4883 1
4826 0
5285 1
5184 0
3884 1
4883 0
5285 0
5286 1
5287 1
5286 0
5287 0
3181 1
647 1
2040 1
1924 1
647 0
2040 0
3181 0
4427 1
4427 0
4796 1
1924 0
3884 0
534 1
317 1
534 0
4796 0
245 1
245 0
4241 1
4941 1
4241 0
4941 0
1513 1
305 1
1513 0
526 1
317 0
1428 1
526 0
666 1
305 0
666 0
667 1
4362 1
667 0
4186 1
1428 0
4362 0
243 1
243 0
2199 1
4763 1
4186 0
2199 0
2008 1
4181 1
2008 0
3337 1
4763 0
232 1
4181 0
3337 0
3951 1
2487 1
232 0
2488 1
2487 0
4764 1
3951 0
4764 0
5081 1
2488 0
1965 1
1965 0
2459 1
3891 1
5081 0
943 1
3891 0
3918 1
943 0
2459 0
5463 1
4998 1
3918 0
4081 1
4998 0
5463 0
4148 1
4081 0
481 1
481 0
4175 1
4148 0
4776 1
4175 0
2761 1
2761 0
2760 1
2760 0
4367 1
4776 0
4158 1
4367 0
4369 1
3922 1
4369 0
2182 1
4158 0
2182 0
4154 1
3919 1
3922 0
4154 0
4046 1
4052 1
4046 0
3919 0
1284 1
5362 1
4052 0
1284 0
496 1
4365 1
496 0
5078 1
4365 0
4251 1
5078 0
5362 0
3425 1
5361 1
3425 0
3434 1
5361 0
4251 0
1960 1
3839 1
1960 0
3434 0
3422 1
4075 1
3839 0
3429 1
3422 0
4076 1
4075 0
3429 0
1409 1
4024 1
4076 0
1409 0
2367 1
4024 0
4656 1
4656 0
5041 1
2367 0
2366 1
5041 0
210 1
2741 1
2366 0
210 0
58 1
4787 1
2741 0
58 0
27 1
4728 1
4787 0
4728 0
4080 1
2469 1
65 1
70 1
70 0
86 1
86 0
213 1
213 0
27 0
66 1
2469 0
65 0
706 1
4080 0
4070 1
706 0
2393 1
4070 0
4844 1
66 0
200 1
4844 0
2376 1
2393 0
3942 1
2376 0
2243 1
200 0
2243 0
264 1
3939 1
3942 0
156 1
264 0
156 0
20 1
3940 1
3939 0
3946 1
3940 0
20 0
24 1
202 1
3946 0
24 0
202 0
