1749 1
4417 1
5156 1
1749 0
4417 0
4414 1
4414 0
1140 1
4240 1
1140 0
5156 0
2513 1
2426 1
2513 0
2426 0
2691 1
4240 0
1534 1
2692 1
2691 0
3978 1
1534 0
2692 0
2693 1
3978 0
2872 1
5031 1
2693 0
2872 0
945 1
3336 1
945 0
1572 1
2731 1
5031 0
2703 1
2703 0
2731 0
4206 1
3336 0
950 1
896 1
1572 0
950 0
2735 1
896 0
3452 1
4206 0
5080 1
2735 0
3452 0
2410 1
5321 1
2410 0
5080 0
5214 1
5321 0
3326 1
2914 1
5214 0
3326 0
11 1
2914 0
3347 1
11 0
2559 1
3347 0
2864 1
2916 1
2864 0
2559 0
2889 1
4271 1
5245 1
2916 0
2838 1
5245 0
4809 1
4813 1
4271 0
1743 1
4809 0
4813 0
2892 1
3264 1
1743 0
4106 1
4822 1
3264 0
5474 1
2892 0
267 1
4822 0
5474 0
5475 1
2509 1
4106 0
5191 1
5191 0
2889 0
2890 1
2890 0
2289 1
5357 1
2509 0
5357 0
2895 1
2838 0
2202 1
5475 0
4812 1
267 0
2895 0
2924 1
2202 0
4662 1
2289 0
2556 1
4736 1
4812 0
2924 0
2772 1
2556 0
2951 1
4662 0
3889 1
2772 0
2896 1
1129 1
4736 0
1129 0
5339 1
2548 1
2951 0
1595 1
2896 0
592 1
5339 0
2548 0
1525 1
1596 1
1595 0
193 1
1596 0
4328 1
592 0
4957 1
4328 0
193 0
4957 0
1464 1
3889 0
4099 1
4099 0
4098 1
4098 0
3471 1
3471 0
4775 1
1525 0
1512 1
1464 0
2945 1
1512 0
4899 1
4775 0
2945 0
115 1
4899 0
3750 1
115 0
2544 1
3750 0
2544 0
1671 1
547 1
363 1
1511 1
363 0
547 0
1671 0
1672 1
1672 0
5155 1
4666 1
1511 0
4666 0
130 1
4508 1
130 0
541 1
1403 1
5155 0
541 0
4508 0
4920 1
1403 0
1398 1
4920 0
1437 1
1437 0
1431 1
1451 1
1398 0
1431 0
386 1
1451 0
4187 1
386 0
2827 1
4785 1
731 1
727 1
731 0
4785 0
4784 1
966 1
727 0
2057 1
2827 0
966 0
494 1
4784 0
5480 1
5480 0
3622 1
763 1
494 0
3622 0
76 1
76 0
4907 1
2057 0
538 1
1210 1
763 0
4435 1
4907 0
538 0
5110 1
4187 0
2162 1
4753 1
1210 0
4435 0
1473 1
5076 1
5110 0
3202 1
4753 0
1473 0
5332 1
5332 0
4877 1
5076 0
5077 1
5003 1
542 1
5268 1
3202 0
4876 1
4877 0
707 1
542 0
5109 1
5077 0
3386 1
3587 1
3587 0
840 1
1295 1
1295 0
2162 0
840 0
717 1
3386 0
707 0
5003 0
5109 0
2266 1
2051 1
4876 0
3572 1
2266 0
1377 1
5271 1
3104 1
5192 1
5192 0
5268 0
5271 0
1377 0
1251 1
1251 0
3570 1
3572 0
2051 0
4103 1
5211 1
717 0
4891 1
4103 0
3914 1
3570 0
1294 1
5211 0
5334 1
1294 0
2651 1
5334 0
3210 1
195 1
195 0
3210 0
4891 0
414 1
3914 0
1008 1
5022 1
414 0
4644 1
3104 0
4644 0
3735 1
2651 0
923 1
4130 1
923 0
5022 0
2041 1
3736 1
3735 0
775 1
4130 0
2041 0
4011 1
775 0
776 1
3736 0
1088 1
781 1
776 0
921 1
915 1
781 0
768 1
768 0
921 0
985 1
3389 1
985 0
3389 0
1088 0
4306 1
2024 1
4011 0
916 1
915 0
1084 1
916 0
928 1
1008 0
1084 0
3805 1
50 1
3805 0
2114 1
2024 0
4302 1
4306 0
50 0
5252 1
3022 1
5252 0
3022 0
2740 1
2114 0
904 1
23 1
4302 0
1318 1
2740 0
23 0
2257 1
928 0
4738 1
3021 1
1318 0
3021 0
1325 1
1517 1
904 0
1325 0
2994 1
4738 0
4702 1
2994 0
3027 1
2163 1
2257 0
2163 0
917 1
1517 0
2098 1
4702 0
2200 1
5169 1
2098 0
695 1
917 0
695 0
4305 1
1961 1
5169 0
3027 0
782 1
782 0
3833 1
4305 0
25 1
2200 0
2025 1
3833 0
313 1
2025 0
5289 1
994 1
313 0
5288 1
5289 0
25 0
4034 1
4707 1
1961 0
4029 1
4034 0
5288 0
4104 1
3540 1
994 0
3540 0
4520 1
4104 0
2461 1
3228 1
4029 0
1277 1
4520 0
2461 0
3952 1
1277 0
1009 1
3952 0
444 1
2157 1
444 0
5367 1
1009 0
5367 0
2157 0
1901 1
3228 0
5466 1
4707 0
1901 0
1213 1
5466 0
2362 1
2318 1
1213 0
4036 1
2318 0
4050 1
894 1
4050 0
877 1
878 1
878 0
4313 1
4313 0
2955 1
5488 1
2956 1
2956 0
2955 0
802 1
894 0
5488 0
802 0
818 1
4030 1
4036 0
4031 1
4030 0
4031 0
34 1
2726 1
4028 1
4028 0
877 0
34 0
2726 0
2362 0
2143 1
2142 1
2143 0
2142 0
3531 1
312 1
818 0
5501 1
312 0
3504 1
3531 0
4650 1
5501 0
2136 1
3504 0
3532 1
2136 0
4650 0
5043 1
806 1
2214 1
2214 0
5043 0
806 0
3521 1
3515 1
3521 0
3532 0
3530 1
3530 0
3529 1
3514 1
3515 0
3514 0
3529 0
