6608 1
4917 1
5333 1
6608 0
6609 1
5332 1
4518 1
6609 0
5332 0
5333 0
5954 1
5954 0
6898 1
6898 0
4917 0
1459 1
4518 0
1327 1
1459 0
846 1
1327 0
5211 1
5211 0
5210 1
32 1
846 0
1319 1
1318 1
1318 0
1865 1
5210 0
4869 1
6762 1
32 0
6762 0
1865 0
4869 0
4868 1
183 1
1319 0
697 1
183 0
1892 1
4868 0
1892 0
7004 1
697 0
2283 1
2283 0
2919 1
5824 1
7004 0
2918 1
2919 0
5824 0
5825 1
2918 0
1469 1
5825 0
4534 1
6979 1
1469 0
1457 1
4533 1
1457 0
4534 0
2086 1
2077 1
2077 0
2085 1
2086 0
4533 0
6979 0
1173 1
1174 1
1173 0
4245 1
1174 0
4246 1
4245 0
2085 0
4051 1
3384 1
4051 0
6013 1
4246 0
544 1
6013 0
544 0
7788 1
2087 1
3384 0
291 1
7788 0
291 0
2124 1
2087 0
1453 1
7200 1
1453 0
3286 1
7200 0
2124 0
4858 1
3286 0
4235 1
4858 0
4005 1
4235 0
1805 1
6484 1
1805 0
4005 0
2566 1
2566 0
6033 1
6483 1
6484 0
1898 1
6483 0
1898 0
679 1
679 0
244 1
6032 1
6033 0
2443 1
6032 0
2450 1
2443 0
2450 0
2930 1
244 0
909 1
2930 0
4689 1
4689 0
1315 1
3984 1
909 0
4684 1
1315 0
99 1
3984 0
819 1
99 0
4684 0
196 1
819 0
1978 1
1993 1
1978 0
2009 1
1993 0
7702 1
7674 1
196 0
331 1
578 1
578 0
7674 0
1605 1
7702 0
1605 0
2009 0
296 1
7676 1
331 0
898 1
296 0
7676 0
603 1
6999 1
898 0
603 0
7666 1
2176 1
7666 0
6999 0
1998 1
1910 1
2176 0
1910 0
1735 1
1992 1
1998 0
1735 0
5625 1
895 1
1992 0
5625 0
1929 1
895 0
6973 1
1930 1
1929 0
5291 1
6973 0
3219 1
1930 0
5291 0
917 1
3219 0
7686 1
7686 0
514 1
916 1
917 0
1349 1
513 1
514 0
513 0
916 0
6696 1
1349 0
5135 1
6696 0
3257 1
3257 0
2805 1
2806 1
2805 0
3623 1
5135 0
3623 0
3622 1
1371 1
2806 0
1343 1
3622 0
3589 1
1343 0
3510 1
1371 0
1014 1
3589 0
451 1
3510 0
3599 1
1014 0
450 1
451 0
3599 0
3597 1
450 0
831 1
3527 1
6357 1
3598 1
3598 0
3597 0
1610 1
3527 0
6357 0
1611 1
1610 0
831 0
3504 1
3503 1
3504 0
694 1
3503 0
694 0
2386 1
861 1
1611 0
2386 0
5189 1
861 0
3530 1
969 1
3530 0
5189 0
3588 1
3587 1
3588 0
5121 1
969 0
5121 0
3587 0
