6608 1
4917 1
6608 0
6609 1
6609 0
4518 1
4917 0
6898 1
1327 1
4518 0
5954 1
6898 0
5954 0
1459 1
846 1
1459 0
1327 0
5211 1
5211 0
5210 1
4869 1
5210 0
846 0
1318 1
1318 0
1319 1
1892 1
183 1
1319 0
4868 1
7005 1
7004 1
7005 0
4869 0
4868 0
1892 0
697 1
183 0
697 0
2283 1
2283 0
2919 1
7004 0
5824 1
2918 1
2919 0
5825 1
5824 0
1469 1
2918 0
4534 1
5825 0
6979 1
1469 0
2077 1
4534 0
2077 0
2086 1
2085 1
2086 0
6979 0
1173 1
1174 1
1173 0
4245 1
1174 0
4246 1
4245 0
2085 0
4051 1
4051 0
3384 1
4246 0
6013 1
544 1
7788 1
291 1
6029 1
6029 0
6030 1
6013 0
2124 1
6030 0
3384 0
2087 1
544 0
7788 0
291 0
1453 1
2087 0
7200 1
1453 0
7200 0
3286 1
4858 1
2124 0
4235 1
3286 0
4858 0
4005 1
4235 0
1805 1
1805 0
6484 1
4005 0
2566 1
2566 0
6033 1
6484 0
6483 1
1898 1
6483 0
679 1
1898 0
244 1
679 0
6033 0
6037 1
3820 1
6037 0
2450 1
2443 1
2443 0
6032 1
6032 0
4689 1
909 1
244 0
2930 1
2450 0
4689 0
2930 0
1565 1
1565 0
4693 1
3820 0
4693 0
1315 1
909 0
3984 1
1315 0
4684 1
99 1
3984 0
819 1
99 0
819 0
1978 1
196 1
4684 0
1978 0
1993 1
2009 1
1993 0
196 0
7674 1
2009 0
296 1
578 1
7674 0
578 0
331 1
296 0
898 1
7676 1
331 0
7666 1
603 1
6999 1
898 0
7668 1
7668 0
7675 1
7676 0
7675 0
2176 1
7666 0
603 0
1998 1
6999 0
1910 1
2176 0
1735 1
1910 0
1992 1
1998 0
895 1
1992 0
5625 1
1735 0
5625 0
1929 1
895 0
6973 1
1930 1
1929 0
5291 1
6973 0
1930 0
3219 1
5291 0
917 1
513 1
917 0
916 1
514 1
513 0
1349 1
3218 1
3218 0
3219 0
514 0
7686 1
7686 0
6696 1
916 0
5135 1
1349 0
3257 1
2805 1
947 1
2806 1
3505 1
6696 0
3505 0
947 0
3257 0
2805 0
3623 1
5135 0
3623 0
3622 1
3622 0
1343 1
1371 1
2806 0
3589 1
1343 0
1371 0
3510 1
3510 0
451 1
1014 1
3589 0
1014 0
3599 1
451 0
450 1
3599 0
3597 1
831 1
450 0
3597 0
3598 1
1610 1
3598 0
831 0
3504 1
1610 0
1611 1
3504 0
3503 1
3503 0
694 1
2386 1
694 0
2386 0
5189 1
1611 0
1031 1
5696 1
1031 0
5695 1
5695 0
861 1
861 0
3530 1
969 1
3530 0
5189 0
3588 1
3587 1
3588 0
5121 1
969 0
5121 0
414 1
414 0
3587 0
3517 1
3517 0
5696 0
