2019 1
2724 1
2019 0
3693 1
4224 1
2724 0
2012 1
3693 0
4224 0
4225 1
2012 0
4219 1
6466 1
4219 0
3171 1
4225 0
6338 1
3171 0
6785 1
1675 1
1675 0
6785 0
5735 1
5736 1
5736 0
6466 0
6486 1
4208 1
5735 0
4208 0
6344 1
6338 0
6344 0
6343 1
6343 0
4775 1
6786 1
6486 0
6786 0
1123 1
4775 0
4286 1
1124 1
1123 0
4174 1
4286 0
7836 1
1124 0
1357 1
7836 0
4174 0
4284 1
4182 1
4284 0
1357 0
4736 1
4736 0
4276 1
4204 1
4182 0
5425 1
5427 1
5426 1
4274 1
4274 0
4276 0
4280 1
4280 0
5427 0
5425 0
4204 0
2061 1
2061 0
4169 1
412 1
5426 0
4257 1
412 0
3442 1
4169 0
4170 1
3442 0
4254 1
4257 0
4170 0
4301 1
4254 0
7770 1
741 1
4301 0
5256 1
7770 0
740 1
741 0
5256 0
1302 1
3159 1
740 0
4258 1
5992 1
4278 1
1302 0
2222 1
2222 0
4278 0
2223 1
5992 0
4200 1
3159 0
2208 1
4200 0
4234 1
4258 0
4234 0
4262 1
2044 1
2044 0
4261 1
4261 0
2223 0
2208 0
2333 1
7834 1
2333 0
4262 0
112 1
112 0
1135 1
2399 1
7834 0
2399 0
2391 1
6792 1
1135 0
6793 1
6792 0
4248 1
6793 0
2391 0
3344 1
3344 0
3345 1
4248 0
617 1
617 0
6795 1
6795 0
1886 1
2205 1
4528 1
2240 1
2239 1
2239 0
3345 0
7615 1
4268 1
1886 0
4268 0
4528 0
4199 1
7615 0
2205 0
2206 1
2240 0
2436 1
2436 0
2437 1
2437 0
7886 1
2206 0
4199 0
7887 1
7886 0
7887 0
