1713 1
1714 1
4063 1
1714 0
2062 1
1713 0
2155 1
2062 0
2155 0
3335 1
4064 1
4063 0
3335 0
3334 1
1720 1
4064 0
3334 0
3644 1
1720 0
4016 1
3644 0
4554 1
4554 0
4556 1
4556 0
428 1
2429 1
2425 1
4016 0
2284 1
3763 1
1265 1
1718 1
1718 0
2284 0
3763 0
618 1
2425 0
618 0
2429 0
5405 1
428 0
5405 0
1283 1
1716 1
1265 0
1716 0
2164 1
1778 1
1283 0
1518 1
2164 0
4610 1
1518 0
3119 1
4610 0
1778 0
3642 1
4269 1
3119 0
4269 0
4268 1
4268 0
1821 1
3451 1
3642 0
3451 0
1801 1
1821 0
1582 1
1582 0
2749 1
2749 0
2371 1
1801 0
3443 1
2371 0
1802 1
3546 1
3546 0
4349 1
4349 0
3443 0
3436 1
535 1
3436 0
1802 0
3548 1
536 1
535 0
3548 0
3018 1
2336 1
3018 0
2336 0
3017 1
3797 1
3797 0
3796 1
1286 1
3796 0
4759 1
2340 1
2340 0
536 0
4758 1
4759 0
1286 0
3017 0
1732 1
1732 0
3879 1
3879 0
1735 1
1939 1
4758 0
1070 1
1939 0
1070 0
1735 0
689 1
685 1
1461 1
685 0
2457 1
650 1
1245 1
689 0
650 0
1461 0
1245 0
176 1
2457 0
1722 1
687 1
176 0
1722 0
163 1
1153 1
687 0
3473 1
163 0
388 1
3473 0
388 0
4977 1
1153 0
524 1
3214 1
524 0
434 1
3214 0
675 1
4977 0
3470 1
675 0
3470 0
3474 1
463 1
434 0
968 1
1545 1
1576 1
256 1
968 0
1566 1
1545 0
256 0
5167 1
1576 0
3474 0
3976 1
1566 0
1574 1
4522 1
5167 0
463 0
3972 1
1611 1
4522 0
1574 0
1580 1
1232 1
3972 0
1232 0
396 1
662 1
5499 1
3895 1
3895 0
3976 0
662 0
755 1
1580 0
1581 1
755 0
3087 1
1581 0
1611 0
4386 1
1002 1
4386 0
1002 0
4524 1
1340 1
3087 0
2031 1
5499 0
2031 0
4346 1
397 1
396 0
4239 1
4346 0
1340 0
1601 1
4524 0
4523 1
1919 1
1883 1
1919 0
1601 0
3333 1
1608 1
3333 0
1608 0
2954 1
236 1
146 1
146 0
397 0
1609 1
3977 1
3977 0
2954 0
236 0
4523 0
969 1
4239 0
2027 1
969 0
500 1
2301 1
2027 0
1293 1
500 0
1883 0
1268 1
1268 0
2086 1
1600 1
1609 0
1293 0
1894 1
2861 1
1600 0
2086 0
3566 1
1894 0
1911 1
5343 1
2301 0
3566 0
1474 1
1911 0
3581 1
5343 0
2768 1
1474 0
1343 1
3581 0
3912 1
1343 0
3912 0
2768 0
660 1
2861 0
3798 1
3798 0
4448 1
4545 1
660 0
3483 1
4448 0
1968 1
4545 0
1968 0
5171 1
1468 1
3483 0
1806 1
5171 0
2268 1
1468 0
2268 0
1592 1
3682 1
1806 0
3979 1
3682 0
2325 1
1592 0
556 1
3979 0
4950 1
4950 0
1903 1
2322 1
2325 0
1903 0
556 0
661 1
3010 1
2323 1
3423 1
2323 0
1723 1
2322 0
4267 1
1723 0
3010 0
3423 0
661 0
3678 1
3678 0
3690 1
2383 1
3690 0
4267 0
4536 1
60 1
2383 0
4536 0
1125 1
1125 0
4830 1
4830 0
3396 1
5207 1
5207 0
5208 1
5208 0
3680 1
4571 1
60 0
4547 1
5494 1
5494 0
4547 0
1862 1
3396 0
1861 1
3680 0
3569 1
2267 1
1862 0
3569 0
4571 0
2267 0
1861 0
