503 1
4658 1
4657 1
4657 0
6478 1
5338 1
1541 1
4501 1
5338 0
4501 0
503 0
1542 1
1541 0
1542 0
4484 1
4658 0
4484 0
6576 1
1908 1
6576 0
6479 1
6478 0
989 1
1908 0
6482 1
6479 0
988 1
989 0
6482 0
6527 1
1944 1
988 0
6527 0
1956 1
1956 0
538 1
1943 1
1944 0
1943 0
6968 1
537 1
538 0
6969 1
6968 0
6963 1
537 0
6591 1
6963 0
6957 1
6969 0
6109 1
6957 0
293 1
6591 0
6102 1
6109 0
3985 1
293 0
6102 0
1951 1
1967 1
3985 0
1951 0
1889 1
930 1
1889 0
2015 1
1967 0
2015 0
2014 1
2013 1
2014 0
664 1
2013 0
664 0
663 1
4905 1
930 0
5920 1
663 0
7271 1
4905 0
7717 1
5920 0
7271 0
7270 1
1884 1
7717 0
1418 1
7270 0
1884 0
1883 1
199 1
1418 0
1883 0
7011 1
7042 1
199 0
7011 0
7009 1
1977 1
7009 0
4054 1
1977 0
7042 0
7665 1
7030 1
7665 0
7028 1
7029 1
7028 0
7030 0
7026 1
4054 0
7026 0
1914 1
7029 0
7181 1
806 1
1914 0
806 0
1232 1
922 1
1232 0
7181 0
7025 1
7025 0
922 0
