1714 1
1713 1
1709 1
1714 0
3640 1
1713 0
1779 1
3640 0
3637 1
1709 0
3637 0
976 1
1780 1
1779 0
976 0
4573 1
3638 1
3394 1
4573 0
3638 0
3394 0
2425 1
1780 0
2207 1
2207 0
3641 1
5405 1
3641 0
2425 0
2429 1
2285 1
2429 0
188 1
2285 0
188 0
3412 1
5405 0
1283 1
1810 1
3413 1
1810 0
2504 1
2504 0
3412 0
1809 1
1717 1
1717 0
3413 0
1778 1
1283 0
3642 1
1778 0
1809 0
1822 1
244 1
3642 0
3451 1
1801 1
3451 0
1844 1
244 0
1844 0
1821 1
1821 0
1582 1
1582 0
1822 0
3472 1
3443 1
1801 0
3546 1
3443 0
3469 1
3472 0
3546 0
4349 1
4349 0
535 1
3446 1
1724 1
3469 0
1802 1
3548 1
3018 1
3548 0
3605 1
1802 0
3018 0
1724 0
3446 0
535 0
536 1
3797 1
536 0
1686 1
3605 0
3797 0
3796 1
1732 1
1686 0
1732 0
3879 1
1286 1
3796 0
3439 1
1286 0
2337 1
3440 1
3439 0
3440 0
1735 1
1735 0
1070 1
1070 0
2337 0
3879 0
1461 1
685 1
1461 0
650 1
689 1
685 0
650 0
2457 1
689 0
688 1
1722 1
2457 0
3465 1
3554 1
4433 1
688 0
1153 1
687 1
687 0
524 1
1153 0
3465 0
3554 0
1722 0
289 1
163 1
163 0
3473 1
3473 0
4433 0
3214 1
524 0
3821 1
289 0
3821 0
675 1
3470 1
675 0
4992 1
3214 0
1019 1
4992 0
3474 1
3470 0
3972 1
1019 0
3474 0
3976 1
3972 0
1232 1
3976 0
662 1
1872 1
396 1
2954 1
396 0
1232 0
397 1
397 0
2601 1
1872 0
2601 0
1548 1
765 1
2208 1
1548 0
2208 0
4385 1
755 1
662 0
755 0
644 1
4386 1
4385 0
764 1
765 0
1002 1
4386 0
644 0
3480 1
1608 1
764 0
3333 1
1608 0
4914 1
1002 0
3333 0
3332 1
236 1
2954 0
3332 0
1529 1
5312 1
3576 1
4914 0
2817 1
3576 0
3774 1
3774 0
236 0
1292 1
1081 1
1529 0
5313 1
5312 0
2347 1
3480 0
2817 0
3571 1
3556 1
3556 0
3571 0
1081 0
212 1
212 0
5313 0
1292 0
1910 1
5399 1
2347 0
4017 1
1910 0
4744 1
4017 0
5399 0
4545 1
4744 0
5160 1
1968 1
4545 0
4293 1
5160 0
1905 1
1968 0
4293 0
191 1
669 1
1905 0
2458 1
191 0
669 0
1898 1
1879 1
2458 0
2706 1
3486 1
1817 1
3486 0
1902 1
1902 0
4 1
1898 0
1817 0
4633 1
2706 0
1879 0
319 1
1876 1
319 0
140 1
1519 1
1519 0
228 1
228 0
5176 1
1876 0
140 0
1649 1
4 0
5045 1
5045 0
1348 1
4633 0
1348 0
3279 1
5176 0
3322 1
1370 1
1649 0
1370 0
1320 1
3279 0
3322 0
1320 0
