2668 1
2667 1
2667 0
2398 1
4212 1
2668 0
2397 1
2398 0
3073 1
510 1
3073 0
4212 0
2652 1
510 0
2397 0
2646 1
2652 0
2666 1
4949 1
4978 1
4978 0
4946 1
2646 0
3856 1
2645 1
3856 0
2666 0
4856 1
4949 0
3098 1
4946 0
2505 1
2645 0
3019 1
4697 1
1769 1
4856 0
4696 1
1769 0
4697 0
3240 1
3240 0
3019 0
2443 1
4628 1
3098 0
3185 1
2505 0
4696 0
1766 1
2443 0
2444 1
1766 0
4477 1
2648 1
2444 0
1637 1
1637 0
4628 0
4627 1
4627 0
1238 1
2515 1
2439 1
2439 0
2515 0
4477 0
93 1
4253 1
81 1
2648 0
3738 1
3738 0
4253 0
2332 1
1937 1
1937 0
2333 1
3185 0
4546 1
4546 0
4250 1
81 0
4116 1
1103 1
4116 0
1238 0
4250 0
1103 0
933 1
93 0
3348 1
933 0
918 1
3348 0
4261 1
1156 1
2332 0
918 0
4859 1
713 1
713 0
2441 1
2441 0
2333 0
1404 1
5140 1
1156 0
5140 0
4261 0
4859 0
5452 1
5452 0
5068 1
5068 0
4222 1
4794 1
1404 0
4221 1
4222 0
4220 1
4221 0
1179 1
4794 0
1179 0
3468 1
522 1
4220 0
2775 1
733 1
893 1
733 0
3468 0
2596 1
2596 0
522 0
2775 0
3965 1
3965 0
360 1
4637 1
893 0
4402 1
360 0
4637 0
1664 1
3967 1
4402 0
3967 0
3968 1
2507 1
1664 0
3968 0
3153 1
3153 0
4616 1
4616 0
1371 1
3061 1
2507 0
492 1
3596 1
492 0
2580 1
2580 0
3061 0
1371 0
1531 1
3596 0
3575 1
1531 0
3375 1
682 1
3375 0
3575 0
3574 1
2413 1
3574 0
3632 1
682 0
632 1
2413 0
4631 1
3632 0
716 1
632 0
365 1
365 0
1788 1
126 1
1788 0
3066 1
3123 1
3123 0
3116 1
3116 0
2483 1
3490 1
2483 0
3066 0
126 0
166 1
166 0
217 1
716 0
1151 1
3490 0
963 1
2510 1
217 0
606 1
1126 1
1126 0
2510 0
745 1
745 0
963 0
1994 1
5000 1
1994 0
1931 1
4631 0
611 1
606 0
611 0
3108 1
1151 0
3195 1
5000 0
1815 1
3273 1
1931 0
3195 0
4691 1
3370 1
1815 0
162 1
3108 0
3273 0
3274 1
1249 1
4691 0
2496 1
3370 0
3107 1
1249 0
162 0
3107 0
3274 0
3272 1
2686 1
2496 0
1408 1
3272 0
2686 0
2076 1
3268 1
1408 0
2076 0
3374 1
3269 1
3268 0
3269 0
1015 1
2022 1
3374 0
1015 0
1014 1
2023 1
2022 0
1014 0
385 1
281 1
2023 0
385 0
2253 1
4706 1
281 0
2253 0
3323 1
2090 1
4706 0
3323 0
520 1
2090 0
4088 1
520 0
863 1
4088 0
1880 1
3767 1
1880 0
3958 1
3298 1
3259 1
3298 0
3299 1
3259 0
863 0
3958 0
3767 0
3656 1
3819 1
3299 0
3656 0
3655 1
3655 0
2009 1
819 1
3320 1
648 1
3320 0
819 0
1618 1
2009 0
4860 1
1618 0
1619 1
1771 1
648 0
3329 1
1771 0
3329 0
946 1
4860 0
766 1
5251 1
1619 0
1011 1
3890 1
3890 0
216 1
216 0
4649 1
946 0
5468 1
4649 0
983 1
3819 0
1011 0
5468 0
2321 1
980 1
983 0
1000 1
2321 0
5251 0
585 1
1000 0
3955 1
980 0
497 1
3955 0
438 1
585 0
3331 1
1985 1
438 0
462 1
5165 1
410 1
410 0
3074 1
3074 0
766 0
1985 0
4936 1
4936 0
462 0
1240 1
1240 0
1865 1
1865 0
134 1
134 0
2805 1
497 0
4976 1
413 1
2805 0
5164 1
5165 0
413 0
574 1
3331 0
4262 1
5164 0
4712 1
4360 1
4976 0
574 0
1991 1
1991 0
482 1
4360 0
3312 1
3315 1
4262 0
4183 1
4712 0
3315 0
1300 1
482 0
4368 1
1300 0
326 1
3603 1
3312 0
3603 0
2941 1
2942 1
2273 1
2942 0
2941 0
326 0
2273 0
4183 0
4153 1
5134 1
4368 0
4153 0
4152 1
959 1
5134 0
4152 0
5232 1
959 0
552 1
2733 1
5232 0
552 0
4125 1
4125 0
1891 1
5057 1
2733 0
5200 1
1891 0
1042 1
5200 0
5057 0
569 1
1042 0
4132 1
4131 1
4132 0
3720 1
569 0
4131 0
3595 1
2246 1
3720 0
2218 1
2246 0
1038 1
3595 0
2388 1
2218 0
2388 0
4919 1
4258 1
1038 0
622 1
4919 0
2387 1
622 0
4258 0
3410 1
2387 0
290 1
3410 0
85 1
85 0
436 1
290 0
2389 1
436 0
1500 1
2342 1
2389 0
3401 1
1500 0
5119 1
2374 1
3401 0
1881 1
3538 1
2375 1
2374 0
3538 0
401 1
401 0
5118 1
5118 0
424 1
2342 0
2392 1
1036 1
5119 0
5258 1
5258 0
2394 1
2375 0
2377 1
2395 1
2392 0
2377 0
2394 0
2395 0
4533 1
1881 0
4533 0
4534 1
4534 0
3843 1
4540 1
5034 1
4294 1
1628 1
1628 0
1036 0
4540 0
3843 0
1926 1
1926 0
4294 0
5034 0
5035 1
424 0
5035 0
