579 1
1618 1
579 0
1618 0
5018 1
1301 1
1396 1
1396 0
1463 1
5018 0
5341 1
1301 0
6136 1
1463 0
1281 1
2072 1
2072 0
5341 0
1281 0
797 1
2586 1
2587 1
2586 0
896 1
962 1
896 0
6136 0
897 1
897 0
6141 1
2587 0
6141 0
796 1
797 0
20 1
7075 1
719 1
796 0
6813 1
872 1
6813 0
719 0
20 0
7075 0
962 0
6139 1
6140 1
6139 0
872 0
794 1
258 1
6140 0
760 1
7207 1
794 0
7207 0
757 1
1316 1
1255 1
1316 0
760 0
1255 0
726 1
757 0
726 0
7399 1
1303 1
5774 1
6144 1
6144 0
1286 1
4747 1
1286 0
258 0
5774 0
1303 0
257 1
257 0
7399 0
2769 1
1518 1
2769 0
7333 1
4747 0
853 1
7333 0
853 0
1410 1
6980 1
1518 0
1443 1
6980 0
1409 1
1410 0
295 1
1409 0
295 0
4698 1
6348 1
1443 0
3212 1
4698 0
1326 1
6348 0
1326 0
6058 1
1048 1
6058 0
3212 0
264 1
2106 1
264 0
6018 1
1048 0
5943 1
2106 0
859 1
6018 0
6335 1
5943 0
6335 0
201 1
859 0
1693 1
6435 1
1693 0
201 0
1572 1
6435 0
1320 1
1320 0
1576 1
1572 0
4880 1
6103 1
1576 0
4880 0
4031 1
4031 0
1864 1
569 1
6103 0
445 1
569 0
6108 1
1864 0
6108 0
580 1
445 0
5675 1
2542 1
5675 0
2542 0
7055 1
7055 0
6812 1
3582 1
580 0
3335 1
6812 0
803 1
3582 0
2811 1
3335 0
940 1
803 0
2811 0
722 1
117 1
940 0
722 0
935 1
4055 1
117 0
935 0
1931 1
1931 0
7678 1
7678 0
439 1
7703 1
528 1
7703 0
528 0
905 1
4055 0
439 0
440 1
5673 1
440 0
905 0
904 1
5673 0
5674 1
5674 0
7552 1
7618 1
7552 0
7395 1
7618 0
7375 1
904 0
7375 0
7376 1
7067 1
7395 0
7376 0
1584 1
7067 0
2556 1
6550 1
1584 0
2556 0
3935 1
512 1
6550 0
2294 1
3935 0
512 0
4716 1
1987 1
4716 0
1987 0
4084 1
2294 0
5437 1
5437 0
4139 1
4084 0
4066 1
4066 0
4067 1
3617 1
4067 0
4071 1
4139 0
3643 1
4071 0
3617 0
2808 1
3643 0
3616 1
2808 0
2798 1
3616 0
1816 1
1816 0
2847 1
2798 0
3261 1
6532 1
2847 0
7250 1
6532 0
3260 1
3261 0
7250 0
2123 1
7766 1
3260 0
7766 0
3495 1
2123 0
967 1
3495 0
3494 1
967 0
3614 1
3494 0
975 1
3614 0
7298 1
6444 1
3478 1
6444 0
1038 1
3478 0
1038 0
2118 1
2368 1
1003 1
975 0
1003 0
2118 0
1115 1
7298 0
1114 1
1115 0
676 1
1114 0
4129 1
2368 0
1215 1
676 0
118 1
1035 1
3489 1
4129 0
118 0
1035 0
7291 1
7291 0
1222 1
1222 0
1215 0
5871 1
5871 0
5872 1
1462 1
3466 1
5872 0
1462 0
3489 0
3488 1
6678 1
3488 0
3467 1
3466 0
4769 1
6678 0
4769 0
678 1
3418 1
3467 0
880 1
3418 0
3419 1
3419 0
3468 1
3469 1
3468 0
880 0
678 0
3469 0
