3339 1
5425 1
2682 1
2700 1
2682 0
4307 1
2700 0
234 1
5425 0
234 0
233 1
1160 1
233 0
1701 1
1668 1
1701 0
3339 0
4412 1
4411 1
4411 0
4307 0
1160 0
2269 1
2904 1
2269 0
4658 1
2904 0
1668 0
4412 0
4413 1
3338 1
4413 0
5030 1
4658 0
3338 0
2779 1
5030 0
4172 1
4172 0
3324 1
4913 1
2779 0
3324 0
2111 1
896 1
4913 0
2712 1
2111 0
2712 0
4444 1
896 0
2735 1
4442 1
4444 0
4442 0
4441 1
3029 1
2735 0
3777 1
4441 0
3777 0
2584 1
3029 0
5421 1
899 1
2584 0
3154 1
5421 0
1359 1
899 0
1359 0
2611 1
3355 1
2847 1
2847 0
4810 1
4810 0
3352 1
3154 0
576 1
3355 0
576 0
2611 0
1644 1
1644 0
2721 1
5388 1
3047 1
3047 0
1738 1
1738 0
5387 1
4814 1
4814 0
2897 1
3860 1
2898 1
2898 0
5388 0
5387 0
2721 0
2622 1
3860 0
4806 1
5434 1
2897 0
2477 1
2622 0
690 1
5434 0
4811 1
4806 0
3352 0
4624 1
2477 0
1312 1
690 0
1466 1
2603 1
4811 0
643 1
1466 0
4624 0
4551 1
571 1
1312 0
2960 1
2603 0
643 0
95 1
3368 1
4551 0
7 1
571 0
3368 0
3367 1
391 1
2960 0
3367 0
4625 1
2263 1
391 0
4626 1
4625 0
2263 0
4626 0
7 0
3744 1
95 0
2826 1
3875 1
2826 0
3744 0
4676 1
3876 1
3875 0
3876 0
1445 1
1445 0
1459 1
2592 1
4676 0
1459 0
2947 1
2592 0
3629 1
2947 0
4878 1
3971 1
3629 0
2497 1
3971 0
4878 0
2364 1
2120 1
2497 0
2364 0
1122 1
5301 1
1122 0
2120 0
4429 1
5302 1
5301 0
3988 1
4429 0
4100 1
5302 0
4100 0
4097 1
3988 0
324 1
4097 0
2909 1
324 0
3752 1
1452 1
2909 0
1453 1
1452 0
1453 0
555 1
3144 1
3752 0
117 1
555 0
1432 1
117 0
4870 1
1432 0
640 1
3144 0
4870 0
1413 1
1413 0
1264 1
640 0
4930 1
3169 1
3215 1
3215 0
2341 1
3169 0
744 1
744 0
1670 1
2335 1
2341 0
1670 0
5189 1
3885 1
2335 0
4930 0
1503 1
760 1
1264 0
4356 1
5189 0
4337 1
3885 0
4356 0
4355 1
1419 1
760 0
743 1
4355 0
4653 1
2128 1
4337 0
1373 1
1503 0
1196 1
2128 0
4653 0
1522 1
1373 0
1418 1
1419 0
1196 0
3211 1
1522 0
4003 1
627 1
743 0
705 1
3211 0
4578 1
705 0
628 1
627 0
628 0
4578 0
3663 1
1418 0
4003 0
5242 1
5242 0
5243 1
3663 0
3662 1
4818 1
5243 0
3662 0
1071 1
2699 1
1071 0
5236 1
2699 0
4752 1
5236 0
4752 0
2356 1
4818 0
352 1
2037 1
352 0
5308 1
2356 0
2037 0
2193 1
5308 0
5299 1
2193 0
2056 1
5299 0
4248 1
3045 1
4248 0
1501 1
3045 0
2056 0
4182 1
599 1
4182 0
599 0
403 1
1008 1
928 1
928 0
1008 0
3914 1
3914 0
540 1
1501 0
1328 1
1328 0
2048 1
403 0
2048 0
4655 1
749 1
3343 1
4164 1
3343 0
930 1
749 0
4164 0
3894 1
3894 0
3830 1
2050 1
1168 1
1168 0
930 0
5272 1
2050 0
3830 0
777 1
5272 0
1282 1
1208 1
777 0
1282 0
82 1
1049 1
82 0
1048 1
3930 1
1048 0
1049 0
3929 1
3930 0
1349 1
540 0
1317 1
1208 0
4654 1
2058 1
2058 0
2104 1
2104 0
2107 1
2107 0
4331 1
4655 0
4654 0
3929 0
4415 1
5256 1
1317 0
4415 0
4489 1
4783 1
4489 0
855 1
4331 0
1349 0
5005 1
4020 1
4783 0
5102 1
855 0
5102 0
2213 1
1314 1
5256 0
4607 1
4020 0
3288 1
2213 0
5005 0
1344 1
1314 0
4519 1
4519 0
3600 1
2408 1
3288 0
2109 1
2408 0
4136 1
3600 0
1346 1
4608 1
4607 0
1344 0
2479 1
2479 0
912 1
2109 0
1695 1
1255 1
1346 0
1255 0
4136 0
942 1
942 0
1863 1
1495 1
4608 0
912 0
911 1
769 1
911 0
5442 1
1863 0
5442 0
3844 1
1695 0
4602 1
1495 0
5024 1
769 0
3926 1
3927 1
3926 0
3844 0
4023 1
4023 0
2436 1
254 1
3927 0
254 0
2436 0
1285 1
4602 0
2411 1
5024 0
1285 0
2133 1
2411 0
3871 1
3871 0
1942 1
2133 0
5158 1
1866 1
1942 0
5158 0
2934 1
1866 0
974 1
974 0
678 1
5403 1
5404 1
5403 0
110 1
4259 1
5404 0
678 0
127 1
517 1
1339 1
127 0
1339 0
517 0
110 0
261 1
4259 0
2934 0
2303 1
261 0
38 1
38 0
4027 1
2303 0
3506 1
3506 0
3518 1
250 1
4027 0
3518 0
3535 1
250 0
54 1
3534 1
3535 0
4159 1
54 0
3612 1
3534 0
3612 0
870 1
3523 1
4159 0
3524 1
3523 0
3524 0
2214 1
870 0
871 1
4423 1
871 0
2214 0
806 1
806 0
3525 1
3526 1
3525 0
1216 1
4423 0
3526 0
3520 1
1216 0
3516 1
3516 0
3520 0
