4658 1
4657 1
6478 1
4657 0
4484 1
4658 0
6576 1
4484 0
6576 0
1908 1
6478 0
6479 1
6479 0
6482 1
1908 0
6082 1
6065 1
6082 0
6482 0
6527 1
6711 1
6527 0
2065 1
6711 0
6065 0
1965 1
1965 0
2826 1
2826 0
6969 1
538 1
6963 1
537 1
6963 0
946 1
946 0
2065 0
6591 1
6592 1
6592 0
538 0
537 0
6969 0
6957 1
6957 0
6109 1
6102 1
6109 0
3985 1
293 1
6591 0
293 0
1967 1
3985 0
6101 1
6102 0
6653 1
6101 0
6653 0
6104 1
2015 1
1967 0
1861 1
2015 0
1861 0
858 1
930 1
930 0
4905 1
6017 1
6017 0
6104 0
6105 1
6105 0
7270 1
663 1
7271 1
4905 0
7271 0
663 0
5920 1
858 0
7717 1
1960 1
1960 0
7716 1
7716 0
5920 0
1884 1
7717 0
1418 1
7270 0
1884 0
1883 1
7009 1
199 1
7042 1
1418 0
1417 1
1417 0
7664 1
199 0
7014 1
1977 1
1926 1
1883 0
1926 0
7014 0
7011 1
7042 0
7011 0
7009 0
1977 0
4054 1
7664 0
7033 1
7033 0
1890 1
1267 1
4054 0
1267 0
1603 1
7029 1
7029 0
7181 1
1914 1
1604 1
1603 0
1232 1
1604 0
806 1
1917 1
1918 1
7017 1
7017 0
7025 1
1918 0
1890 0
1917 0
7181 0
806 0
1914 0
922 1
1232 0
922 0
7025 0
