3640 1
1714 1
1713 1
1714 0
4063 1
2062 1
2062 0
2155 1
1713 0
2155 0
3335 1
4064 1
4063 0
3640 0
3335 0
3334 1
1720 1
4064 0
3334 0
3644 1
1720 0
4016 1
4554 1
3644 0
4554 0
4556 1
4016 0
618 1
4556 0
428 1
2425 1
618 0
2425 0
2429 1
5405 1
428 0
2285 1
1374 1
1265 1
2429 0
1265 0
1716 1
1716 0
2164 1
2285 0
5405 0
1283 1
1283 0
1778 1
2504 1
1374 0
1717 1
2504 0
3119 1
1518 1
1518 0
2164 0
4610 1
4610 0
3642 1
1778 0
1809 1
1717 0
1809 0
1822 1
4269 1
4269 0
4268 1
1821 1
3119 0
4268 0
1822 0
3451 1
3642 0
1801 1
3451 0
1821 0
1582 1
3472 1
3443 1
1801 0
3472 0
3469 1
1582 0
2749 1
2749 0
2371 1
1802 1
2371 0
3469 0
3443 0
3546 1
4349 1
3546 0
535 1
4349 0
1802 0
3548 1
535 0
536 1
3018 1
3548 0
2336 1
3018 0
536 0
3797 1
3017 1
2336 0
3796 1
3797 0
1286 1
3796 0
3017 0
1732 1
1732 0
3879 1
3879 0
1735 1
1939 1
1939 0
1286 0
1070 1
4758 1
4758 0
2337 1
2337 0
1735 0
1070 0
689 1
685 1
685 0
1461 1
1461 0
650 1
2457 1
650 0
1245 1
689 0
176 1
1245 0
176 0
687 1
2457 0
1722 1
1722 0
163 1
687 0
1153 1
163 0
3473 1
3821 1
3473 0
675 1
388 1
388 0
4977 1
4977 0
289 1
1153 0
524 1
3821 0
289 0
3214 1
524 0
434 1
3214 0
3470 1
675 0
3474 1
3470 0
463 1
434 0
3474 0
3976 1
1545 1
968 1
1576 1
256 1
256 0
1545 0
1566 1
968 0
1576 0
5167 1
1574 1
1566 0
3972 1
463 0
5167 0
4522 1
1580 1
1574 0
1232 1
3972 0
3976 0
662 1
1611 1
4522 0
396 1
1232 0
662 0
755 1
1581 1
1580 0
1581 0
3087 1
1611 0
4386 1
4386 0
1002 1
4524 1
1002 0
1340 1
3087 0
644 1
396 0
397 1
644 0
4346 1
4239 1
2031 1
2031 0
755 0
5499 1
4346 0
5499 0
1340 0
1601 1
1608 1
1601 0
397 0
2954 1
3333 1
1608 0
2954 0
236 1
1883 1
3333 0
2027 1
4239 0
4523 1
500 1
500 0
1293 1
4524 0
969 1
969 0
4523 0
1610 1
2301 1
2027 0
1610 0
1268 1
1883 0
1268 0
2086 1
1600 1
236 0
1600 0
2861 1
1609 1
1609 0
1910 1
1292 1
1292 0
1910 0
1293 0
1894 1
1911 1
1894 0
2087 1
2087 0
3556 1
1474 1
3566 1
3566 0
2086 0
3556 0
3571 1
3581 1
1911 0
5343 1
2301 0
5343 0
2768 1
1474 0
3581 0
1343 1
1343 0
3912 1
3912 0
212 1
3571 0
212 0
660 1
2768 0
3798 1
2861 0
4545 1
660 0
4448 1
3798 0
3483 1
4448 0
1968 1
4545 0
1468 1
3483 0
1968 0
5171 1
5171 0
1806 1
2268 1
1468 0
1806 0
3682 1
2268 0
1592 1
3979 1
3682 0
1592 0
2325 1
2322 1
2325 0
3979 0
1903 1
1903 0
556 1
556 0
661 1
2323 1
2322 0
3423 1
2323 0
3010 1
3423 0
5128 1
661 0
3678 1
3690 1
3678 0
3714 1
5128 0
1124 1
3689 1
3714 0
2383 1
60 1
60 0
3690 0
2383 0
5207 1
3689 0
270 1
2077 1
1124 0
270 0
2077 0
3010 0
4267 1
4267 0
4536 1
1125 1
4536 0
5207 0
5208 1
1125 0
4830 1
4830 0
3396 1
5208 0
3680 1
1862 1
3396 0
1861 1
3680 0
1861 0
1862 0
