2782 1
3048 1
4550 1
3048 0
2739 1
2739 0
2738 1
4418 1
2738 0
4419 1
4419 0
2782 0
4552 1
4420 1
4418 0
4552 0
5448 1
5448 0
2254 1
2569 1
4420 0
1133 1
1133 0
5310 1
4550 0
2254 0
5309 1
5310 0
278 1
2569 0
277 1
278 0
4872 1
5309 0
4555 1
4872 0
1947 1
4555 0
2762 1
277 0
1946 1
1947 0
1946 0
5001 1
1719 1
2762 0
5001 0
5002 1
275 1
5002 0
358 1
1719 0
4112 1
275 0
4112 0
2882 1
2881 1
2882 0
2857 1
2881 0
2914 1
358 0
2857 0
2856 1
2856 0
4768 1
3347 1
2914 0
4768 0
3213 1
2843 1
3213 0
3347 0
2864 1
2843 0
2858 1
2858 0
2558 1
2864 0
2916 1
2558 0
2849 1
2849 0
420 1
2809 1
2916 0
664 1
420 0
2809 0
2919 1
2919 0
1488 1
664 0
3187 1
5150 1
1488 0
5419 1
3187 0
2837 1
5419 0
5150 0
5151 1
5151 0
2650 1
2650 0
2863 1
3354 1
2837 0
1079 1
2863 0
3354 0
2844 1
1078 1
2844 0
1079 0
1078 0
1504 1
1389 1
1097 1
1504 0
2671 1
2804 1
2671 0
1275 1
1508 1
1508 0
4863 1
1389 0
1275 0
2804 0
1097 0
1482 1
1482 0
2925 1
2925 0
49 1
4863 0
722 1
2346 1
722 0
2346 0
405 1
1938 1
49 0
1938 0
3848 1
3848 0
1913 1
405 0
4862 1
2591 1
2590 1
2591 0
5202 1
1357 1
2590 0
4862 0
466 1
8 1
5202 0
3138 1
1913 0
2419 1
466 0
3138 0
3893 1
8 0
3277 1
3277 0
4847 1
646 1
5418 1
646 0
4111 1
4630 1
3625 1
3625 0
1986 1
1357 0
1986 0
4093 1
4847 0
5418 0
2765 1
1796 1
1795 1
1439 1
3893 0
1796 0
1439 0
2765 0
4123 1
4123 0
377 1
4093 0
2419 0
1853 1
725 1
377 0
1795 0
2923 1
905 1
725 0
1853 0
4058 1
4679 1
2923 0
4058 0
1086 1
838 1
4111 0
954 1
2188 1
2188 0
3190 1
3190 0
4630 0
838 0
905 0
676 1
676 0
378 1
378 0
2013 1
1086 0
1085 1
2013 0
2012 1
670 1
4679 0
529 1
670 0
1085 0
934 1
931 1
934 0
954 0
5238 1
5238 0
751 1
2523 1
2012 0
730 1
308 1
932 1
931 0
308 0
773 1
730 0
773 0
2523 0
849 1
52 1
529 0
932 0
920 1
849 0
2473 1
222 1
920 0
759 1
751 0
222 0
221 1
1415 1
52 0
504 1
221 0
1289 1
759 0
778 1
1289 0
504 0
503 1
503 0
926 1
3623 1
2473 0
926 0
925 1
4509 1
4298 1
128 1
128 0
758 1
758 0
778 0
4324 1
4298 0
4509 0
738 1
3623 0
925 0
2625 1
2625 0
4722 1
738 0
4933 1
3966 1
4722 0
3966 0
2304 1
1415 0
4738 1
4324 0
3409 1
1325 1
2994 1
4737 1
2993 1
4737 0
2304 0
1217 1
1217 0
2994 0
1325 0
4322 1
3409 0
4044 1
4933 0
4738 0
4702 1
4322 0
4314 1
4044 0
4043 1
4314 0
4144 1
813 1
4043 0
4304 1
4144 0
797 1
4702 0
813 0
2390 1
2993 0
836 1
836 0
506 1
2390 0
2149 1
797 0
801 1
4304 0
2988 1
2149 0
157 1
801 0
2969 1
831 1
506 0
2969 0
2968 1
157 0
2153 1
831 0
4853 1
4045 1
2988 0
4853 0
741 1
2968 0
3287 1
4869 1
2873 1
4869 0
2153 0
3880 1
3287 0
741 0
472 1
4045 0
196 1
2873 0
4562 1
3432 1
3880 0
1298 1
472 0
2418 1
1298 0
3432 0
5113 1
2639 1
2418 0
5113 0
1278 1
2639 0
2640 1
1278 0
2640 0
4562 0
2215 1
1211 1
196 0
4591 1
5019 1
40 1
39 1
5019 0
40 0
565 1
4591 0
1211 0
4372 1
565 0
892 1
4051 1
892 0
3522 1
2215 0
4051 0
3253 1
3522 0
3508 1
259 1
544 1
160 1
544 0
4372 0
3253 0
878 1
39 0
881 1
259 0
4313 1
878 0
2115 1
3508 0
33 1
160 0
881 0
2115 0
33 0
1326 1
4028 1
3935 1
3935 0
2984 1
1326 0
2984 0
4313 0
877 1
877 0
4028 0
