4173 1
4185 1
5121 1
4173 0
4184 1
4185 0
5121 0
1668 1
1668 0
1701 1
4184 0
10 1
10 0
4589 1
2834 1
5048 1
2834 0
3339 1
2835 1
3339 0
1701 0
654 1
5048 0
2269 1
4589 0
2904 1
2269 0
2835 0
4521 1
2904 0
2476 1
2698 1
2476 0
654 0
4168 1
4521 0
4911 1
2698 0
4168 0
3648 1
673 1
4911 0
673 0
4445 1
3648 0
4913 1
896 1
4913 0
2632 1
4445 0
2735 1
896 0
4201 1
2632 0
2735 0
3029 1
4201 0
2687 1
2687 0
2583 1
2550 1
2583 0
2550 0
2549 1
4087 1
2549 0
3806 1
4087 0
5421 1
3029 0
92 1
3806 0
3154 1
5421 0
92 0
311 1
3355 1
3154 0
2531 1
311 0
3804 1
2531 0
3355 0
576 1
2538 1
3804 0
5387 1
1738 1
230 1
3047 1
1738 0
285 1
3047 0
169 1
230 0
169 0
2538 0
2537 1
5387 0
5388 1
3149 1
285 0
5388 0
1327 1
2278 1
2537 0
576 0
3352 1
513 1
1327 0
4624 1
3352 0
3149 0
5476 1
2278 0
2842 1
5476 0
2500 1
4624 0
4551 1
4551 0
3063 1
2842 0
2594 1
513 0
4084 1
2275 1
2594 0
3363 1
3063 0
4084 0
2769 1
2769 0
3349 1
3363 0
3362 1
5064 1
5064 0
5190 1
95 1
643 1
2888 1
1466 1
2500 0
1466 0
643 0
95 0
3349 0
3362 0
5190 0
577 1
2275 0
2711 1
2888 0
577 0
578 1
2940 1
2711 0
578 0
702 1
2940 0
1024 1
4101 1
1024 0
2595 1
702 0
2595 0
4966 1
4875 1
4101 0
4875 0
2748 1
3 1
2748 0
3 0
2211 1
5255 1
2211 0
3164 1
4342 1
3988 1
3988 0
4429 1
3881 1
4429 0
4966 0
631 1
3881 0
5460 1
3164 0
5460 0
5255 0
2959 1
2959 0
3064 1
3064 0
3822 1
620 1
3753 1
3753 0
631 0
4342 0
2043 1
3822 0
1453 1
2043 0
555 1
1453 0
555 0
117 1
117 0
1432 1
620 0
703 1
1432 0
4871 1
3142 1
703 0
866 1
3142 0
865 1
866 0
1761 1
4871 0
3168 1
3221 1
3168 0
3222 1
3221 0
3223 1
3222 0
3136 1
3136 0
3151 1
1470 1
1761 0
3223 0
3025 1
3167 1
3800 1
3167 0
3025 0
3870 1
3800 0
1670 1
3151 0
4356 1
5189 1
5189 0
1670 0
4516 1
865 0
1575 1
1470 0
4355 1
4356 0
3046 1
4110 1
1373 1
4337 1
4337 0
3885 1
3885 0
3870 0
4576 1
3046 0
4516 0
5281 1
4576 0
4110 0
4574 1
5281 0
757 1
1575 0
4579 1
4574 0
3145 1
4355 0
4580 1
4579 0
3145 0
3621 1
4577 1
3621 0
5428 1
4580 0
548 1
757 0
5428 0
4577 0
1373 0
1522 1
3171 1
1522 0
1405 1
465 1
1405 0
465 0
1412 1
1412 0
1401 1
548 0
100 1
3171 0
791 1
100 0
1401 0
3662 1
791 0
5231 1
3662 0
1071 1
1477 1
1071 0
352 1
5231 0
1477 0
3040 1
352 0
2037 1
3040 0
1746 1
2037 0
1966 1
1324 1
1746 0
1966 0
1980 1
1324 0
1323 1
5299 1
1323 0
1980 0
1992 1
5299 0
4248 1
1992 0
426 1
1856 1
1855 1
4248 0
3045 1
426 0
5279 1
1858 1
1856 0
860 1
5265 1
860 0
1858 0
2189 1
5265 0
1135 1
2189 0
1328 1
1501 1
1501 0
3045 0
3953 1
3953 0
808 1
4692 1
5279 0
5278 1
2048 1
5278 0
808 0
2150 1
1523 1
4692 0
1523 0
2072 1
2150 0
1855 0
1135 0
2072 0
540 1
1328 0
2048 0
4655 1
4498 1
4497 1
1091 1
1207 1
4498 0
1207 0
4497 0
30 1
1091 0
1089 1
1349 1
540 0
5502 1
30 0
1089 0
218 1
218 0
1090 1
4654 1
4655 0
597 1
1090 0
5290 1
597 0
4532 1
5290 0
919 1
5502 0
4532 0
636 1
2173 1
4654 0
5182 1
636 0
2296 1
5182 0
4149 1
2173 0
919 0
507 1
2295 1
2296 0
5004 1
2295 0
3928 1
5004 0
1280 1
3928 0
2113 1
4149 0
3915 1
1280 0
3915 0
3252 1
507 0
949 1
5005 1
1349 0
5005 0
1344 1
2113 0
2112 1
1202 1
949 0
1344 0
1255 1
2106 1
2112 0
3252 0
4566 1
3917 1
4566 0
2106 0
2105 1
3925 1
3917 0
1338 1
1338 0
3118 1
1202 0
1062 1
3600 1
3600 0
4519 1
4519 0
1346 1
1255 0
2408 1
2105 0
2109 1
2408 0
1346 0
1347 1
32 1
1347 0
4515 1
2109 0
318 1
3118 0
2223 1
1062 0
3845 1
2223 0
1274 1
318 0
4515 0
1516 1
3925 0
833 1
4892 1
32 0
1515 1
1516 0
4892 0
1221 1
1220 1
1221 0
99 1
924 1
924 0
1274 0
99 0
4023 1
3844 1
3844 0
1220 0
3845 0
4023 0
833 0
1495 1
1495 0
5024 1
5024 0
2411 1
2385 1
2180 1
5158 1
1285 1
1285 0
1515 0
2133 1
2133 0
2180 0
3340 1
3340 0
2385 0
2411 0
3871 1
3871 0
4055 1
4055 0
4054 1
5158 0
2934 1
4054 0
4363 1
2303 1
2934 0
2303 0
872 1
4053 1
4363 0
4053 0
4057 1
4056 1
4057 0
4739 1
4056 0
830 1
4739 0
5404 1
5403 1
830 0
5403 0
2681 1
5404 0
872 0
3536 1
2681 0
4089 1
4724 1
4089 0
3518 1
3536 0
4724 0
266 1
3518 0
3535 1
35 1
266 0
3534 1
3535 0
3534 0
3612 1
4790 1
35 0
4790 0
3523 1
3612 0
870 1
871 1
870 0
3523 0
3524 1
871 0
4969 1
4969 0
4455 1
5117 1
3524 0
2862 1
4455 0
5117 0
322 1
3597 1
2862 0
2492 1
3597 0
4725 1
2492 0
3414 1
322 0
3414 0
4725 0
