7726 1
7826 1
2214 1
7726 0
1296 1
876 1
876 0
7826 0
3644 1
298 1
1296 0
298 0
2215 1
2214 0
2215 0
2923 1
2825 1
3644 0
2923 0
3945 1
3945 0
3944 1
788 1
2825 0
1336 1
3944 0
1336 0
756 1
788 0
789 1
756 0
755 1
789 0
6134 1
586 1
755 0
6134 0
6135 1
6135 0
2630 1
586 0
1473 1
1473 0
742 1
5336 1
2630 0
742 0
8 1
6803 1
5336 0
8 0
6211 1
2204 1
6803 0
1369 1
2204 0
6211 0
1508 1
1508 0
5793 1
1369 0
1968 1
1968 0
5175 1
6222 1
5793 0
5175 0
5174 1
6222 0
5952 1
5174 0
5024 1
5024 0
7296 1
7295 1
7296 0
795 1
7295 0
795 0
829 1
6545 1
5952 0
7168 1
2749 1
7168 0
2749 0
6544 1
2171 1
6545 0
2171 0
829 0
4090 1
6543 1
6544 0
4090 0
4089 1
1415 1
6543 0
6546 1
1415 0
3251 1
4089 0
6546 0
7176 1
1460 1
3251 0
7176 0
6984 1
1460 0
1461 1
6160 1
6984 0
761 1
1461 0
4705 1
6160 0
6976 1
761 0
4705 0
6170 1
6268 1
6170 0
6268 0
543 1
4057 1
4056 1
4056 0
7460 1
4057 0
1424 1
7316 1
7460 0
1424 0
1423 1
7316 0
7315 1
1423 0
6671 1
7315 0
6778 1
6778 0
6779 1
7285 1
6671 0
7285 0
2134 1
4807 1
6779 0
1350 1
1350 0
5646 1
5645 1
5646 0
4356 1
2134 0
7351 1
4357 1
7121 1
7121 0
4807 0
4357 0
7809 1
543 0
7471 1
7471 0
6401 1
6064 1
6976 0
6025 1
7353 1
7353 0
7352 1
6025 0
6401 0
7351 0
6064 0
2169 1
4356 0
5645 0
6237 1
6023 1
2169 0
6024 1
6023 0
6237 0
7464 1
4701 1
6024 0
4700 1
4701 0
7807 1
7809 0
4700 0
6149 1
7464 0
5708 1
7806 1
7807 0
335 1
6149 0
6150 1
3980 1
5416 1
143 1
143 0
7570 1
3979 1
5708 0
7570 0
3980 0
6148 1
6150 0
5416 0
7806 0
3242 1
4427 1
3979 0
2160 1
4427 0
2159 1
2160 0
4703 1
4455 1
4668 1
4455 0
7420 1
4340 1
4340 0
5280 1
3242 0
7420 0
7793 1
7711 1
1437 1
1437 0
6148 0
7793 0
4703 0
3177 1
4668 0
3177 0
4297 1
2827 1
2577 1
4713 1
2577 0
2159 0
2827 0
7352 0
4850 1
7890 1
3231 1
7891 1
4297 0
4713 0
3232 1
7890 0
7891 0
7711 0
7706 1
5280 0
7366 1
4836 1
7706 0
4850 0
4846 1
335 0
3307 1
3232 0
6422 1
6421 1
6421 0
3231 0
3307 0
7366 0
5140 1
4836 0
6057 1
6400 1
6057 0
6422 0
6423 1
6400 0
4843 1
5140 0
5139 1
4102 1
4846 0
5139 0
4036 1
6423 0
102 1
4842 1
4843 0
4010 1
4036 0
3847 1
4842 0
3847 0
3848 1
102 0
443 1
4001 1
3848 0
4010 0
6566 1
4025 1
4001 0
4137 1
4645 1
4137 0
6228 1
6228 0
443 0
5126 1
7524 1
7524 0
1692 1
4102 0
4645 0
6566 0
6261 1
4025 0
3782 1
6261 0
6262 1
4894 1
3782 0
5983 1
1692 0
384 1
5983 0
6262 0
5361 1
4894 0
5350 1
5125 1
5126 0
6694 1
5361 0
5350 0
5351 1
2970 1
5125 0
5351 0
3816 1
5419 1
3816 0
4878 1
2970 0
3917 1
3917 0
5115 1
1653 1
5419 0
1653 0
5737 1
5115 0
2868 1
384 0
4878 0
195 1
7130 1
5737 0
7129 1
7130 0
2868 0
1528 1
7129 0
7698 1
195 0
7778 1
4017 1
4016 1
7778 0
4936 1
6694 0
4017 0
7698 0
7699 1
4016 0
1577 1
7700 1
7699 0
3641 1
1577 0
4936 0
4935 1
7700 0
7731 1
7775 1
4935 0
1673 1
7731 0
1673 0
1672 1
7775 0
7776 1
1672 0
6038 1
7776 0
7767 1
7767 0
7777 1
6038 0
7777 0
3641 0
4022 1
1528 0
1635 1
4021 1
4022 0
5429 1
1635 0
5349 1
4021 0
5284 1
5349 0
5432 1
5429 0
5284 0
5285 1
5432 0
3305 1
369 1
5285 0
3305 0
4069 1
7689 1
369 0
7690 1
7689 0
4069 0
3613 1
1567 1
7690 0
1567 0
5767 1
4331 1
3613 0
5767 0
611 1
611 0
6530 1
6530 0
2043 1
4331 0
6356 1
6356 0
7299 1
3528 1
7299 0
2043 0
2584 1
4146 1
3528 0
4146 0
4145 1
1053 1
2584 0
365 1
1053 0
365 0
7373 1
4145 0
1212 1
1212 0
3547 1
1516 1
7373 0
3547 0
3574 1
3574 0
247 1
1516 0
1502 1
7756 1
247 0
307 1
1502 0
7755 1
7756 0
3555 1
7755 0
306 1
307 0
3554 1
3555 0
306 0
1067 1
2551 1
1067 0
6682 1
3554 0
7902 1
6682 0
2551 0
105 1
7533 1
105 0
3557 1
7902 0
3557 0
3493 1
968 1
3493 0
1030 1
968 0
7533 0
7534 1
2027 1
7534 0
3539 1
5951 1
2027 0
997 1
1030 0
1029 1
1029 0
3539 0
7763 1
7763 0
5951 0
873 1
997 0
3220 1
873 0
3430 1
4152 1
3220 0
5207 1
3430 0
4152 0
4155 1
3415 1
4155 0
5207 0
3423 1
7753 1
3415 0
3424 1
3423 0
1741 1
3424 0
7754 1
7753 0
984 1
1741 0
7754 0
178 1
313 1
178 0
3461 1
313 0
983 1
984 0
983 0
5492 1
3460 1
3461 0
5492 0
3460 0
