6675 1
4230 1
415 1
2724 1
2724 0
2019 1
2019 0
6675 0
1769 1
415 0
4230 0
4231 1
1769 0
4219 1
4219 0
6466 1
5366 1
4231 0
6785 1
6466 0
5365 1
5366 0
6785 0
1675 1
6345 1
5365 0
1192 1
1675 0
6345 0
4774 1
4774 0
4157 1
1192 0
1193 1
4186 1
4157 0
4185 1
4186 0
6240 1
1193 0
4185 0
4181 1
6240 0
1358 1
1358 0
5425 1
5427 1
5425 0
4181 0
4288 1
5428 1
5427 0
2061 1
4288 0
5428 0
413 1
2061 0
4169 1
4255 1
412 1
413 0
412 0
4256 1
4257 1
4257 0
4255 0
4169 0
5569 1
6715 1
4256 0
741 1
5569 0
740 1
741 0
6715 0
6716 1
1819 1
740 0
7747 1
6716 0
1819 0
2262 1
6761 1
7817 1
2262 0
4249 1
4424 1
5992 1
4258 1
4258 0
4234 1
4234 0
7747 0
5992 0
6760 1
6761 0
4424 0
7819 1
7817 0
4249 0
7823 1
7819 0
6760 0
6759 1
7823 0
2398 1
6759 0
6474 1
6474 0
6473 1
6473 0
6472 1
2398 0
2384 1
6472 0
7607 1
7607 0
6288 1
1823 1
2384 0
4267 1
6288 0
1796 1
1823 0
7833 1
1796 0
4266 1
4267 0
651 1
7833 0
651 0
650 1
4266 0
650 0
