2019 1
2724 1
2724 0
2019 0
4224 1
7875 1
3693 1
7876 1
7875 0
7876 0
3693 0
2012 1
4225 1
4224 0
4219 1
6466 1
4219 0
2012 0
5733 1
5733 0
5736 1
6466 0
3171 1
4225 0
3171 0
6338 1
2116 1
6338 0
5736 0
5735 1
2117 1
2116 0
4208 1
5735 0
2117 0
6341 1
6343 1
6341 0
6486 1
4208 0
6786 1
6486 0
4775 1
6343 0
4286 1
4775 0
1123 1
6786 0
1124 1
1123 0
750 1
4286 0
4285 1
4284 1
4285 0
751 1
751 0
750 0
4174 1
4174 0
1124 0
7836 1
1357 1
7836 0
1357 0
4736 1
4284 0
4182 1
4736 0
4276 1
4204 1
4182 0
4280 1
4276 0
4280 0
4274 1
4169 1
4169 0
2061 1
2061 0
4203 1
4204 0
3442 1
4203 0
5426 1
4274 0
412 1
5426 0
412 0
4257 1
4254 1
4257 0
4170 1
3442 0
4301 1
4170 0
4254 0
7770 1
740 1
3160 1
3160 0
3159 1
2058 1
2018 1
2058 0
2018 0
4301 0
740 0
741 1
1302 1
5256 1
7771 1
7771 0
7770 0
6241 1
6241 0
4278 1
5256 0
1302 0
741 0
4278 0
2222 1
2223 1
2222 0
3159 0
4200 1
4200 0
2208 1
2223 0
2044 1
2044 0
4261 1
4261 0
4262 1
2392 1
3570 1
3570 0
2208 0
3569 1
2392 0
7834 1
2333 1
2333 0
7834 0
112 1
4262 0
1135 1
112 0
1271 1
3569 0
2391 1
1271 0
1135 0
6792 1
6793 1
6792 0
3344 1
2391 0
6793 0
4248 1
617 1
4248 0
3344 0
3345 1
6795 1
617 0
6795 0
1886 1
3345 0
2239 1
1560 1
1886 0
1559 1
1560 0
2239 0
2240 1
7615 1
1559 0
2437 1
2240 0
4199 1
7615 0
2437 0
2436 1
7887 1
7886 1
7886 0
7887 0
213 1
289 1
4199 0
289 0
213 0
2436 0
