3693 1
2702 1
2702 0
2701 1
4472 1
2701 0
3950 1
3693 0
2742 1
4472 0
3950 0
2416 1
4469 1
1848 1
4469 0
1848 0
2742 0
3458 1
2694 1
2416 0
3458 0
1263 1
3635 1
1263 0
2694 0
265 1
3807 1
265 0
1784 1
3635 0
3653 1
3807 0
1784 0
1783 1
1783 0
3636 1
3653 0
4895 1
3636 0
1811 1
2220 1
4895 0
1811 0
170 1
965 1
2220 0
1762 1
965 0
4645 1
1762 0
3219 1
4645 0
170 0
1145 1
3219 0
3551 1
3551 0
2486 1
2486 0
4670 1
1778 1
1145 0
3642 1
1778 0
3642 0
3451 1
1290 1
4670 0
1290 0
4387 1
3986 1
3451 0
3986 0
1850 1
5162 1
4835 1
5162 0
1820 1
854 1
2729 1
4835 0
1820 0
5124 1
2781 1
2781 0
4387 0
4219 1
4219 0
341 1
4831 1
854 0
4967 1
2729 0
5203 1
5124 0
4831 0
1423 1
5203 0
3387 1
4994 1
1372 1
4492 1
1372 0
4492 0
4967 0
1423 0
4968 1
4968 0
341 0
1675 1
1075 1
1675 0
590 1
3387 0
1928 1
1850 0
1928 0
1043 1
4742 1
1043 0
4994 0
5346 1
3991 1
4742 0
4129 1
590 0
1538 1
5346 0
3874 1
1819 1
3991 0
2288 1
1538 0
903 1
4129 0
2288 0
1075 0
1684 1
1684 0
1705 1
1705 0
1233 1
903 0
3004 1
3874 0
209 1
4143 1
1233 0
5395 1
3004 0
209 0
4143 0
1819 0
4135 1
4135 0
5365 1
5394 1
5395 0
5365 0
4237 1
4237 0
1816 1
3618 1
5181 1
5394 0
2338 1
4743 1
4743 0
5181 0
3618 0
2338 0
1816 0
5144 1
572 1
298 1
373 1
298 0
572 0
1141 1
5393 1
1141 0
677 1
1354 1
694 1
677 0
1354 0
1244 1
1244 0
373 0
971 1
2378 1
971 0
2378 0
951 1
5393 0
693 1
694 0
1041 1
1624 1
4493 1
951 0
1080 1
1381 1
1624 0
3263 1
1080 0
5386 1
1381 0
3263 0
1041 0
1626 1
1626 0
1625 1
5386 0
5385 1
4621 1
4493 0
5385 0
1803 1
4621 0
3379 1
189 1
5144 0
1625 0
393 1
4015 1
189 0
698 1
1241 1
4559 1
693 0
4559 0
698 0
4015 0
1018 1
393 0
1803 0
1184 1
4199 1
3379 0
4588 1
1184 0
3989 1
4199 0
1 1
1297 1
3989 0
395 1
5147 1
1636 1
1636 0
4542 1
1018 0
4542 0
395 0
1 0
1297 0
2328 1
1073 1
4588 0
1073 0
1602 1
608 1
608 0
3820 1
3820 0
1241 0
3533 1
1031 1
3533 0
1180 1
2328 0
1602 0
1558 1
5147 0
4333 1
1558 0
1557 1
4333 0
1868 1
1031 0
4409 1
1107 1
4409 0
1180 0
1944 1
4364 1
1868 0
1588 1
1557 0
1944 0
2030 1
652 1
2030 0
1589 1
1588 0
4364 0
2033 1
1570 1
1589 0
4408 1
1107 0
2033 0
984 1
4117 1
4408 0
1570 0
1573 1
2079 1
652 0
2306 1
984 0
1573 0
1556 1
4117 0
4115 1
2079 0
3996 1
2306 0
4006 1
1076 1
4115 0
3996 0
3995 1
1556 0
1604 1
4006 0
998 1
1544 1
1604 0
998 0
785 1
1934 1
1076 0
59 1
1544 0
4527 1
785 0
4527 0
4525 1
4525 0
458 1
1934 0
1932 1
3995 0
2028 1
2028 0
2006 1
4529 1
458 0
4530 1
4529 0
2006 0
3482 1
1932 0
88 1
4393 1
4530 0
5029 1
88 0
59 0
1587 1
2348 1
3482 0
5029 0
5402 1
4393 0
3559 1
3557 1
1587 0
1597 1
3557 0
2348 0
5498 1
4980 1
5498 0
5402 0
4548 1
3559 0
5315 1
4548 0
4549 1
4756 1
4549 0
1598 1
1597 0
4980 0
2403 1
5315 0
1814 1
3573 1
1814 0
1598 0
4401 1
3579 1
3573 0
4401 0
4400 1
4400 0
3560 1
2403 0
573 1
3568 1
3560 0
4756 0
3250 1
1045 1
3579 0
1045 0
1046 1
1046 0
5152 1
4398 1
3568 0
5017 1
5152 0
4399 1
4398 0
573 0
3056 1
4357 1
3250 0
4127 1
5017 0
4399 0
4127 0
4218 1
4357 0
5172 1
2317 1
2317 0
3056 0
5173 1
435 1
4218 0
435 0
2244 1
2239 1
2244 0
4816 1
3192 1
3192 0
4881 1
5172 0
4816 0
1993 1
1993 0
5173 0
4880 1
4881 0
2995 1
5323 1
2995 0
1906 1
2239 0
2248 1
3012 1
2248 0
101 1
101 0
3012 0
1537 1
5323 0
1537 0
4880 0
4882 1
4882 0
4698 1
3684 1
4698 0
2399 1
1906 0
2399 0
2997 1
2998 1
2997 0
320 1
2998 0
3676 1
3684 0
1594 1
1594 0
445 1
3000 1
3000 0
1593 1
4598 1
4598 0
2999 1
320 0
2999 0
5053 1
445 0
3676 0
3710 1
1593 0
3009 1
3711 1
3710 0
223 1
3009 0
3711 0
3553 1
4681 1
223 0
4681 0
3734 1
3734 0
3731 1
5053 0
3553 0
3701 1
5131 1
4568 1
5133 1
1887 1
1887 0
3731 0
2404 1
4391 1
5131 0
5133 0
1366 1
1366 0
1699 1
3702 1
3702 0
3701 0
4391 0
4568 0
1698 1
1699 0
1698 0
1254 1
4924 1
2404 0
241 1
4924 0
1253 1
1254 0
241 0
242 1
1253 0
242 0
