2871 1
2875 1
2874 1
2875 0
2737 1
2878 1
2878 0
2818 1
2818 0
2871 0
2737 0
1798 1
2874 0
2868 1
1798 0
2718 1
2868 0
2820 1
2719 1
2718 0
2820 0
4209 1
2719 0
2865 1
2865 0
3084 1
2901 1
4209 0
3084 0
2813 1
2901 0
4539 1
2813 0
4124 1
2907 1
4124 0
2907 0
995 1
2807 1
4539 0
2807 0
3782 1
5033 1
995 0
3782 0
2310 1
355 1
5033 0
2915 1
355 0
2918 1
2310 0
2918 0
2930 1
2915 0
2880 1
2880 0
2936 1
2316 1
347 1
2930 0
2314 1
2803 1
2803 0
2316 0
347 0
2936 0
2932 1
2932 0
2910 1
2314 0
2910 0
5349 1
1489 1
2089 1
1489 0
5350 1
5350 0
2352 1
2352 0
4510 1
5349 0
4632 1
4632 0
2083 1
2089 0
826 1
5341 1
826 0
2083 0
5340 1
5341 0
4512 1
4510 0
4243 1
2539 1
4839 1
2539 0
2272 1
2272 0
5340 0
1938 1
4243 0
3848 1
3848 0
1938 0
4511 1
4512 0
4839 0
5417 1
3170 1
4511 0
1846 1
4350 1
1846 0
1845 1
1845 0
3170 0
1935 1
5417 0
4350 0
3835 1
798 1
1935 0
3835 0
3834 1
829 1
3834 0
907 1
829 0
4403 1
624 1
1047 1
2786 1
2786 0
2839 1
3814 1
718 1
907 0
824 1
718 0
624 0
4272 1
4403 0
4500 1
3814 0
2752 1
2752 0
2175 1
1047 0
4272 0
790 1
2262 1
2261 1
798 0
2262 0
1755 1
723 1
723 0
824 0
4178 1
2839 0
4491 1
1755 0
4500 0
790 0
4491 0
5439 1
260 1
5439 0
3444 1
4178 0
2175 0
2174 1
936 1
3444 0
260 0
4292 1
2261 0
2911 1
2174 0
1996 1
936 0
874 1
3751 1
4292 0
3838 1
874 0
1996 0
4606 1
394 1
2911 0
3751 0
4327 1
3838 0
468 1
1092 1
4327 0
4049 1
1092 0
4979 1
4606 0
468 0
1336 1
4049 0
823 1
2802 1
394 0
4979 0
3823 1
891 1
823 0
2036 1
891 0
800 1
2802 0
665 1
4956 1
3823 0
1336 0
3639 1
3639 0
2980 1
800 0
257 1
257 0
665 0
159 1
4312 1
2036 0
158 1
159 0
4312 0
832 1
2974 1
2980 0
1181 1
4956 0
158 0
2977 1
1322 1
2974 0
832 0
4311 1
1181 0
5380 1
5379 1
5380 0
3896 1
1322 0
1222 1
4570 1
4570 0
470 1
470 0
2976 1
2977 0
575 1
2976 0
1224 1
3896 0
5379 0
1386 1
2987 1
1224 0
2987 0
2972 1
514 1
1830 1
1830 0
1222 0
2972 0
2971 1
514 0
575 0
2971 0
686 1
686 0
5198 1
4311 0
1386 0
1385 1
1385 0
2126 1
5198 0
4902 1
2126 0
4321 1
4903 1
4902 0
4321 0
3513 1
3513 0
4040 1
4903 0
4035 1
4040 0
4318 1
788 1
4035 0
788 0
4318 0
