1912 1
2715 1
7257 1
7258 1
2715 0
7258 0
7257 0
2104 1
1912 0
572 1
4293 1
2104 0
4293 0
2691 1
572 0
573 1
5132 1
2691 0
573 0
2082 1
5131 1
5132 0
1477 1
2082 0
6358 1
5131 0
1477 0
6051 1
5128 1
6358 0
5128 0
609 1
6015 1
609 0
6051 0
6050 1
2650 1
6050 0
6015 0
6016 1
2650 0
2649 1
2649 0
4046 1
561 1
6016 0
1321 1
561 0
1311 1
1321 0
5845 1
4046 0
1311 0
800 1
5845 0
4093 1
800 0
6028 1
6551 1
4093 0
6551 0
124 1
6028 0
6048 1
124 0
1848 1
6048 0
2093 1
2093 0
1947 1
1848 0
4270 1
4270 0
2434 1
2433 1
2434 0
1969 1
1947 0
810 1
2433 0
810 0
1907 1
1907 0
4795 1
332 1
1969 0
332 0
6652 1
675 1
4795 0
5556 1
5556 0
1654 1
832 1
832 0
1654 0
1655 1
675 0
1731 1
1731 0
6652 0
1909 1
1655 0
1557 1
554 1
1909 0
554 0
2111 1
2111 0
6923 1
1557 0
1934 1
6923 0
6924 1
417 1
1934 0
6924 0
1870 1
417 0
3429 1
3429 0
458 1
1871 1
1858 1
1858 0
1870 0
1871 0
3328 1
5086 1
1378 1
1378 0
5086 0
1995 1
458 0
282 1
3328 0
1994 1
1995 0
2001 1
1994 0
568 1
282 0
1973 1
1973 0
1996 1
1997 1
2000 1
2000 0
2001 0
568 0
424 1
424 0
1535 1
1996 0
1879 1
1862 1
5314 1
1862 0
1997 0
5315 1
5315 0
1879 0
3625 1
5314 0
871 1
157 1
3625 0
5066 1
1535 0
1939 1
1939 0
3636 1
5066 0
157 0
871 0
1119 1
1988 1
1119 0
1988 0
7006 1
1936 1
3636 0
7007 1
7006 0
1936 0
3586 1
3585 1
3586 0
4473 1
7007 0
2199 1
3585 0
4473 0
6056 1
6056 0
2088 1
355 1
2199 0
355 0
356 1
2088 0
303 1
356 0
3637 1
303 0
304 1
3631 1
3637 0
4840 1
2846 1
304 0
2846 0
4839 1
4840 0
167 1
4839 0
5312 1
5313 1
5313 0
167 0
6223 1
3632 1
3632 0
3631 0
6223 0
5312 0
3596 1
1353 1
1353 0
3596 0
