2164 1
1900 1
2164 0
1558 1
1900 0
1874 1
2097 1
1558 0
6480 1
2097 0
6082 1
6480 0
6481 1
6481 0
6712 1
1964 1
1874 0
1965 1
1964 0
6113 1
6113 0
6065 1
6065 0
6082 0
6711 1
6712 0
1965 0
2826 1
6711 0
2065 1
6957 1
2065 0
946 1
6955 1
6956 1
2826 0
6955 0
6957 0
6969 1
6969 0
946 0
6592 1
6111 1
6956 0
1702 1
6592 0
6101 1
6111 0
1702 0
1966 1
6653 1
6101 0
2896 1
6653 0
1967 1
2015 1
1967 0
2015 0
1517 1
1860 1
1861 1
1966 0
1860 0
1517 0
2896 0
1484 1
6105 1
1484 0
858 1
1861 0
858 0
7716 1
6017 1
6105 0
7716 0
1960 1
7270 1
6017 0
1960 0
1926 1
1418 1
7270 0
1926 0
7014 1
1417 1
1418 0
7014 0
7013 1
1248 1
1248 0
1417 0
570 1
570 0
7033 1
7664 1
7664 0
7016 1
7013 0
1267 1
7016 0
7033 0
1890 1
1918 1
1890 0
1267 0
1603 1
1603 0
1604 1
1917 1
1918 0
1867 1
1604 0
1917 0
7017 1
1866 1
1867 0
7017 0
1866 0
