2478 1
5471 1
4541 1
4541 0
5493 1
961 1
2192 1
5493 0
5471 0
2572 1
2572 0
2478 0
3036 1
2192 0
3036 0
340 1
5438 1
961 0
340 0
3035 1
5438 0
5125 1
4008 1
5125 0
3035 0
3034 1
3034 0
3033 1
4230 1
4008 0
3033 0
4886 1
4230 0
5358 1
174 1
1871 1
3816 1
3817 1
3817 0
2678 1
2678 0
174 0
1775 1
967 1
1775 0
2517 1
2656 1
2656 0
1871 0
2517 0
3862 1
138 1
4886 0
4867 1
3778 1
4867 0
138 0
137 1
3778 0
2707 1
2241 1
137 0
3792 1
4338 1
4338 0
3816 0
3793 1
3793 0
2707 0
967 0
3862 0
2573 1
2578 1
2573 0
2623 1
5358 0
2578 0
719 1
2241 0
3903 1
2732 1
3792 0
2732 0
4378 1
2623 0
2512 1
3903 0
1645 1
719 0
353 1
4007 1
1645 0
4378 0
4377 1
5441 1
2512 0
353 0
2265 1
5441 0
390 1
2265 0
4718 1
390 0
389 1
389 0
3897 1
3897 0
5266 1
5266 0
4718 0
4781 1
4377 0
5390 1
5390 0
4436 1
4436 0
4007 0
5411 1
4781 0
15 1
977 1
2071 1
4590 1
977 0
2071 0
4590 0
1205 1
15 0
4793 1
1205 0
1734 1
5411 0
4792 1
4793 0
1734 0
2609 1
3592 1
4792 0
2609 0
5274 1
5274 0
3670 1
3485 1
3592 0
364 1
3670 0
3485 0
868 1
5458 1
364 0
5458 0
5459 1
5023 1
868 0
1136 1
5459 0
709 1
5023 0
3285 1
2493 1
3285 0
415 1
2493 0
2606 1
2599 1
2598 1
1136 0
2599 0
2606 0
415 0
709 0
4108 1
5090 1
4108 0
770 1
2598 0
5090 0
4438 1
770 0
771 1
4438 0
5075 1
1355 1
771 0
5038 1
4635 1
4635 0
3233 1
4634 1
4634 0
1355 0
532 1
3233 0
5496 1
5038 0
4651 1
5075 0
5496 0
4651 0
2290 1
2290 0
5009 1
2566 1
5009 0
2566 0
4754 1
532 0
247 1
5363 1
4754 0
247 0
629 1
5363 0
4264 1
4264 0
4265 1
2042 1
5319 1
612 1
2042 0
5320 1
5319 0
629 0
637 1
617 1
5320 0
5230 1
612 0
5230 0
2070 1
617 0
4572 1
4572 0
348 1
1402 1
4265 0
348 0
700 1
2069 1
2070 0
3124 1
637 0
3043 1
2069 0
295 1
3043 0
700 0
987 1
295 0
2965 1
3140 1
3124 0
987 0
1435 1
3139 1
3140 0
1435 0
619 1
3148 1
619 0
3148 0
3147 1
2472 1
2965 0
3147 0
3139 0
3030 1
1402 0
4826 1
3030 0
2472 0
3248 1
3248 0
5184 1
4826 0
4883 1
5184 0
5285 1
4883 0
3884 1
5286 1
5285 0
5287 1
5286 0
3181 1
5287 0
647 1
3181 0
647 0
2040 1
2040 0
1924 1
534 1
3884 0
534 0
317 1
2964 1
4884 1
4796 1
4241 1
4941 1
4241 0
1924 0
245 1
245 0
4796 0
4884 0
2964 0
4941 0
1513 1
1499 1
305 1
1513 0
1499 0
3261 1
1428 1
1428 0
526 1
526 0
317 0
4186 1
1063 1
3261 0
1063 0
666 1
305 0
666 0
667 1
4362 1
667 0
243 1
4362 0
243 0
2199 1
4186 0
4763 1
2008 1
2199 0
2008 0
4181 1
3337 1
4763 0
4181 0
232 1
3951 1
3337 0
232 0
2487 1
3951 0
4764 1
2488 1
2487 0
4764 0
5081 1
1965 1
2488 0
2459 1
1965 0
5081 0
3891 1
3891 0
943 1
3918 1
943 0
5463 1
2459 0
4998 1
3918 0
4998 0
4081 1
5463 0
4148 1
4081 0
481 1
4148 0
4776 1
4175 1
481 0
2761 1
4175 0
2760 1
2761 0
4367 1
2760 0
4367 0
4369 1
4158 1
4776 0
3922 1
4369 0
4158 0
2182 1
4154 1
2182 0
3919 1
3922 0
1284 1
3919 0
4154 0
4046 1
4046 0
4052 1
5362 1
4052 0
496 1
1284 0
4365 1
496 0
4365 0
5078 1
3425 1
5362 0
4251 1
5078 0
5361 1
3425 0
3434 1
5361 0
2460 1
1960 1
1960 0
3839 1
3839 0
4251 0
4075 1
2460 0
4076 1
4075 0
3435 1
3429 1
3429 0
1409 1
1409 0
3434 0
2367 1
3422 1
3422 0
3435 0
4076 0
4024 1
63 1
5041 1
5041 0
4656 1
210 1
4656 0
4024 0
63 0
5327 1
2366 1
2367 0
5327 0
2741 1
2366 0
58 1
210 0
27 1
58 0
4728 1
4728 0
4787 1
2741 0
4787 0
4080 1
4361 1
2379 1
2379 0
4668 1
4361 0
27 0
2469 1
2469 0
65 1
3677 1
3677 0
3759 1
3094 1
4668 0
706 1
4070 1
2393 1
4070 0
4080 0
706 0
3759 0
3094 0
65 0
66 1
66 0
4844 1
200 1
4844 0
2376 1
2393 0
3942 1
2376 0
200 0
2243 1
264 1
2243 0
3942 0
3939 1
264 0
156 1
156 0
20 1
20 0
24 1
4359 1
4359 0
3946 1
202 1
3939 0
3940 1
3940 0
3946 0
24 0
202 0
