2422 1
4329 1
2422 0
4332 1
4329 0
3407 1
3407 0
3406 1
3886 1
4332 0
4986 1
3886 0
2522 1
3406 0
4988 1
1812 1
2522 0
4191 1
2190 1
4986 0
2190 0
2438 1
4191 0
4988 0
2677 1
1812 0
2677 0
1889 1
2438 0
4983 1
4983 0
3031 1
4010 1
4908 1
1444 1
2643 1
4908 0
2643 0
4010 0
3341 1
2571 1
1444 0
2571 0
2763 1
3342 1
3341 0
3466 1
3031 0
5436 1
3342 0
2763 0
2756 1
2454 1
3466 0
2415 1
2415 0
2520 1
2044 1
1889 0
4160 1
2044 0
4160 0
3854 1
960 1
2756 0
5436 0
4604 1
2519 1
2520 0
2453 1
2454 0
4604 0
2635 1
332 1
2634 1
2635 0
2437 1
3854 0
2437 0
1754 1
1754 0
3044 1
332 0
2519 0
3580 1
960 0
2634 0
2518 1
3044 0
2518 0
2453 0
2445 1
2445 0
4544 1
1873 1
3580 0
17 1
1873 0
4544 0
2568 1
1634 1
2568 0
1634 0
1635 1
17 0
2866 1
2078 1
1635 0
2866 0
2730 1
2730 0
68 1
2078 0
3115 1
4291 1
68 0
1640 1
3115 0
1640 0
2607 1
4291 0
4449 1
2607 0
1150 1
4091 1
4449 0
4091 0
2776 1
1150 0
2502 1
2502 0
2491 1
1130 1
2685 1
2685 0
1130 0
4889 1
3419 1
3419 0
2776 0
4889 0
696 1
1494 1
2491 0
3421 1
1494 0
862 1
696 0
895 1
3421 0
862 0
5010 1
4120 1
895 0
2490 1
2494 1
2494 0
4120 0
106 1
2490 0
262 1
5010 0
3289 1
262 0
106 0
3892 1
3289 0
2293 1
5012 1
3892 0
310 1
5012 0
1057 1
683 1
1057 0
3761 1
2293 0
1533 1
3761 0
683 0
2743 1
2743 0
310 0
3318 1
365 1
2101 1
2503 1
3123 1
3123 0
365 0
1759 1
2101 0
5294 1
1759 0
2503 0
615 1
5462 1
615 0
5294 0
3378 1
29 1
5462 0
3373 1
3378 0
29 0
3120 1
3317 1
3318 0
3179 1
3317 0
351 1
3120 0
579 1
1533 0
3129 1
3179 0
711 1
3129 0
1642 1
3373 0
1642 0
3028 1
711 0
3178 1
351 0
611 1
167 1
579 0
611 0
3108 1
3028 0
3372 1
162 1
3108 0
3107 1
3109 1
162 0
3107 0
3178 0
3109 0
2450 1
3372 0
167 0
4037 1
2450 0
2011 1
3296 1
4037 0
4395 1
3296 0
3262 1
4395 0
3262 0
735 1
2076 1
2686 1
563 1
2196 1
2196 0
2011 0
2076 0
2686 0
563 0
3981 1
735 0
734 1
3981 0
3271 1
734 0
1497 1
3271 0
876 1
1498 1
1497 0
876 0
2092 1
2092 0
1967 1
3293 1
1498 0
1967 0
3654 1
948 1
3293 0
2095 1
3654 0
2235 1
2095 0
2236 1
2235 0
1272 1
948 0
1952 1
2236 0
3278 1
1272 0
1951 1
1952 0
1975 1
1951 0
3278 0
3290 1
1975 0
1981 1
3290 0
3319 1
3319 0
356 1
2085 1
1981 0
4211 1
356 0
4211 0
2883 1
2883 0
5416 1
4078 1
2085 0
1897 1
4078 0
5416 0
4766 1
929 1
4766 0
2321 1
929 0
3954 1
1897 0
2321 0
1000 1
369 1
3954 0
1000 0
5177 1
889 1
5177 0
889 0
1120 1
4146 1
369 0
1859 1
1120 0
1859 0
1921 1
1941 1
4146 0
1921 0
3741 1
3742 1
3741 0
1941 0
4155 1
2094 1
3742 0
2094 0
641 1
4155 0
4153 1
641 0
439 1
4153 0
4152 1
4152 0
5232 1
439 0
957 1
437 1
957 0
1549 1
5232 0
4660 1
437 0
1549 0
5234 1
4659 1
4660 0
3245 1
5234 0
4641 1
4659 0
4026 1
4641 0
3245 0
4873 1
4026 0
4845 1
4874 1
4873 0
4845 0
4071 1
4071 0
4077 1
3720 1
4874 0
3391 1
4077 0
2246 1
3720 0
2246 0
2093 1
3850 1
2093 0
3391 0
633 1
973 1
3850 0
634 1
633 0
4361 1
973 0
2379 1
4361 0
634 0
485 1
2379 0
293 1
485 0
398 1
4825 1
293 0
4825 0
4824 1
4824 0
2238 1
398 0
3749 1
2238 0
4996 1
3749 0
3408 1
3397 1
3408 0
1190 1
4996 0
1190 0
3727 1
3727 0
5044 1
5260 1
5044 0
3397 0
1882 1
4531 1
1882 0
3791 1
5260 0
4531 0
220 1
1927 1
3791 0
2970 1
220 0
2970 0
208 1
1926 1
208 0
1628 1
1927 0
1628 0
4294 1
4294 0
1926 0
