2283 1
3765 1
3766 1
3765 0
4457 1
2283 0
3766 0
2689 1
4457 0
5469 1
2689 0
2552 1
2552 0
4439 1
4474 1
5469 0
5353 1
4439 0
3904 1
5353 0
3904 0
2675 1
2675 0
1177 1
4468 1
4474 0
4468 0
4374 1
1177 0
3934 1
4374 0
4171 1
334 1
3934 0
4171 0
5153 1
334 0
2280 1
5153 0
3825 1
2280 0
1147 1
1147 0
2661 1
3825 0
3824 1
2661 0
2660 1
3790 1
3824 0
2660 0
2649 1
4823 1
2649 0
4823 0
3393 1
296 1
3790 0
3552 1
3393 0
5215 1
3552 0
5215 0
1399 1
296 0
5058 1
2647 1
1399 0
1225 1
5058 0
2647 0
1173 1
1173 0
153 1
1225 0
3624 1
153 0
3997 1
2958 1
3997 0
5228 1
3624 0
5329 1
2958 0
4799 1
303 1
2470 1
3855 1
303 0
2470 0
756 1
4799 0
3855 0
3755 1
5228 0
5229 1
5229 0
2312 1
3755 0
3078 1
5445 1
5329 0
3078 0
1375 1
519 1
1375 0
2312 0
2313 1
756 0
1797 1
4286 1
1797 0
5445 0
3803 1
4286 0
2431 1
1458 1
519 0
2313 0
3726 1
1394 1
2431 0
3724 1
1394 0
2427 1
3726 0
2287 1
2427 0
2287 0
3724 0
3060 1
3803 0
4861 1
3060 0
1956 1
1458 0
1956 0
1627 1
4861 0
4109 1
1627 0
4339 1
2939 1
4109 0
4339 0
3963 1
4612 1
3963 0
4612 0
143 1
5157 1
2939 0
5157 0
3058 1
5444 1
143 0
3058 0
3231 1
1239 1
5444 0
3231 0
3065 1
1239 0
2482 1
5239 1
2482 0
3065 0
443 1
2508 1
443 0
2508 0
939 1
1929 1
4480 1
3247 1
5239 0
4481 1
1651 1
1651 0
3247 0
3617 1
1929 0
3617 0
4480 0
2948 1
939 0
3449 1
4481 0
566 1
2948 0
3449 0
3448 1
566 0
1460 1
3448 0
1652 1
1460 0
962 1
4353 1
1652 0
4353 0
1930 1
4033 1
2670 1
2670 0
1528 1
4033 0
3122 1
5437 1
1528 0
4605 1
5437 0
958 1
3122 0
1930 0
3305 1
4605 0
4177 1
3773 1
958 0
962 0
3081 1
4177 0
1748 1
3773 0
4288 1
3306 1
3305 0
1748 0
453 1
168 1
4288 0
4176 1
453 0
3306 0
2642 1
168 0
4325 1
4575 1
4325 0
5352 1
4176 0
2018 1
5352 0
3081 0
1115 1
2015 1
2018 0
2642 0
4343 1
273 1
2015 0
4343 0
742 1
1463 1
1115 0
186 1
4575 0
742 0
1195 1
274 1
273 0
186 0
1193 1
1463 0
3990 1
3395 1
274 0
1193 0
3090 1
1113 1
3082 1
3082 0
3085 1
3085 0
3088 1
3088 0
3990 0
1112 1
1113 0
3090 0
3096 1
1112 0
3096 0
3395 0
3071 1
553 1
1195 0
3071 0
1012 1
3255 1
553 0
1012 0
5122 1
3255 0
1773 1
1772 1
1773 0
5168 1
1772 0
5122 0
281 1
281 0
4706 1
2551 1
4706 0
2551 0
1974 1
5168 0
1617 1
144 1
1617 0
144 0
1621 1
1974 0
1977 1
1621 0
1623 1
1977 0
411 1
2260 1
1623 0
422 1
411 0
5503 1
422 0
1870 1
2260 0
5503 0
1983 1
1983 0
1982 1
1541 1
1733 1
1541 0
4896 1
521 1
2065 1
2065 0
4896 0
1033 1
521 0
2110 1
3590 1
2110 0
4922 1
4923 1
1033 0
4923 0
4922 0
299 1
3590 0
299 0
3719 1
3719 0
4981 1
4094 1
4981 0
224 1
4094 0
1131 1
224 0
1912 1
1854 1
5384 1
1733 0
5384 0
1912 0
1131 0
3321 1
1985 1
1982 0
1870 0
3327 1
177 1
3321 0
1854 0
181 1
177 0
3920 1
1985 0
4936 1
3920 0
3388 1
1860 1
181 0
2449 1
3388 0
4366 1
3327 0
4140 1
1860 0
4936 0
5165 1
5164 1
5165 0
4140 0
2228 1
5164 0
1970 1
3602 1
4366 0
2228 0
4139 1
3582 1
3602 0
2224 1
1186 1
3564 1
1186 0
3564 0
3812 1
3812 0
2449 0
2448 1
3589 1
2448 0
3589 0
1970 0
90 1
4139 0
384 1
4954 1
2224 0
3604 1
3582 0
384 0
381 1
4954 0
4953 1
90 0
1964 1
4379 1
3604 0
4072 1
4953 0
4229 1
4379 0
440 1
381 0
4233 1
1964 0
5237 1
4901 1
4233 0
182 1
4072 0
4229 0
3606 1
3606 0
3607 1
43 1
182 0
1044 1
3607 0
43 0
1044 0
440 0
3585 1
4370 1
3585 0
3196 1
3184 1
4942 1
4942 0
4901 0
1747 1
4943 1
4943 0
3196 0
5237 0
3184 0
4370 0
812 1
812 0
884 1
1242 1
884 0
3584 1
1242 0
1747 0
3718 1
4678 1
3584 0
4678 0
3238 1
3717 1
3718 0
3238 0
2329 1
3717 0
3683 1
1514 1
3683 0
3405 1
2329 0
165 1
3405 0
1301 1
3671 1
1514 0
292 1
3671 0
3716 1
3699 1
165 0
3716 0
4955 1
3699 0
4955 0
1301 0
3402 1
3402 0
3403 1
1790 1
3403 0
1790 0
3398 1
3398 0
5284 1
5284 0
5282 1
5283 1
5282 0
292 0
207 1
761 1
4840 1
2757 1
4394 1
1900 1
1900 0
4840 0
4280 1
4280 0
3598 1
2757 0
5283 0
5249 1
5249 0
1869 1
5314 1
2331 1
761 0
5314 0
5034 1
5034 0
4394 0
5035 1
5035 0
1869 0
2331 0
3598 0
2664 1
3668 1
2664 0
3668 0
282 1
207 0
4079 1
4952 1
282 0
3685 1
4952 0
4079 0
5107 1
129 1
3685 0
2380 1
5107 0
2380 0
2381 1
4188 1
129 0
2382 1
2381 0
4188 0
2358 1
2358 0
2359 1
2382 0
3117 1
2359 0
3667 1
3667 0
3117 0
