2903 1
2902 1
2719 1
2903 0
2902 0
4581 1
4581 0
525 1
2308 1
525 0
2865 1
2719 0
2870 1
2865 0
2308 0
2309 1
4124 1
2870 0
2907 1
4124 0
2309 0
2808 1
2808 0
2807 1
2807 0
3782 1
5033 1
355 1
995 1
5033 0
4866 1
4866 0
2928 1
1917 1
1917 0
2907 0
995 0
3782 0
2315 1
355 0
2912 1
2928 0
2806 1
2929 1
2311 1
2311 0
2315 0
2806 0
2927 1
2931 1
2912 0
2927 0
2931 0
2929 0
5060 1
5096 1
5060 0
2539 1
5096 0
1885 1
2539 0
2272 1
1885 0
1890 1
2352 1
5350 1
5350 0
1890 0
2272 0
1935 1
2684 1
5206 1
5206 0
5369 1
5369 0
2684 0
5417 1
4839 1
5348 1
2352 0
4839 0
5417 0
820 1
1845 1
62 1
61 1
62 0
5348 0
1845 0
1846 1
1846 0
820 0
1935 0
798 1
825 1
61 0
798 0
2262 1
4611 1
825 0
3444 1
4611 0
2911 1
3444 0
936 1
1003 1
1003 0
1319 1
2264 1
2264 0
1319 0
4518 1
2262 0
2261 1
2261 0
2911 0
5427 1
936 0
5303 1
3999 1
3999 0
845 1
845 0
5180 1
260 1
5180 0
736 1
5303 0
2232 1
736 0
4292 1
260 0
2232 0
1996 1
4292 0
4751 1
721 1
4518 0
3639 1
1336 1
468 1
4606 1
1996 0
5427 0
5347 1
2774 1
2774 0
1336 0
468 0
4751 0
3049 1
4606 0
4979 1
3639 0
3049 0
1417 1
1416 1
1417 0
2059 1
4979 0
665 1
721 0
5196 1
1416 0
665 0
159 1
159 0
158 1
1181 1
2059 0
5347 0
5335 1
2511 1
5335 0
614 1
5196 0
158 0
2977 1
614 0
107 1
2977 0
2976 1
1181 0
5380 1
796 1
2511 0
796 0
2991 1
2991 0
2986 1
2976 0
575 1
686 1
575 0
2987 1
2986 0
2987 0
2972 1
107 0
4308 1
5379 1
141 1
1471 1
1471 0
5028 1
5028 0
5380 0
2972 0
2971 1
2971 0
686 0
4308 0
2237 1
5379 0
2237 0
4315 1
4319 1
141 0
4315 0
4316 1
4320 1
4319 0
4320 0
4039 1
4316 0
4039 0
