4417 1
1749 1
1749 0
5156 1
4417 0
4414 1
4414 0
1140 1
4240 1
1140 0
2513 1
5156 0
2426 1
2691 1
2426 0
2513 0
4247 1
4247 0
5194 1
5194 0
2692 1
4240 0
1534 1
2691 0
3978 1
1534 0
2692 0
2693 1
2872 1
3978 0
2693 0
5031 1
945 1
2872 0
945 0
1572 1
2703 1
5031 0
2703 0
2731 1
1572 0
896 1
2731 0
4206 1
2735 1
896 0
3452 1
4206 0
5080 1
2735 0
3452 0
2410 1
5321 1
2410 0
5214 1
5080 0
5321 0
3326 1
5214 0
2914 1
11 1
3326 0
3347 1
2914 0
2864 1
3347 0
2559 1
11 0
2565 1
2565 0
5191 1
2916 1
2864 0
2889 1
2559 0
4271 1
5245 1
4809 1
5245 0
4271 0
4813 1
2889 0
1743 1
4809 0
4813 0
2892 1
2838 1
2916 0
3264 1
1743 0
2892 0
5474 1
3264 0
4822 1
5474 0
5475 1
267 1
4822 0
2890 1
5191 0
2289 1
2890 0
2202 1
5475 0
2895 1
2838 0
2556 1
2289 0
2895 0
2924 1
4662 1
2202 0
4812 1
2724 1
267 0
2724 0
4735 1
4735 0
4736 1
4812 0
2772 1
2924 0
4662 0
3889 1
2896 1
2772 0
1129 1
4736 0
2951 1
2556 0
5339 1
1129 0
2548 1
2951 0
2896 0
1595 1
1525 1
2548 0
592 1
5339 0
1596 1
1595 0
1596 0
193 1
592 0
4328 1
4957 1
4328 0
193 0
4957 0
1525 0
3471 1
3889 0
1464 1
3471 0
4775 1
1464 0
1512 1
1512 0
2945 1
4899 1
4775 0
115 1
2945 0
3750 1
4899 0
2544 1
115 0
2544 0
3750 0
1671 1
547 1
363 1
1511 1
547 0
363 0
1672 1
1671 0
1511 0
4666 1
5155 1
1672 0
130 1
4666 0
4508 1
130 0
1403 1
1456 1
1456 0
1398 1
5155 0
4920 1
4508 0
541 1
1403 0
4920 0
1437 1
541 0
1431 1
1437 0
1451 1
1398 0
386 1
1431 0
2827 1
386 0
2057 1
2827 0
1451 0
4187 1
731 1
4785 1
727 1
731 0
4785 0
4784 1
966 1
727 0
966 0
494 1
4784 0
5480 1
5480 0
3622 1
763 1
494 0
2057 0
538 1
2162 1
4187 0
4907 1
4907 0
76 1
5120 1
5120 0
2475 1
2475 0
3622 0
4435 1
1210 1
763 0
76 0
5110 1
538 0
1210 0
4753 1
1295 1
2162 0
4435 0
1473 1
4753 0
3202 1
5076 1
5110 0
1473 0
5332 1
4877 1
5332 0
5076 0
5077 1
840 1
1295 0
4876 1
4877 0
5268 1
3202 0
3587 1
840 0
5077 0
5109 1
3587 0
3386 1
5109 0
2266 1
3386 0
717 1
2051 1
4876 0
2266 0
3572 1
5268 0
5271 1
5211 1
717 0
3570 1
3572 0
5192 1
5271 0
4103 1
2051 0
5211 0
1294 1
3570 0
3914 1
2830 1
676 1
2830 0
378 1
676 0
378 0
4891 1
4103 0
5334 1
1294 0
3914 0
1008 1
2651 1
5334 0
4891 0
414 1
3104 1
1289 1
759 1
759 0
3385 1
1289 0
3385 0
5192 0
3735 1
4644 1
3104 0
4644 0
923 1
2651 0
5022 1
414 0
923 0
4130 1
3735 0
3736 1
775 1
4130 0
2041 1
5022 0
3736 0
1088 1
4011 1
2041 0
775 0
776 1
776 0
781 1
768 1
781 0
921 1
768 0
921 0
915 1
4306 1
1088 0
2024 1
4011 0
915 0
916 1
4306 0
4302 1
1084 1
97 1
916 0
97 0
51 1
3805 1
1084 0
3805 0
50 1
928 1
1008 0
2024 0
2114 1
5252 1
50 0
2740 1
346 1
346 0
51 0
767 1
767 0
5252 0
3022 1
3022 0
23 1
4302 0
904 1
2114 0
2740 0
1318 1
928 0
4738 1
2257 1
23 0
3021 1
1318 0
3021 0
1325 1
904 0
1517 1
1325 0
2994 1
4702 1
4738 0
2257 0
2163 1
2994 0
3027 1
2163 0
917 1
2098 1
1517 0
1961 1
5169 1
2098 0
5169 0
4702 0
2200 1
917 0
695 1
4305 1
695 0
3027 0
782 1
782 0
3833 1
4305 0
25 1
2025 1
2200 0
3833 0
313 1
2025 0
5289 1
4034 1
25 0
5289 0
5288 1
4707 1
1961 0
994 1
313 0
4029 1
4034 0
5288 0
4104 1
3540 1
994 0
2461 1
4104 0
4520 1
3540 0
1277 1
4520 0
2461 0
3952 1
4029 0
3228 1
1009 1
1277 0
444 1
3952 0
444 0
2157 1
1901 1
3228 0
1009 0
5367 1
5367 0
2157 0
5466 1
4707 0
1213 1
1901 0
2362 1
5466 0
2318 1
1213 0
2318 0
4036 1
894 1
4050 1
4050 0
878 1
878 0
4313 1
877 1
4313 0
894 0
802 1
818 1
802 0
4036 0
4030 1
4030 0
4031 1
34 1
4031 0
2726 1
4028 1
877 0
4028 0
34 0
2726 0
2142 1
3531 1
3503 1
2361 1
2361 0
2362 0
3503 0
2143 1
2142 0
2143 0
312 1
818 0
3507 1
3507 0
5501 1
789 1
789 0
312 0
3504 1
3531 0
5501 0
4650 1
2136 1
3504 0
2136 0
3532 1
806 1
2214 1
806 0
2214 0
5043 1
297 1
4650 0
297 0
3521 1
5043 0
3530 1
3532 0
3521 0
3515 1
3530 0
3529 1
3515 0
3514 1
3529 0
3514 0
