1282 1
641 1
641 0
5213 1
1282 0
1283 1
5212 1
5213 0
1491 1
5212 0
5686 1
1491 0
1283 0
1263 1
1263 0
637 1
5687 1
5686 0
637 0
638 1
1292 1
5687 0
672 1
638 0
672 0
1275 1
1292 0
1293 1
1275 0
1244 1
1293 0
874 1
1244 0
436 1
436 0
827 1
875 1
874 0
1246 1
827 0
875 0
5002 1
5003 1
5002 0
1246 0
1245 1
5287 1
5003 0
6687 1
1245 0
5286 1
5287 0
6688 1
6687 0
2749 1
6688 0
5286 0
762 1
5023 1
762 0
7168 1
2749 0
7168 0
7167 1
5023 0
2092 1
5019 1
2092 0
7167 0
4387 1
5019 0
848 1
3334 1
4387 0
4089 1
848 0
4089 0
3251 1
3251 0
1460 1
3334 0
3244 1
5465 1
3244 0
1241 1
5465 0
1241 0
3015 1
1461 1
1460 0
3015 0
5681 1
7596 1
1461 0
1954 1
5681 0
1310 1
7596 0
6170 1
6170 0
6268 1
5105 1
6060 1
5105 0
830 1
1954 0
830 0
6268 0
1310 0
6025 1
6025 0
7353 1
6060 0
6061 1
177 1
6022 1
2202 1
4710 1
176 1
177 0
6022 0
2202 0
4363 1
176 0
6662 1
4710 0
6862 1
6061 0
4362 1
4363 0
6661 1
6662 0
2198 1
4362 0
2198 0
2156 1
6661 0
6660 1
6166 1
7353 0
2156 0
330 1
2112 1
6660 0
329 1
330 0
2112 0
956 1
1551 1
956 0
5474 1
5829 1
7347 1
7347 0
5474 0
4942 1
4942 0
6862 0
7382 1
329 0
1312 1
145 1
1551 0
145 0
144 1
6099 1
1312 0
6166 0
1481 1
6099 0
3131 1
144 0
4631 1
4848 1
1313 1
1481 0
1081 1
4848 0
805 1
4631 0
1546 1
1546 0
5807 1
7382 0
4849 1
5807 0
5829 0
1081 0
4629 1
3131 0
1482 1
1313 0
4632 1
805 0
4626 1
4629 0
4633 1
4632 0
4626 0
3868 1
4633 0
7020 1
7791 1
7020 0
4030 1
4849 0
5723 1
3815 1
3815 0
3814 1
3814 0
4642 1
3868 0
5722 1
5723 0
7791 0
7790 1
5722 0
4006 1
4030 0
7790 0
7667 1
4642 0
4641 1
1549 1
1482 0
4000 1
7667 0
5721 1
4652 1
4652 0
4651 1
4641 0
7591 1
5721 0
4006 0
6044 1
4000 0
3847 1
3848 1
3847 0
1549 0
6087 1
3848 0
4879 1
7415 1
6263 1
6044 0
2337 1
2610 1
2610 0
4946 1
4651 0
6263 0
7591 0
6201 1
4879 0
6201 0
6203 1
6087 0
6088 1
5956 1
5978 1
4646 1
4646 0
4946 0
7415 0
5956 0
4002 1
2337 0
3696 1
6203 0
560 1
3696 0
1945 1
6088 0
5316 1
5978 0
255 1
4002 0
560 0
559 1
6919 1
559 0
7779 1
5316 0
3812 1
6919 0
5950 1
7779 0
5361 1
255 0
5361 0
6694 1
7774 1
5950 0
3812 0
5262 1
3733 1
7774 0
3733 0
999 1
3806 1
5262 0
4220 1
1945 0
3806 0
1023 1
999 0
1000 1
1023 0
3521 1
1000 0
7768 1
3520 1
3521 0
7768 0
3520 0
6694 0
3817 1
324 1
4220 0
3824 1
3817 0
4022 1
4021 1
912 1
3824 0
5354 1
912 0
7704 1
7704 0
4022 0
4021 0
5354 0
4976 1
324 0
5435 1
4976 0
7266 1
7375 1
5435 0
7266 0
6914 1
7375 0
7376 1
385 1
6914 0
6994 1
7376 0
386 1
385 0
386 0
7692 1
7692 0
2466 1
6994 0
4069 1
2466 0
7691 1
4069 0
3613 1
3613 0
4331 1
4331 0
1772 1
7691 0
3192 1
3192 0
5272 1
5272 0
611 1
3482 1
1772 0
611 0
6530 1
6530 0
2043 1
3482 0
7365 1
249 1
2043 0
7365 0
7364 1
596 1
596 0
7337 1
7364 0
7335 1
7685 1
249 0
3565 1
7336 1
910 1
3490 1
910 0
3564 1
7336 0
7337 0
3490 0
3579 1
3565 0
7113 1
7685 0
7335 0
3579 0
7372 1
7113 0
3564 0
3537 1
3540 1
3537 0
3203 1
7372 0
3540 0
3541 1
3203 0
3202 1
306 1
3202 0
1216 1
3541 0
1217 1
1216 0
1067 1
306 0
3496 1
1217 0
3496 0
7762 1
2551 1
1067 0
105 1
2551 0
3578 1
7762 0
105 0
378 1
3578 0
1220 1
378 0
3406 1
3406 0
3405 1
966 1
1220 0
966 0
13 1
3411 1
3405 0
3411 0
54 1
13 0
12 1
12 0
2570 1
4164 1
54 0
4164 0
4168 1
2570 0
4151 1
7760 1
4151 0
7760 0
3463 1
3431 1
2753 1
3431 0
4168 0
2753 0
3652 1
3463 0
3462 1
3653 1
3652 0
3414 1
3462 0
3653 0
976 1
1225 1
3414 0
976 0
1226 1
1225 0
1226 0
