2718 1
2871 1
2874 1
2868 1
2875 1
2871 0
2874 0
2902 1
4581 1
4581 0
2902 0
2875 0
2820 1
2868 0
2719 1
2718 0
4209 1
2820 0
2719 0
2865 1
2865 0
2870 1
2870 0
4124 1
2901 1
4209 0
2901 0
4539 1
2907 1
4124 0
4539 0
2807 1
2907 0
995 1
3782 1
2807 0
5033 1
995 0
355 1
5033 0
355 0
2915 1
2315 1
3782 0
2915 0
2880 1
2927 1
2315 0
2803 1
2927 0
2936 1
2880 0
2936 0
2932 1
2932 0
2910 1
2314 1
2803 0
2314 0
2910 0
5060 1
826 1
5096 1
5096 0
5060 0
1489 1
2089 1
5349 1
5350 1
1489 0
5349 0
2089 0
5341 1
5340 1
5341 0
826 0
2352 1
5350 0
2539 1
5340 0
2539 0
2272 1
4839 1
2272 0
5348 1
2352 0
5348 0
1846 1
5417 1
4839 0
1846 0
1845 1
5417 0
1935 1
820 1
1845 0
829 1
820 0
798 1
1935 0
907 1
829 0
907 0
824 1
798 0
2262 1
4178 1
4611 1
4611 0
3444 1
825 1
825 0
824 0
4178 0
1047 1
2786 1
2262 0
2261 1
2839 1
2786 0
1047 0
2752 1
3999 1
5303 1
2839 0
4491 1
4491 0
5180 1
845 1
845 0
3999 0
5180 0
260 1
3444 0
936 1
2174 1
2175 1
5303 0
2232 1
2232 0
736 1
736 0
1996 1
2174 0
2911 1
2261 0
2752 0
2175 0
4292 1
260 0
936 0
5427 1
468 1
5427 0
4606 1
1996 0
4292 0
4751 1
4751 0
3049 1
468 0
1336 1
4979 1
4606 0
394 1
3049 0
1417 1
665 1
4518 1
4518 0
2911 0
721 1
721 0
2802 1
394 0
2802 0
1336 0
3639 1
2036 1
3823 1
4979 0
891 1
2036 0
1417 0
1416 1
614 1
1416 0
5196 1
5196 0
891 0
823 1
3823 0
4956 1
665 0
159 1
823 0
2980 1
3639 0
1181 1
4956 0
158 1
159 0
2974 1
2980 0
107 1
614 0
2977 1
158 0
5380 1
1181 0
1322 1
2974 0
2977 0
2976 1
107 0
4311 1
1322 0
2986 1
2976 0
575 1
5380 0
5379 1
2987 1
2986 0
575 0
686 1
2972 1
2987 0
2971 1
2972 0
2971 0
686 0
5198 1
4311 0
1386 1
5379 0
1385 1
1386 0
5198 0
2237 1
2126 1
1385 0
4321 1
2126 0
4321 0
3513 1
2237 0
4315 1
4315 0
4316 1
4035 1
4316 0
4040 1
3513 0
4040 0
4318 1
788 1
4318 0
788 0
4035 0
