7074 1
1278 1
7074 0
1278 0
1301 1
1301 0
1618 1
2072 1
5341 1
5341 0
579 1
1618 0
1281 1
2072 0
1494 1
6459 1
579 0
246 1
1494 0
246 0
2586 1
6459 0
797 1
1281 0
2586 0
2587 1
797 0
796 1
796 0
7075 1
2587 0
6141 1
7075 0
20 1
1836 1
6141 0
20 0
872 1
7647 1
1836 0
872 0
794 1
760 1
794 0
760 0
1316 1
7647 0
7646 1
1316 0
1255 1
257 1
7646 0
1255 0
109 1
109 0
6798 1
257 0
1303 1
6798 0
2769 1
4747 1
1303 0
1518 1
2769 0
7333 1
4747 0
7333 0
853 1
853 0
1410 1
3334 1
1518 0
3244 1
3334 0
1409 1
1410 0
1443 1
3244 0
1409 0
295 1
1443 0
6348 1
295 0
4698 1
3212 1
4698 0
1326 1
6348 0
7701 1
3212 0
1326 0
6058 1
6062 1
7701 0
6359 1
2106 1
6359 0
830 1
6062 0
123 1
5105 1
1048 1
1048 0
859 1
859 0
6058 0
1693 1
6018 1
6018 0
830 0
5105 0
123 0
5943 1
2106 0
5943 0
6335 1
6335 0
201 1
6435 1
1693 0
1320 1
6435 0
201 0
1572 1
1320 0
1576 1
6103 1
1576 0
1481 1
1572 0
1481 0
1313 1
908 1
4635 1
602 1
907 1
4635 0
4636 1
2200 1
907 0
1942 1
1942 0
1941 1
908 0
2200 0
602 0
1313 0
1864 1
6323 1
4636 0
2280 1
2280 0
6974 1
128 1
569 1
6103 0
4655 1
6974 0
4655 0
1941 0
4686 1
129 1
128 0
129 0
2080 1
589 1
6323 0
590 1
590 0
569 0
445 1
1864 0
6108 1
4686 0
4685 1
4888 1
4664 1
6108 0
580 1
5326 1
4685 0
4887 1
4888 0
4664 0
589 0
7162 1
7162 0
4665 1
838 1
4887 0
5326 0
828 1
838 0
2080 0
4694 1
828 0
4006 1
445 0
6044 1
4006 0
4694 0
5368 1
4665 0
1919 1
1919 0
5219 1
5368 0
5219 0
7055 1
6044 0
6098 1
580 0
7055 0
6812 1
6812 0
3335 1
6045 1
6098 0
7289 1
6045 0
2811 1
3335 0
2811 0
722 1
935 1
722 0
7703 1
935 0
1853 1
904 1
4055 1
4055 0
905 1
905 0
117 1
117 0
7289 0
1853 0
7703 0
528 1
6461 1
528 0
439 1
439 0
440 1
440 0
5673 1
6461 0
5673 0
5674 1
7552 1
5674 0
7552 0
7618 1
7375 1
904 0
7618 0
7395 1
7376 1
7375 0
7067 1
7395 0
7376 0
1584 1
7067 0
2556 1
6550 1
1584 0
3935 1
2556 0
1975 1
6550 0
3935 0
2294 1
1975 0
407 1
407 0
4084 1
2294 0
5437 1
4066 1
4084 0
5437 0
4139 1
4067 1
4066 0
4071 1
4139 0
4071 0
3643 1
3513 1
4067 0
3616 1
3643 0
3512 1
3513 0
4149 1
3616 0
4149 0
4148 1
3512 0
5288 1
5288 0
5289 1
4148 0
6532 1
3261 1
5289 0
6532 0
7250 1
3260 1
3261 0
7766 1
3260 0
7766 0
3495 1
7250 0
2123 1
2123 0
967 1
3491 1
3495 0
1019 1
3491 0
1038 1
1019 0
3614 1
967 0
3614 0
7298 1
3478 1
1038 0
1115 1
7298 0
3478 0
6444 1
2368 1
6444 0
1115 0
1114 1
4129 1
2368 0
1114 0
676 1
7291 1
4129 0
1215 1
676 0
5871 1
1215 0
7291 0
1222 1
5871 0
5872 1
1222 0
3545 1
3545 0
3544 1
5872 0
1462 1
3466 1
1462 0
3544 0
6678 1
3467 1
3466 0
6678 0
4769 1
3468 1
3467 0
3583 1
3416 1
3417 1
3416 0
3469 1
3468 0
3417 0
880 1
880 0
678 1
678 0
3469 0
4769 0
3583 0
