2702 1
3693 1
2702 0
2701 1
3693 0
3950 1
2701 0
4472 1
2742 1
4472 0
2416 1
3950 0
2694 1
2416 0
3458 1
2742 0
3458 0
1263 1
1638 1
1756 1
3635 1
1263 0
1172 1
1638 0
1756 0
1172 0
2694 0
265 1
3807 1
3807 0
3653 1
265 0
3635 0
1784 1
1784 0
1783 1
1783 0
3636 1
4895 1
3653 0
4895 0
2220 1
1811 1
3636 0
2220 0
965 1
1811 0
170 1
965 0
1762 1
4645 1
1762 0
1145 1
170 0
3219 1
4645 0
3551 1
3219 0
3551 0
2486 1
1145 0
1778 1
2486 0
4670 1
4670 0
1290 1
1778 0
3642 1
3451 1
3642 0
1290 0
4387 1
1801 1
3451 0
4831 1
4387 0
4836 1
2823 1
4836 0
2160 1
2161 1
2160 0
2823 0
1820 1
4831 0
854 1
4778 1
4778 0
1820 0
5124 1
2729 1
2729 0
2161 0
4835 1
4835 0
4967 1
4967 0
4968 1
5124 0
5203 1
854 0
4993 1
3387 1
5203 0
4968 0
1423 1
663 1
4703 1
1690 1
4771 1
1692 1
663 0
4703 0
1423 0
4771 0
1801 0
3443 1
4993 0
1538 1
1538 0
2288 1
3436 1
3443 0
1690 0
1691 1
4742 1
3436 0
1691 0
4143 1
4143 0
1692 0
2288 0
1233 1
209 1
209 0
1233 0
902 1
4742 0
3991 1
3613 1
902 0
590 1
590 0
903 1
3387 0
4129 1
4129 0
47 1
3613 0
3991 0
1819 1
47 0
903 0
3004 1
1819 0
4135 1
4135 0
5365 1
5395 1
3004 0
4237 1
5365 0
5394 1
5395 0
3618 1
5394 0
2339 1
3519 1
2338 1
2338 0
3618 0
4237 0
1816 1
1816 0
2339 0
3519 0
572 1
298 1
298 0
373 1
572 0
694 1
971 1
373 0
971 0
2378 1
693 1
694 0
4647 1
2378 0
4494 1
4647 0
4015 1
693 0
4199 1
4494 0
4015 0
189 1
1804 1
1068 1
1041 1
1624 1
5144 1
189 0
1041 0
1080 1
1804 0
1624 0
1068 0
1185 1
3989 1
4199 0
1080 0
3263 1
1185 0
1184 1
3270 1
3263 0
3989 0
1297 1
1184 0
4588 1
1016 1
5144 0
4588 0
3820 1
395 1
3270 0
1016 0
1031 1
1 1
395 0
5224 1
642 1
2328 1
2328 0
1297 0
1180 1
1180 0
5224 0
3820 0
1602 1
1 0
1632 1
1558 1
1602 0
4409 1
1031 0
1557 1
1558 0
1107 1
4409 0
1588 1
1557 0
3664 1
642 0
3994 1
3664 0
4364 1
1632 0
1588 0
1569 1
2033 1
4364 0
1570 1
1569 0
652 1
3994 0
1107 0
4408 1
2307 1
2033 0
4117 1
4408 0
2307 0
2251 1
1573 1
1570 0
2079 1
652 0
2079 0
3996 1
1157 1
4117 0
1076 1
1157 0
3286 1
2251 0
1556 1
1573 0
1556 0
1604 1
3286 0
4527 1
1544 1
1604 0
59 1
1544 0
3995 1
3996 0
4527 0
4525 1
1934 1
1076 0
1932 1
1934 0
2028 1
3995 0
4525 0
458 1
4529 1
458 0
4530 1
4529 0
2028 0
2006 1
2006 0
3482 1
88 1
1932 0
1134 1
88 0
5029 1
5029 0
5402 1
5402 0
146 1
3977 1
3977 0
2159 1
146 0
1587 1
59 0
3482 0
2348 1
3557 1
1587 0
4530 0
4393 1
1597 1
3557 0
5498 1
2348 0
4393 0
3559 1
2841 1
1134 0
5315 1
3559 0
1597 0
1598 1
5498 0
4980 1
5315 0
1814 1
3484 1
2841 0
2403 1
4980 0
1814 0
3573 1
1590 1
1598 0
2403 0
573 1
3567 1
1590 0
3561 1
3567 0
152 1
4756 1
4756 0
3250 1
3484 0
4357 1
3250 0
3577 1
3578 1
3577 0
3573 0
1045 1
5152 1
3579 1
3579 0
1046 1
1046 0
1045 0
3578 0
152 0
2159 0
3568 1
3568 0
3561 0
4399 1
4729 1
4399 0
4398 1
4398 0
490 1
5152 0
5017 1
490 0
5017 0
4730 1
4730 0
4729 0
573 0
3056 1
3056 0
5173 1
4218 1
4357 0
435 1
4218 0
435 0
2244 1
2244 0
2239 1
1993 1
5173 0
2239 0
1537 1
4816 1
1993 0
4816 0
4881 1
4880 1
4881 0
1537 0
5323 1
4882 1
4880 0
2995 1
5323 0
4882 0
3686 1
3686 0
3712 1
2995 0
1906 1
1906 0
2399 1
3011 1
2399 0
3684 1
3712 0
3011 0
5053 1
445 1
5053 0
3684 0
3676 1
1594 1
445 0
3676 0
3710 1
1593 1
1594 0
3009 1
1593 0
3009 0
223 1
3710 0
3711 1
223 0
4681 1
4680 1
4681 0
1337 1
4680 0
5131 1
1337 0
3553 1
3711 0
3701 1
3553 0
5131 0
5133 1
3701 0
4391 1
5133 0
4568 1
4391 0
1699 1
1699 0
1698 1
4569 1
4568 0
1698 0
1254 1
4569 0
241 1
241 0
242 1
668 1
242 0
1254 0
1253 1
1253 0
668 0
4925 1
4925 0
