7876 1
2596 1
7875 1
7876 0
2012 1
3693 1
3693 0
2012 0
5733 1
4831 1
4831 0
4791 1
4791 0
2595 1
2595 0
7875 0
2596 0
2593 1
2594 1
2593 0
5733 0
5736 1
5736 0
5735 1
2116 1
2594 0
227 1
5735 0
2117 1
2116 0
4745 1
227 0
4745 0
4776 1
2117 0
6340 1
6340 0
6339 1
7188 1
6339 0
4776 0
360 1
7154 1
7188 0
360 0
6784 1
750 1
7154 0
7229 1
6784 0
751 1
750 0
5864 1
7229 0
751 0
4285 1
5864 0
5865 1
5865 0
6452 1
6452 0
7835 1
4285 0
336 1
1130 1
7835 0
1130 0
5352 1
336 0
4287 1
5352 0
4279 1
4280 1
4279 0
4280 0
4274 1
4287 0
4203 1
4272 1
4274 0
4203 0
3442 1
3442 0
4170 1
4272 0
2220 1
4170 0
4171 1
2220 0
4228 1
4171 0
4283 1
2059 1
4283 0
2059 0
2058 1
4253 1
4228 0
4253 0
7771 1
2018 1
2058 0
7771 0
6241 1
2018 0
3160 1
4278 1
4251 1
4236 1
2211 1
2211 0
6241 0
4251 0
4278 0
2222 1
2222 0
3160 0
5759 1
4265 1
4236 0
2031 1
5759 0
4265 0
2044 1
2392 1
2031 0
4261 1
2044 0
3570 1
2392 0
4261 0
4739 1
4739 0
4740 1
4784 1
4784 0
112 1
4262 1
4262 0
3570 0
3569 1
3569 0
1271 1
4275 1
4306 1
4740 0
4306 0
423 1
423 0
4275 0
6792 1
434 1
1271 0
1135 1
112 0
1135 0
2403 1
434 0
6793 1
6792 0
6793 0
4248 1
2403 0
2402 1
4248 0
617 1
617 0
6795 1
2402 0
2409 1
6795 0
1830 1
2408 1
2409 0
5167 1
1830 0
5167 0
5166 1
5143 1
5166 0
358 1
5143 0
2408 0
2438 1
2379 1
2438 0
130 1
358 0
130 0
289 1
2440 1
2379 0
2441 1
2440 0
289 0
213 1
2441 0
213 0
