1668 1
5121 1
5425 1
5121 0
5425 0
234 1
4589 1
10 1
4589 0
10 0
4184 1
233 1
233 0
234 0
1160 1
1160 0
2269 1
4184 0
1668 0
1701 1
3339 1
1701 0
2269 0
2904 1
2835 1
4413 1
4412 1
4412 0
4413 0
3338 1
3339 0
4521 1
2904 0
4658 1
4521 0
2835 0
4658 0
5030 1
5030 0
4172 1
2779 1
3338 0
4913 1
2779 0
3324 1
4172 0
673 1
896 1
4913 0
673 0
4445 1
2712 1
2712 0
4444 1
4444 0
2111 1
2111 0
2632 1
3324 0
4445 0
2735 1
896 0
4201 1
2632 0
4201 0
2687 1
2735 0
3029 1
2583 1
2687 0
3777 1
2583 0
2584 1
3777 0
5421 1
3029 0
2584 0
2570 1
5421 0
3154 1
4921 1
2570 0
1359 1
4921 0
1359 0
2611 1
3355 1
3154 0
576 1
3355 0
576 0
3352 1
1644 1
2611 0
2721 1
1644 0
5387 1
1738 1
3047 1
1738 0
5387 0
5388 1
285 1
2897 1
5434 1
2897 0
3047 0
285 0
3149 1
3860 1
5388 0
3149 0
4806 1
3860 0
2721 0
2622 1
2622 0
2477 1
4806 0
4811 1
5434 0
690 1
4624 1
3352 0
690 0
1466 1
4624 0
4551 1
2603 1
4811 0
1312 1
2477 0
1312 0
571 1
2960 1
2603 0
1466 0
643 1
571 0
7 1
643 0
95 1
3063 1
3063 0
3363 1
3363 0
4625 1
4551 0
3368 1
3368 0
3367 1
3367 0
391 1
2960 0
2263 1
391 0
4626 1
4625 0
2263 0
4626 0
2275 1
2594 1
3744 1
4676 1
7 0
3744 0
2275 0
1209 1
2826 1
95 0
3875 1
2826 0
3876 1
3875 0
3876 0
1445 1
2594 0
3746 1
1209 0
3629 1
4676 0
2592 1
2592 0
3629 0
321 1
3746 0
1024 1
4101 1
1024 0
1459 1
1459 0
2947 1
2947 0
4878 1
1445 0
4101 0
4875 1
4875 0
321 0
2119 1
4878 0
2364 1
2120 1
2119 0
1122 1
2364 0
1122 0
5301 1
4429 1
2120 0
5301 0
5302 1
2211 1
5302 0
3988 1
4429 0
2211 0
5255 1
5255 0
4097 1
631 1
3988 0
3753 1
631 0
2909 1
4097 0
3752 1
3753 0
2909 0
1452 1
1452 0
1453 1
555 1
1453 0
555 0
117 1
3752 0
3144 1
1432 1
117 0
4870 1
1432 0
4870 0
1413 1
865 1
4653 1
3144 0
640 1
640 0
4930 1
1503 1
1503 0
4930 0
3215 1
3169 1
865 0
4516 1
3215 0
2341 1
744 1
3169 0
4516 0
744 0
1670 1
1413 0
1264 1
2341 0
2335 1
5189 1
1670 0
3885 1
2335 0
5189 0
4356 1
760 1
1264 0
3885 0
4337 1
4356 0
4355 1
4653 0
2128 1
1373 1
4337 0
4355 0
743 1
760 0
1419 1
1419 0
1418 1
4574 1
2128 0
1522 1
1373 0
4574 0
4579 1
4578 1
4579 0
627 1
743 0
627 0
628 1
628 0
4578 0
4003 1
1522 0
4003 0
5242 1
1418 0
3663 1
3662 1
3663 0
5243 1
5242 0
5243 0
4818 1
1071 1
3662 0
2699 1
1071 0
352 1
4818 0
1324 1
1746 1
1324 0
1323 1
4752 1
2356 1
2356 0
4752 0
2699 0
5236 1
5236 0
1746 0
352 0
2037 1
1323 0
5299 1
2037 0
2193 1
2056 1
2193 0
4182 1
2056 0
5299 0
4248 1
4182 0
599 1
3045 1
4248 0
3045 0
1501 1
403 1
599 0
2048 1
403 0
1328 1
1501 0
1328 0
540 1
4655 1
2048 0
749 1
3343 1
4164 1
3343 0
3894 1
4164 0
749 0
930 1
3894 0
3830 1
777 1
3830 0
597 1
930 0
2050 1
5272 1
1168 1
2050 0
1168 0
5290 1
597 0
498 1
5290 0
498 0
777 0
30 1
30 0
5502 1
919 1
5502 0
1282 1
5272 0
1208 1
919 0
1282 0
82 1
540 0
1349 1
82 0
1049 1
3930 1
1048 1
1049 0
1048 0
4654 1
4655 0
3930 0
3929 1
1317 1
1208 0
5256 1
1317 0
4654 0
4331 1
4415 1
3929 0
4489 1
4415 0
4783 1
4489 0
855 1
4331 0
5256 0
1314 1
1349 0
5005 1
4020 1
4783 0
4020 0
4607 1
855 0
5102 1
4519 1
1314 0
1344 1
5005 0
5102 0
2213 1
2213 0
3288 1
2408 1
3288 0
4519 0
3600 1
1255 1
1344 0
2408 0
2109 1
1346 1
1255 0
3600 0
1062 1
4608 1
4607 0
1062 0
2223 1
1346 0
912 1
1695 1
2109 0
4608 0
1495 1
911 1
912 0
911 0
769 1
2223 0
3845 1
4602 1
1695 0
3844 1
3845 0
769 0
3926 1
3926 0
3927 1
3844 0
4023 1
1285 1
4602 0
1495 0
5024 1
1221 1
1220 1
3927 0
1221 0
4023 0
1220 0
2411 1
5024 0
2133 1
1285 0
2411 0
3871 1
5158 1
2133 0
1942 1
3871 0
1866 1
1942 0
5158 0
2934 1
1866 0
974 1
974 0
678 1
678 0
4053 1
2934 0
2303 1
4057 1
4053 0
4057 0
4056 1
4056 0
4739 1
4739 0
517 1
5404 1
5403 1
110 1
5403 0
5404 0
4259 1
517 0
110 0
261 1
4259 0
38 1
261 0
4027 1
38 0
2303 0
3506 1
3506 0
3518 1
3535 1
3518 0
430 1
4027 0
430 0
4159 1
3535 0
3534 1
3612 1
3534 0
3523 1
4159 0
870 1
3612 0
3523 0
3524 1
870 0
871 1
2214 1
3524 0
4423 1
871 0
2214 0
806 1
806 0
3525 1
4423 0
1216 1
3526 1
3525 0
1216 0
3516 1
3526 0
3520 1
3520 0
3516 0
