991 1
7237 1
842 1
842 0
4901 1
978 1
991 0
2842 1
7237 0
978 0
801 1
4900 1
4900 0
801 0
4744 1
4901 0
7049 1
2842 0
4744 0
4782 1
7039 1
7040 1
7049 0
6309 1
6710 1
48 1
6710 0
6308 1
6308 0
6309 0
7039 0
7040 0
4782 0
3175 1
3175 0
6145 1
6145 0
4780 1
3158 1
48 0
4780 0
4781 1
4634 1
3158 0
4656 1
4634 0
4781 0
4723 1
4723 0
4725 1
3167 1
3166 1
3781 1
3780 1
3780 0
3781 0
4656 0
5320 1
5320 0
2114 1
3167 0
2114 0
4826 1
4725 0
4826 0
4825 1
3166 0
6434 1
4837 1
4825 0
4601 1
6434 0
4837 0
4799 1
4814 1
4799 0
7230 1
4814 0
4601 0
4600 1
7230 0
7672 1
3163 1
4600 0
3163 0
4426 1
7672 0
4797 1
41 1
4797 0
5514 1
4426 0
5514 0
5507 1
4238 1
41 0
1125 1
5507 0
4238 0
2688 1
2490 1
2688 0
1125 0
4213 1
2490 0
1379 1
4210 1
4213 0
2695 1
4210 0
1379 0
4296 1
4250 1
4296 0
4294 1
4250 0
1552 1
2695 0
4302 1
1552 0
4302 0
4303 1
4294 0
2219 1
2219 0
938 1
938 0
4289 1
4289 0
4291 1
4303 0
4307 1
4291 0
4290 1
2024 1
4307 0
508 1
4290 0
2023 1
2024 0
5758 1
2023 0
4351 1
5758 0
509 1
508 0
6427 1
6427 0
6429 1
6430 1
509 0
4351 0
3912 1
6430 0
52 1
3912 0
51 1
52 0
2221 1
6429 0
2221 0
4752 1
689 1
4752 0
51 0
5886 1
3439 1
689 0
3439 0
4810 1
4810 0
1540 1
5885 1
5886 0
1539 1
1540 0
2396 1
5885 0
1539 0
4800 1
2045 1
4800 0
4166 1
2045 0
4166 0
4165 1
2397 1
2422 1
2397 0
1740 1
2395 1
2396 0
2418 1
2418 0
2395 0
2422 0
4165 0
1679 1
3228 1
3228 0
3229 1
7392 1
3229 0
5578 1
5578 0
5458 1
5457 1
5457 0
1679 0
1740 0
2099 1
2099 0
2098 1
2098 0
1922 1
562 1
7392 0
562 0
5458 0
7394 1
3118 1
3118 0
7594 1
7394 0
5958 1
1922 0
5958 0
5959 1
5959 0
6396 1
7594 0
7593 1
7593 0
2435 1
6396 0
5901 1
6493 1
5901 0
6493 0
6491 1
1803 1
1804 1
1804 0
5866 1
5866 0
5867 1
5867 0
5869 1
2435 0
6492 1
5868 1
5868 0
5869 0
1803 0
6492 0
6491 0
