2724 1
2019 1
2019 0
415 1
2724 0
4230 1
1769 1
415 0
4231 1
4230 0
4219 1
1769 0
6466 1
4219 0
5366 1
6466 0
6785 1
6344 1
6344 0
3171 1
3171 0
6345 1
4231 0
6338 1
6338 0
5365 1
5366 0
5365 0
6785 0
1675 1
6345 0
4774 1
1675 0
1192 1
1193 1
1192 0
4186 1
4157 1
4186 0
4157 0
4174 1
4286 1
4185 1
4775 1
4775 0
4774 0
4286 0
4174 0
1193 0
6240 1
4185 0
4181 1
6240 0
1358 1
5425 1
1358 0
5425 0
5427 1
4181 0
4288 1
4288 0
2061 1
5428 1
5427 0
413 1
5428 0
412 1
413 0
4169 1
2061 0
412 0
4257 1
4169 0
5569 1
4256 1
4257 0
6715 1
4256 0
5569 0
741 1
740 1
741 0
6715 0
1302 1
1302 0
5992 1
5256 1
5256 0
6716 1
7747 1
6716 0
7747 0
1819 1
740 0
2262 1
1819 0
4258 1
5992 0
7817 1
7817 0
7819 1
2333 1
4200 1
4200 0
2262 0
2208 1
2208 0
4258 0
4234 1
6760 1
4234 0
7823 1
7834 1
2333 0
2399 1
2398 1
2399 0
7834 0
6760 0
6759 1
7819 0
7823 0
6759 0
6474 1
6474 0
6473 1
6473 0
6472 1
2384 1
2398 0
6472 0
7607 1
6288 1
1886 1
4248 1
4248 0
4267 1
4268 1
1886 0
617 1
617 0
6795 1
6795 0
7607 0
4268 0
6288 0
2384 0
2206 1
2205 1
4528 1
4528 0
2205 0
1796 1
1823 1
1796 0
7833 1
1823 0
2206 0
7887 1
4266 1
7886 1
7886 0
7887 0
4267 0
4266 0
651 1
650 1
7833 0
651 0
650 0
