121 1
2875 1
2871 1
2874 1
2875 0
2871 0
2818 1
2818 0
2878 1
2878 0
2737 1
2868 1
2874 0
121 0
3936 1
3936 0
4405 1
1798 1
2737 0
4405 0
1798 0
2718 1
2868 0
2820 1
2718 0
2719 1
4209 1
2820 0
2901 1
4209 0
2865 1
2719 0
3084 1
2865 0
2813 1
3084 0
2900 1
2158 1
2900 0
2901 0
4539 1
2158 0
4620 1
2814 1
5079 1
2907 1
4124 1
4124 0
2907 0
995 1
2813 0
5079 0
4255 1
2814 0
4255 0
2864 1
4620 0
2864 0
2916 1
3782 1
4539 0
3782 0
2807 1
2807 0
2310 1
5033 1
995 0
2916 0
2809 1
2809 0
2720 1
2720 0
562 1
2850 1
562 0
355 1
355 0
2915 1
5033 0
2850 0
2310 0
2918 1
2918 0
2930 1
2915 0
2880 1
2880 0
2936 1
2930 0
2316 1
2316 0
347 1
2932 1
2936 0
2314 1
347 0
2910 1
2932 0
2314 0
2910 0
5349 1
1489 1
2089 1
1489 0
5349 0
2083 1
4632 1
2083 0
4510 1
4632 0
826 1
2089 0
5341 1
826 0
5341 0
5340 1
4510 0
4512 1
5340 0
1938 1
3848 1
1938 0
3848 0
4243 1
4839 1
4243 0
4511 1
4512 0
4511 0
3170 1
4839 0
5417 1
3170 0
4350 1
5417 0
1935 1
4350 0
3835 1
1935 0
798 1
3834 1
3835 0
798 0
4403 1
829 1
3834 0
3814 1
718 1
907 1
829 0
4500 1
3814 0
624 1
718 0
2839 1
624 0
4500 0
1755 1
824 1
907 0
4403 0
4272 1
1755 0
723 1
4491 1
2839 0
790 1
4272 0
824 0
4178 1
4491 0
5439 1
2175 1
723 0
260 1
5439 0
4178 0
3444 1
2261 1
790 0
4292 1
260 0
2174 1
2175 0
3444 0
936 1
3751 1
4292 0
936 0
874 1
2911 1
2261 0
1996 1
2174 0
4606 1
1996 0
2911 0
394 1
3751 0
4327 1
874 0
3838 1
1092 1
4327 0
468 1
3838 0
1092 0
4049 1
4606 0
4979 1
1336 1
468 0
823 1
4049 0
4979 0
3823 1
2802 1
394 0
891 1
823 0
1336 0
800 1
2036 1
891 0
3823 0
4956 1
2802 0
665 1
800 0
257 1
4312 1
2036 0
257 0
2980 1
159 1
665 0
159 0
158 1
832 1
4312 0
2980 0
2974 1
158 0
2977 1
4956 0
1181 1
1322 1
2974 0
1181 0
5380 1
1322 0
3896 1
5379 1
5380 0
470 1
2977 0
4570 1
470 0
4311 1
832 0
5379 0
1386 1
3896 0
1224 1
1222 1
4570 0
2987 1
1224 0
1830 1
1222 0
2987 0
2972 1
1830 0
514 1
4311 0
5198 1
2971 1
2972 0
2971 0
514 0
1385 1
1386 0
4902 1
5198 0
1385 0
2126 1
2126 0
4321 1
4903 1
4902 0
4038 1
3253 1
3513 1
3513 0
4321 0
4040 1
3253 0
4051 1
4051 0
4038 0
4903 0
4035 1
4040 0
4318 1
4035 0
788 1
788 0
4318 0
