7876 1
7875 1
3693 1
2012 1
2596 1
7876 0
3693 0
7875 0
2593 1
2596 0
2012 0
5733 1
2594 1
2593 0
5733 0
5736 1
2116 1
2594 0
5736 0
5735 1
2116 0
2117 1
5735 0
4208 1
4208 0
4776 1
6341 1
2117 0
7188 1
6341 0
360 1
4776 0
360 0
6784 1
7154 1
7188 0
750 1
7154 0
7229 1
6784 0
7229 0
5864 1
751 1
750 0
1124 1
5864 0
4285 1
751 0
1124 0
7836 1
7836 0
7835 1
4285 0
336 1
1130 1
7835 0
4736 1
1130 0
336 0
4287 1
4736 0
4276 1
4276 0
4280 1
4203 1
4287 0
4280 0
4274 1
4203 0
3442 1
4272 1
4274 0
3442 0
4170 1
2220 1
4272 0
4228 1
2220 0
4170 0
4301 1
4301 0
2058 1
7770 1
7771 1
4253 1
4228 0
4253 0
7770 0
4254 1
4254 0
2058 0
2018 1
7771 0
6241 1
3160 1
2018 0
6241 0
4278 1
2222 1
4278 0
2222 0
4236 1
3159 1
4236 0
4265 1
2208 1
3159 0
4200 1
3160 0
2031 1
2031 0
2392 1
5759 1
5759 0
2208 0
4200 0
2044 1
4265 0
2044 0
4261 1
3570 1
2392 0
4261 0
4262 1
112 1
4262 0
3569 1
3570 0
3569 0
1271 1
112 0
1135 1
1135 0
6792 1
2391 1
2403 1
2402 1
434 1
1271 0
434 0
2403 0
3344 1
2391 0
6793 1
6792 0
6793 0
4248 1
4248 0
617 1
6795 1
617 0
2409 1
2408 1
2408 0
2402 0
2239 1
2409 0
3345 1
1886 1
1560 1
6795 0
1886 0
3344 0
3345 0
1559 1
1560 0
2240 1
2239 0
2437 1
2240 0
4199 1
7615 1
7615 0
130 1
130 0
1559 0
358 1
358 0
289 1
4199 0
2436 1
2436 0
289 0
213 1
213 0
2379 1
2379 0
2437 0
2440 1
2441 1
2441 0
2440 0
