3445 1
2716 1
5216 1
3445 0
4165 1
2716 0
4373 1
4165 0
5216 0
3784 1
475 1
4373 0
3784 0
4114 1
475 0
5047 1
10 1
4114 0
5047 0
4157 1
10 0
4589 1
484 1
4589 0
5046 1
4157 0
4709 1
484 0
2553 1
4709 0
2553 0
4622 1
5373 1
4622 0
5046 0
4167 1
4615 1
5373 0
4168 1
4167 0
3648 1
4168 0
4615 0
2270 1
2717 1
3648 0
2270 0
5032 1
1250 1
5032 0
1250 0
2542 1
2542 0
1760 1
4407 1
1760 0
1469 1
1740 1
1469 0
2794 1
2794 0
2791 1
2717 0
1740 0
4087 1
4407 0
3806 1
4087 0
3806 0
2535 1
2534 1
2535 0
2791 0
3357 1
2534 0
5100 1
952 1
5100 0
3987 1
952 0
3358 1
3357 0
2540 1
3987 0
2540 0
681 1
380 1
2300 1
681 0
680 1
3358 0
2297 1
380 0
799 1
169 1
2300 0
169 0
230 1
3789 1
799 0
2297 0
2812 1
3789 0
2792 1
285 1
230 0
285 0
3149 1
5476 1
3149 0
2812 0
1485 1
2543 1
3350 1
1485 0
2792 0
3888 1
2633 1
577 1
3809 1
577 0
680 0
2536 1
578 1
2536 0
578 0
2543 0
729 1
2633 0
729 0
3350 0
692 1
3888 0
3351 1
2500 1
2500 0
5064 1
5476 0
1509 1
1509 0
2751 1
3745 1
2751 0
2764 1
2811 1
2764 0
2811 0
2769 1
3349 1
692 0
2769 0
3362 1
3362 0
3351 0
3349 0
3809 0
3810 1
5064 0
5190 1
5190 0
205 1
3810 0
253 1
4583 1
205 0
3745 0
253 0
1142 1
4583 0
2547 1
4560 1
1142 0
2953 1
2547 0
2593 1
4560 0
2953 0
1449 1
2350 1
1449 0
5460 1
2593 0
2350 0
1599 1
1599 0
2959 1
5460 0
3164 1
2959 0
3064 1
3822 1
3064 0
3802 1
3110 1
3802 0
703 1
620 1
4342 1
3164 0
4342 0
620 0
3110 0
3143 1
2043 1
3822 0
3143 0
3661 1
2043 0
3661 0
1028 1
1028 0
1101 1
703 0
3142 1
1502 1
1101 0
3142 0
354 1
1502 0
4715 1
3218 1
3222 1
3222 0
3136 1
3221 1
3218 0
3223 1
3221 0
3141 1
354 0
3025 1
3223 0
3151 1
3136 0
3151 0
3167 1
4715 0
1223 1
3800 1
3167 0
3870 1
3025 0
3800 0
3226 1
4110 1
3870 0
3141 0
349 1
732 1
349 0
4714 1
1223 0
3226 0
379 1
1427 1
732 0
4110 0
3046 1
5477 1
4714 0
4580 1
1427 0
379 0
338 1
3163 1
338 0
4580 0
5428 1
5328 1
5428 0
3163 0
5328 0
4576 1
3046 0
4576 0
4938 1
4938 0
2627 1
1410 1
5477 0
1410 0
537 1
2627 0
4514 1
1407 1
537 0
791 1
4514 0
3586 1
1407 0
5231 1
791 0
5231 0
3872 1
1936 1
3586 0
4456 1
3872 0
1936 0
1477 1
4456 0
5008 1
1056 1
4234 1
5008 0
1477 0
3040 1
4002 1
4234 0
3040 0
329 1
2010 1
4002 0
1852 1
2010 0
2064 1
4179 1
2064 0
294 1
4180 1
2063 1
294 0
4179 0
1852 0
4180 0
2039 1
287 1
2063 0
2039 0
1056 0
1400 1
1454 1
1400 0
467 1
329 0
1454 0
287 0
2168 1
2168 0
2169 1
2169 0
2108 1
1330 1
467 0
4382 1
4382 0
1390 1
3544 1
135 1
3544 0
2108 0
859 1
859 0
1390 0
147 1
2867 1
4249 1
1555 1
1329 1
4249 0
1329 0
1330 0
5097 1
135 0
147 0
4227 1
1711 1
4227 0
4226 1
4940 1
1711 0
2867 0
4940 0
2049 1
5097 0
5098 1
4928 1
2049 0
419 1
5098 0
1369 1
1369 0
2035 1
2091 1
2091 0
2096 1
4226 0
2097 1
2097 0
2096 0
4929 1
4928 0
1988 1
1554 1
1555 0
1334 1
4701 1
419 0
2130 1
4929 0
4228 1
3849 1
1054 1
1334 0
1054 0
5225 1
1554 0
1060 1
3849 0
1060 0
2894 1
4151 1
4151 0
2002 1
4228 0
2035 0
2002 0
2130 0
2452 1
1021 1
4701 0
1021 0
509 1
2894 0
1098 1
1098 0
5130 1
4281 1
2452 0
509 0
4713 1
2575 1
2785 1
5130 0
218 1
218 0
1090 1
2785 0
1768 1
1988 0
362 1
1768 0
362 0
315 1
597 1
597 0
5290 1
5290 0
4532 1
1090 0
2575 0
315 0
4713 0
1315 1
2184 1
4281 0
2184 0
3610 1
2206 1
1315 0
447 1
3427 1
3426 1
4278 1
4278 0
5103 1
5103 0
3610 0
4532 0
636 1
3427 0
5182 1
636 0
1378 1
1305 1
1378 0
5225 0
2206 0
1299 1
3426 0
5377 1
5182 0
4383 1
4383 0
4092 1
4092 0
4384 1
2585 1
3949 1
3543 1
3863 1
3949 0
3543 0
5377 0
4384 0
457 1
2585 0
955 1
447 0
940 1
457 0
1346 1
1347 1
1305 0
1255 1
1255 0
1346 0
4566 1
940 0
1302 1
955 0
18 1
1302 0
1299 0
3909 1
3863 0
3908 1
3909 0
3917 1
4566 0
133 1
18 0
1347 0
32 1
31 1
32 0
3757 1
3908 0
133 0
194 1
99 1
194 0
3757 0
4618 1
99 0
924 1
31 0
924 0
425 1
4618 0
3925 1
3917 0
425 0
1491 1
833 1
3925 0
1491 0
3539 1
833 0
1203 1
2180 1
3539 0
2836 1
1203 0
2140 1
2836 0
2180 0
3340 1
3932 1
2140 0
2921 1
3340 0
4074 1
4363 1
4363 0
4055 1
4055 0
4054 1
4054 0
3932 0
4198 1
4025 1
4074 0
13 1
4025 0
13 0
2921 0
3433 1
3433 0
872 1
4198 0
3916 1
3536 1
872 0
3916 0
4065 1
1643 1
4065 0
1643 0
48 1
67 1
48 0
3536 0
1212 1
908 1
67 0
9 1
4667 1
9 0
4667 0
2681 1
4089 1
4089 0
5277 1
5277 0
908 0
2944 1
2681 0
3537 1
1212 0
2944 0
4162 1
3537 0
2386 1
2386 0
111 1
4406 1
111 0
136 1
4790 1
35 1
4790 0
4162 0
35 0
1350 1
1350 0
4406 0
2373 1
2373 0
4969 1
136 0
1737 1
1737 0
4484 1
4969 0
4455 1
4455 0
2862 1
3597 1
2862 0
851 1
4022 1
851 0
4022 0
4484 0
322 1
3414 1
5117 1
5117 0
322 0
2492 1
3597 0
2492 0
4725 1
4725 0
3414 0
