883 1
6898 1
2715 1
883 0
1912 1
2715 0
6898 0
5954 1
1912 0
2103 1
1459 1
846 1
846 0
1318 1
5954 0
1459 0
2103 0
1476 1
1319 1
1318 0
1319 0
183 1
5824 1
5131 1
183 0
7004 1
7005 1
2082 1
2082 0
573 1
573 0
1476 0
1477 1
1477 0
2078 1
5824 0
7004 0
7005 0
6358 1
5131 0
2283 1
6358 0
2918 1
2919 1
2919 0
2283 0
2918 0
609 1
2077 1
2078 0
609 0
6015 1
2077 0
2086 1
6015 0
6016 1
561 1
6016 0
561 0
1321 1
2085 1
2086 0
4051 1
2085 0
4245 1
1321 0
4246 1
4245 0
4246 0
6013 1
6029 1
6013 0
4051 0
3384 1
2087 1
3384 0
5843 1
2087 0
6029 0
6030 1
5843 0
3287 1
6027 1
6030 0
6027 0
6026 1
4235 1
3286 1
3286 0
1848 1
1848 0
1849 1
124 1
3287 0
124 0
4235 0
6026 0
6019 1
1970 1
6019 0
1826 1
1849 0
6483 1
1826 0
4851 1
1970 0
1898 1
6483 0
1898 0
679 1
4851 0
1564 1
1565 1
1564 0
679 0
675 1
675 0
1731 1
4693 1
1565 0
1731 0
1732 1
554 1
4693 0
554 0
2111 1
4684 1
2111 0
1732 0
1935 1
196 1
4684 0
196 0
7674 1
1935 0
1979 1
921 1
1979 0
7674 0
578 1
7410 1
921 0
5086 1
578 0
902 1
7410 0
1378 1
5086 0
7675 1
1378 0
901 1
902 0
7675 0
7668 1
1974 1
901 0
283 1
7668 0
7597 1
283 0
1973 1
1974 0
1973 0
1996 1
425 1
7597 0
1996 0
1879 1
425 0
1930 1
1879 0
5315 1
5290 1
5315 0
3219 1
1930 0
3218 1
3219 0
5290 0
849 1
849 0
207 1
1349 1
1349 0
5135 1
3625 1
3625 0
157 1
157 0
212 1
3218 0
4862 1
947 1
207 0
4862 0
916 1
6696 1
916 0
6696 0
5135 0
3505 1
947 0
212 0
3590 1
3474 1
3505 0
1990 1
3474 0
1343 1
6995 1
3590 0
3591 1
3591 0
3589 1
3589 0
1343 0
1990 0
3925 1
6995 0
6996 1
1032 1
6996 0
3925 0
1131 1
1033 1
1032 0
1131 0
4083 1
3592 1
1033 0
3592 0
3593 1
3504 1
2230 1
2230 0
2231 1
2231 0
3511 1
4083 0
3503 1
3504 0
3503 0
1031 1
3593 0
5695 1
1031 0
3508 1
3509 1
3509 0
3511 0
5695 0
5696 1
3517 1
3508 0
5696 0
414 1
3517 0
414 0
