276 1
598 1
3771 1
3771 0
4458 1
446 1
598 0
446 0
5042 1
276 0
328 1
3779 1
3779 0
4458 0
2084 1
2084 0
2424 1
328 0
5042 0
5359 1
2424 0
1560 1
2709 1
1560 0
1827 1
5360 1
5360 0
1839 1
1827 0
3488 1
3488 0
3003 1
42 1
5359 0
3003 0
3002 1
3002 0
1839 0
2688 1
2709 0
2688 0
3758 1
42 0
4564 1
4563 1
4564 0
3758 0
1646 1
4563 0
4912 1
1646 0
2658 1
3866 1
2658 0
4464 1
4912 0
3867 1
3866 0
3867 0
4674 1
1739 1
4464 0
557 1
4674 0
557 0
558 1
3733 1
1739 0
2662 1
558 0
2662 0
4646 1
4174 1
3733 0
4646 0
4716 1
3769 1
4716 0
3251 1
3769 0
3251 0
4242 1
2447 1
4174 0
1654 1
4242 0
2447 0
1928 1
408 1
4279 1
408 0
4802 1
1928 0
1043 1
5435 1
1654 0
4279 0
4277 1
1027 1
4802 0
3960 1
4277 0
1027 0
461 1
1957 1
3960 0
4282 1
5435 0
461 0
2412 1
1043 0
4842 1
4841 1
4842 0
2412 0
3152 1
4841 0
5414 1
4282 0
2754 1
5415 1
5414 0
1957 0
3424 1
3696 1
3152 0
75 1
5415 0
3730 1
3696 0
75 0
74 1
3424 0
2859 1
1376 1
3730 0
2407 1
74 0
441 1
2407 0
3732 1
441 0
3729 1
1376 0
2859 0
345 1
3729 0
3732 0
1954 1
2754 0
1954 0
1953 1
345 0
1674 1
1674 0
1833 1
1833 0
1661 1
164 1
1953 0
2299 1
164 0
1661 0
1791 1
4770 1
4789 1
4770 0
4789 0
2299 0
3873 1
3873 0
2767 1
1356 1
1656 1
1022 1
1791 0
1022 0
1662 1
1662 0
1356 0
1832 1
1832 0
2305 1
1656 0
2498 1
2767 0
1657 1
2305 0
1058 1
2498 0
4639 1
1657 0
3847 1
3846 1
3846 0
3847 0
5487 1
4479 1
4479 0
4639 0
710 1
1058 0
533 1
1200 1
710 0
1201 1
1200 0
533 0
1040 1
5485 1
1201 0
5486 1
5485 0
3608 1
1040 0
4105 1
4105 0
3369 1
3369 0
5486 0
4347 1
5254 1
4347 0
841 1
701 1
2219 1
3608 0
841 0
2430 1
704 1
701 0
704 0
843 1
5123 1
2430 0
843 0
842 1
5487 0
5123 0
5351 1
4687 1
842 0
5351 0
4684 1
4684 0
4375 1
1332 1
4687 0
5254 0
3517 1
1332 0
3102 1
4375 0
4638 1
2704 1
3517 0
1237 1
3102 0
2704 0
1949 1
4638 0
2018 1
1017 1
2219 0
2015 1
2018 0
2017 1
2015 0
1237 0
3267 1
3275 1
3267 0
3275 0
5325 1
1949 0
1648 1
2017 0
2019 1
4205 1
1017 0
2019 0
2014 1
3237 1
5325 0
1648 0
1577 1
4205 0
4213 1
21 1
3237 0
2005 1
2014 0
5244 1
21 0
4829 1
4213 0
1577 0
1568 1
5244 0
1492 1
1998 1
2005 0
1568 0
3831 1
4828 1
1492 0
3832 1
3831 0
3832 0
1613 1
4828 0
4858 1
1105 1
4858 0
2545 1
2029 1
2000 1
1102 1
1105 0
2000 0
2029 0
1999 1
1998 0
1987 1
1987 0
880 1
1999 0
2815 1
1248 1
1248 0
651 1
651 0
4829 0
1104 1
1102 0
1104 0
131 1
2545 0
1613 0
1622 1
131 0
132 1
1111 1
2815 0
1622 0
1621 1
1623 1
1621 0
1604 1
1623 0
656 1
880 0
1111 0
2796 1
2797 1
2796 0
132 0
3611 1
478 1
2797 0
1984 1
656 0
5263 1
3611 0
478 0
4973 1
4973 0
5447 1
1984 0
3643 1
1604 0
1544 1
5262 1
5263 0
5447 0
219 1
219 0
1029 1
1029 0
2 1
2 0
4392 1
5070 1
5262 0
5478 1
4392 0
3643 0
231 1
1448 1
5478 0
605 1
5070 0
1448 0
1896 1
231 0
1979 1
5036 1
1896 0
3280 1
5036 0
1424 1
605 0
59 1
1544 0
3280 0
5209 1
2026 1
1979 0
59 0
1587 1
272 1
5209 0
4683 1
1587 0
4971 1
4851 1
2026 0
272 0
3417 1
4972 1
3417 0
1269 1
1269 0
4970 1
4971 0
4970 0
3583 1
1424 0
4683 0
3565 1
4851 0
4852 1
3583 0
4909 1
4972 0
3243 1
4909 0
2234 1
4852 0
4848 1
2234 0
4142 1
3243 0
593 1
1970 1
4848 0
1970 0
90 1
1342 1
3565 0
657 1
90 0
3601 1
1342 0
4142 0
975 1
898 1
593 0
898 0
805 1
975 0
4138 1
4397 1
3601 0
4397 0
4461 1
805 0
3311 1
4461 0
4467 1
4138 0
4141 1
3985 1
3311 0
657 0
501 1
3593 1
3985 0
4467 0
3404 1
5409 1
4141 0
3404 0
4669 1
653 1
3593 0
1037 1
4669 0
2221 1
653 0
1037 0
2221 0
5409 0
2249 1
501 0
3184 1
2249 0
173 1
3196 1
3184 0
970 1
2247 1
4677 1
2674 1
1231 1
173 0
1231 0
2674 0
970 0
3196 0
5237 1
1639 1
5237 0
2247 0
3584 1
3584 0
479 1
4677 0
4678 1
4678 0
479 0
3441 1
1639 0
3858 1
3669 1
3858 0
3669 0
3687 1
1878 1
3441 0
3005 1
1878 0
3687 0
89 1
3005 0
655 1
89 0
674 1
655 0
3775 1
3006 1
3775 0
3006 0
3007 1
4685 1
674 0
3001 1
3007 0
3001 0
179 1
179 0
4190 1
316 1
4190 0
3008 1
316 0
1100 1
3008 0
1100 0
2669 1
4685 0
3673 1
2669 0
3688 1
3674 1
3688 0
304 1
3674 0
4354 1
3673 0
252 1
304 0
252 0
114 1
114 0
3052 1
3052 0
2357 1
4354 0
1892 1
3707 1
2357 0
1892 0
839 1
839 0
2665 1
2665 0
3691 1
4421 1
3691 0
3681 1
3707 0
3695 1
4421 0
3721 1
3887 1
3721 0
1206 1
3887 0
301 1
119 1
301 0
3681 0
1206 0
3700 1
3695 0
119 0
3700 0
