1725 1
3456 1
3456 0
1725 0
3457 1
1776 1
3457 0
5235 1
3450 1
3447 1
3447 0
5235 0
1776 0
1777 1
3931 1
1777 0
3450 0
3840 1
5146 1
3931 0
712 1
3840 0
1727 1
712 0
3455 1
5146 0
3455 0
1826 1
1825 1
1826 0
477 1
1727 0
1729 1
1729 0
3818 1
3818 0
2334 1
2334 0
1825 0
477 0
2007 1
2074 1
2074 0
2007 0
5473 1
5473 0
5490 1
142 1
3462 1
3462 0
3463 1
3463 0
4898 1
4898 0
5490 0
1262 1
142 0
5050 1
5491 1
4526 1
5050 0
4854 1
5491 0
2713 1
5071 1
2713 0
5389 1
1218 1
5389 0
5071 0
1262 0
1875 1
4854 0
3376 1
4526 0
2705 1
3376 0
1875 0
1745 1
1218 0
4126 1
4126 0
2446 1
2926 1
4471 1
1745 0
2705 0
198 1
3492 1
3492 0
3493 1
3493 0
199 1
199 0
2926 0
3657 1
671 1
2446 0
1918 1
1916 1
1916 0
671 0
4471 0
3657 0
1918 0
1867 1
1867 0
3489 1
2343 1
2343 0
3489 0
198 0
