3706 1
1744 1
4472 1
1744 0
4472 0
2742 1
3950 1
3693 1
1146 1
5067 1
2416 1
3706 0
5067 0
1146 0
3693 0
3950 0
2742 0
4469 1
4469 0
1848 1
3458 1
1848 0
2694 1
2416 0
1263 1
3458 0
1263 0
3635 1
265 1
2694 0
2644 1
3635 0
265 0
3807 1
3634 1
2644 0
3636 1
3634 0
3807 0
3653 1
3653 0
4895 1
1811 1
3636 0
170 1
1811 0
2220 1
4895 0
2220 0
4672 1
4672 0
3220 1
3219 1
3220 0
170 0
1145 1
3219 0
3551 1
3551 0
2486 1
2486 0
4670 1
1145 0
1778 1
3642 1
1778 0
3451 1
3642 0
3451 0
3986 1
4387 1
4693 1
2546 1
2546 0
2781 1
4693 0
4670 0
1290 1
1290 0
4387 0
3986 0
1850 1
4835 1
5162 1
2781 0
4219 1
1820 1
5162 0
2729 1
4835 0
5124 1
1820 0
5124 0
5203 1
4967 1
5326 1
4492 1
5326 0
46 1
2729 0
46 0
5203 0
4935 1
4967 0
1669 1
4935 0
1793 1
1669 0
1793 0
590 1
4492 0
1372 1
4219 0
341 1
1850 0
1928 1
1043 1
1928 0
1043 0
4742 1
1372 0
4994 1
1675 1
341 0
3991 1
4742 0
590 0
4129 1
1675 0
1075 1
5346 1
4994 0
3991 0
1819 1
488 1
4129 0
1684 1
1075 0
4476 1
488 0
4135 1
1819 0
5395 1
4476 0
3874 1
5346 0
3874 0
1688 1
1684 0
1705 1
5365 1
4135 0
5395 0
5394 1
1688 0
1680 1
1233 1
1705 0
1233 0
4143 1
4237 1
5365 0
1707 1
1680 0
5394 0
4743 1
1707 0
4143 0
4237 0
1816 1
5181 1
4743 0
2338 1
5181 0
2338 0
1816 0
1162 1
155 1
155 0
1381 1
5386 1
1381 0
5385 1
5386 0
1141 1
677 1
677 0
1354 1
1626 1
1164 1
3276 1
1162 0
1164 0
1141 0
5393 1
1354 0
1244 1
694 1
1244 0
1626 0
1625 1
1625 0
393 1
951 1
5393 0
694 0
693 1
1803 1
5385 0
4493 1
951 0
3276 0
1167 1
1066 1
1066 0
4542 1
4021 1
4021 0
1167 0
393 0
1018 1
1018 0
1536 1
1803 0
4493 0
4621 1
698 1
693 0
3379 1
4621 0
4559 1
698 0
1536 0
1535 1
1535 0
1073 1
4559 0
1241 1
1636 1
4542 0
608 1
1073 0
1650 1
3379 0
1650 0
1969 1
1969 0
2032 1
2328 1
2032 0
3533 1
1241 0
5147 1
1636 0
5147 0
4333 1
608 0
1602 1
2328 0
1180 1
1558 1
1557 1
1602 0
1558 0
1031 1
3533 0
1868 1
4333 0
1180 0
1944 1
1031 0
4409 1
1107 1
4409 0
1557 0
1588 1
1944 0
2030 1
1868 0
442 1
1588 0
1589 1
2030 0
652 1
5082 1
442 0
5082 0
448 1
1620 1
1589 0
4565 1
4115 1
190 1
4565 0
190 0
4937 1
4937 0
1107 0
4408 1
4408 0
4117 1
4117 0
1620 0
1562 1
2079 1
652 0
1556 1
1562 0
448 0
449 1
1552 1
449 0
2003 1
2079 0
1552 0
4006 1
2003 0
621 1
1556 0
1604 1
4115 0
1076 1
998 1
4006 0
1934 1
1076 0
1604 0
1544 1
3995 1
621 0
998 0
785 1
59 1
1544 0
1708 1
785 0
459 1
1708 0
3995 0
2028 1
459 0
458 1
2006 1
2028 0
1932 1
1934 0
4529 1
458 0
88 1
1932 0
4528 1
4529 0
2006 0
3482 1
4528 0
4393 1
2348 1
3482 0
5029 1
88 0
1587 1
59 0
856 1
2348 0
3559 1
4393 0
5029 0
5402 1
4683 1
1587 0
3565 1
4683 0
5402 0
4548 1
5315 1
856 0
815 1
3565 0
1342 1
4980 1
815 0
3559 0
4769 1
5073 1
5073 0
5315 0
4549 1
4548 0
4980 0
2403 1
1597 1
1598 1
1597 0
1342 0
3601 1
4397 1
4397 0
4401 1
3601 0
1598 0
4549 0
4756 1
944 1
4769 0
433 1
944 0
4401 0
4400 1
433 0
3579 1
4756 0
3250 1
3560 1
4400 0
3579 0
1045 1
2403 0
573 1
3560 0
3568 1
1045 0
1046 1
573 0
3056 1
4398 1
3568 0
5017 1
5152 1
4399 1
4398 0
5152 0
1046 0
5017 0
4127 1
4127 0
4399 0
3056 0
2317 1
3250 0
4357 1
4357 0
4218 1
435 1
4218 0
2317 0
5172 1
435 0
2244 1
2245 1
2244 0
2245 0
2248 1
5172 0
3192 1
2248 0
101 1
3675 1
3192 0
101 0
3012 1
3627 1
3675 0
3627 0
4698 1
3012 0
1906 1
1906 0
2399 1
2399 0
2997 1
4698 0
3684 1
2997 0
2998 1
3676 1
3684 0
2998 0
320 1
320 0
3000 1
2999 1
3000 0
2999 0
4598 1
3676 0
402 1
4598 0
4597 1
3009 1
4597 0
402 0
1001 1
3009 0
223 1
3708 1
1001 0
1877 1
223 0
1877 0
5154 1
2401 1
5154 0
2401 0
3734 1
3731 1
3734 0
2405 1
2405 0
3702 1
120 1
3708 0
120 0
3701 1
3553 1
3701 0
3553 0
3731 0
1887 1
3702 0
1366 1
1887 0
2404 1
1699 1
1366 0
1699 0
1698 1
2404 0
4924 1
1254 1
1698 0
1254 0
1253 1
241 1
4924 0
242 1
241 0
242 0
1253 0
