4206 1
978 1
991 1
978 0
991 0
4790 1
4206 0
2376 1
2376 0
3624 1
7040 1
3624 0
7040 0
7039 1
4830 1
4790 0
4178 1
7039 0
4830 0
4833 1
4177 1
4178 0
4832 1
4833 0
4829 1
4832 0
4177 0
6340 1
4829 0
4828 1
6340 0
6339 1
4828 0
4827 1
2114 1
6339 0
4205 1
4827 0
3167 1
2114 0
4838 1
4205 0
3167 0
7155 1
4838 0
359 1
7231 1
359 0
7155 0
1202 1
4601 1
1202 0
7231 0
7230 1
7672 1
7230 0
4601 0
4600 1
4797 1
7672 0
5515 1
4600 0
4797 0
5865 1
5865 0
6452 1
6452 0
4238 1
2688 1
4238 0
5507 1
5515 0
5352 1
2688 0
1125 1
5507 0
4213 1
1125 0
4279 1
5352 0
4213 0
3170 1
4295 1
4279 0
4295 0
4273 1
4172 1
3170 0
4250 1
4273 0
4250 0
4294 1
2219 1
4294 0
4171 1
4171 0
2694 1
4283 1
2694 0
4172 0
4282 1
4282 0
4253 1
4228 1
4253 0
938 1
938 0
939 1
2219 0
2220 1
4228 0
2059 1
4283 0
2210 1
939 0
2059 0
136 1
2210 0
2211 1
2023 1
136 0
4251 1
2211 0
2023 0
5758 1
509 1
4251 0
6430 1
509 0
5758 0
4351 1
4351 0
2494 1
6431 1
6430 0
2495 1
2494 0
6431 0
4783 1
4783 0
4752 1
2495 0
2751 1
4752 0
689 1
689 0
3439 1
2220 0
3440 1
3439 0
2752 1
2751 0
3440 0
4969 1
2752 0
435 1
4969 0
4305 1
4306 1
4305 0
423 1
4306 0
7662 1
423 0
434 1
435 0
434 0
2403 1
2403 0
2407 1
5770 1
3228 1
3229 1
1825 1
3229 0
7662 0
3228 0
5770 0
2407 0
1136 1
1825 0
1829 1
1136 0
139 1
1829 0
1830 1
5167 1
5166 1
1830 0
5167 0
140 1
139 0
140 0
5960 1
5166 0
5143 1
1803 1
5143 0
1803 0
1804 1
1828 1
1804 0
5960 0
2641 1
2641 0
1771 1
1770 1
1771 0
2791 1
1770 0
1828 0
2791 0
