598 1
276 1
598 0
4470 1
276 0
328 1
1187 1
4470 0
328 0
2424 1
1560 1
2424 0
1848 1
4469 1
1848 0
1187 0
1827 1
5360 1
5360 0
1561 1
1560 0
1786 1
4469 0
1561 0
3496 1
1839 1
1827 0
3907 1
3496 0
2644 1
1839 0
1786 0
3634 1
2644 0
3907 0
3906 1
4563 1
3634 0
2657 1
3906 0
4563 0
4912 1
5333 1
2657 0
4912 0
4464 1
3815 1
5333 0
3815 0
4673 1
4464 0
170 1
4672 1
4672 0
3220 1
558 1
4673 0
4671 1
557 1
557 0
558 0
3220 0
1145 1
170 0
3733 1
1145 0
3770 1
4671 0
3551 1
4174 1
3733 0
3551 0
2486 1
602 1
3770 0
2655 1
2655 0
2486 0
4670 1
2546 1
4670 0
2546 0
3769 1
602 0
3251 1
3769 0
3251 0
4693 1
4174 0
3986 1
2781 1
4693 0
2781 0
4219 1
1850 1
3986 0
4219 0
3859 1
1928 1
1850 0
5163 1
5163 0
409 1
4279 1
4277 1
4277 0
4276 1
408 1
408 0
4279 0
4935 1
409 0
4276 0
2156 1
4935 0
1669 1
2156 0
187 1
1793 1
1669 0
1928 0
1043 1
1751 1
187 0
3859 0
1888 1
1043 0
4742 1
590 1
1793 0
4742 0
3991 1
4129 1
590 0
4129 0
488 1
2103 1
1751 0
5414 1
3991 0
5414 0
5415 1
4476 1
488 0
5415 0
75 1
1441 1
2103 0
3857 1
1888 0
5397 1
4476 0
1440 1
1441 0
74 1
75 0
74 0
2407 1
4743 1
1138 1
3857 0
5181 1
4743 0
1376 1
5397 0
3729 1
1376 0
3729 0
5366 1
5106 1
2407 0
5181 0
5366 0
5106 0
1440 0
4748 1
1138 0
607 1
4749 1
3075 1
607 0
1688 1
4749 0
1680 1
1688 0
1680 0
1835 1
1835 0
3316 1
4748 0
1706 1
1989 1
1976 1
1989 0
3075 0
1706 0
1705 1
57 1
3316 0
1684 1
1705 0
1684 0
57 0
1682 1
1676 1
1682 0
1677 1
1976 0
1676 0
1677 0
3847 1
3846 1
3846 0
3847 0
3938 1
1087 1
1527 1
1895 1
3276 1
1167 1
1066 1
1527 0
1164 1
1895 0
3276 0
1164 0
1066 0
990 1
3938 0
990 0
1087 0
1532 1
123 1
1532 0
5485 1
123 0
5486 1
5485 0
4105 1
5486 0
4105 0
2787 1
698 1
1167 0
4021 1
583 1
2787 0
1141 1
677 1
1354 1
677 0
1244 1
1354 0
5393 1
1141 0
1496 1
4021 0
5393 0
951 1
1496 0
4951 1
693 1
694 1
694 0
4687 1
4687 0
842 1
842 0
1244 0
1332 1
1332 0
3102 1
693 0
698 0
4493 1
951 0
4493 0
4621 1
583 0
582 1
3102 0
1237 1
582 0
1077 1
175 1
1237 0
4947 1
4951 0
4621 0
1641 1
1077 0
214 1
1650 1
1641 0
1650 0
1969 1
1158 1
4947 0
2032 1
1969 0
1959 1
1158 0
3533 1
1241 1
3533 0
1241 0
4559 1
21 1
175 0
3237 1
5325 1
5325 0
3237 0
214 0
1563 1
2001 1
2032 0
4559 0
1152 1
1959 0
1105 1
1152 0
2001 0
2004 1
1082 1
1563 0
21 0
5244 1
1082 0
3831 1
2029 1
2004 0
1102 1
1105 0
1492 1
5244 0
3831 0
3832 1
2000 1
2029 0
1492 0
3092 1
1104 1
1102 0
1620 1
3832 0
3092 0
4565 1
449 1
1562 1
1620 0
448 1
449 0
2815 1
2796 1
1111 1
2815 0
1111 0
1104 0
448 0
5082 1
880 1
2000 0
5082 0
880 0
656 1
4937 1
4565 0
1556 1
1562 0
656 0
2003 1
2797 1
2796 0
1556 0
1604 1
2797 0
5446 1
1384 1
4937 0
5446 0
2204 1
621 1
2003 0
1020 1
1384 0
491 1
2204 0
1544 1
1604 0
2060 1
621 0
3437 1
491 0
3437 0
4392 1
5478 1
4392 0
5070 1
1020 0
997 1
5478 0
5210 1
997 0
59 1
1544 0
2021 1
2060 0
605 1
5070 0
459 1
1708 1
459 0
3280 1
3280 0
5209 1
5210 0
1708 0
4850 1
2021 0
5209 0
272 1
605 0
1424 1
4970 1
272 0
1587 1
59 0
4336 1
1424 0
229 1
4850 0
4971 1
4970 0
1587 0
4683 1
856 1
229 0
4971 0
314 1
3565 1
4683 0
794 1
4336 0
856 0
815 1
3565 0
1342 1
815 0
4827 1
4548 1
794 0
4769 1
944 1
5073 1
4769 0
314 0
898 1
593 1
593 0
5073 0
4548 0
4549 1
4827 0
4000 1
3601 1
1342 0
4549 0
5432 1
4397 1
3601 0
4773 1
4000 0
898 0
805 1
972 1
3311 1
3311 0
805 0
433 1
944 0
433 0
4397 0
4401 1
4400 1
4401 0
5432 0
2819 1
972 0
3764 1
4773 0
1923 1
4400 0
3560 1
3560 0
3404 1
2819 0
5409 1
1045 1
3404 0
4669 1
1046 1
653 1
3764 0
653 0
3599 1
3593 1
3593 0
1045 0
1046 0
2145 1
4669 0
456 1
3599 0
456 0
2145 0
1923 0
3698 1
5409 0
2249 1
173 1
2249 0
173 0
970 1
3698 0
3697 1
91 1
3697 0
2291 1
479 1
479 0
3441 1
2247 1
2247 0
970 0
3441 0
2248 1
2245 1
2245 0
2248 0
101 1
101 0
2363 1
91 0
3627 1
89 1
89 0
2360 1
3687 1
3687 0
2363 0
3675 1
3627 0
2291 0
2996 1
3675 0
2240 1
2996 0
2997 1
2240 0
2997 0
2998 1
2360 0
402 1
2998 0
3006 1
3007 1
3006 0
3000 1
3007 0
1001 1
402 0
2999 1
3000 0
2999 0
316 1
316 0
3008 1
367 1
3008 0
367 0
368 1
368 0
4600 1
4685 1
1001 0
4600 0
304 1
252 1
304 0
4685 0
3673 1
3673 0
120 1
252 0
114 1
3052 1
114 0
3052 0
2357 1
2405 1
120 0
2357 0
5084 1
2405 0
3694 1
3665 1
5084 0
3694 0
4422 1
240 1
3665 0
5175 1
4422 0
5175 0
5174 1
240 0
4388 1
5174 0
1363 1
4388 0
4390 1
3505 1
4389 1
3505 0
1363 0
4389 0
4390 0
