1476 1
1475 1
1475 0
2782 1
2782 0
4419 1
4552 1
1476 0
4418 1
4419 0
4420 1
4418 0
5448 1
4552 0
4420 0
2569 1
5448 0
2254 1
278 1
2569 0
2254 0
5085 1
5085 0
5296 1
278 0
277 1
2762 1
277 0
416 1
5296 0
2762 0
1719 1
416 0
3328 1
3328 0
3453 1
2577 1
4210 1
3453 0
2577 0
1719 0
358 1
2914 1
358 0
5066 1
4210 0
3347 1
2914 0
2899 1
5066 0
2864 1
3347 0
2696 1
2899 0
3212 1
5270 1
1438 1
5270 0
3212 0
4837 1
4838 1
4837 0
116 1
4838 0
2864 0
2916 1
2696 0
909 1
4216 1
1438 0
4216 0
2854 1
116 0
1743 1
3264 1
2908 1
3264 0
1743 0
2256 1
910 1
909 0
708 1
2854 0
4900 1
4214 1
4214 0
4215 1
4215 0
2869 1
708 0
4900 0
910 0
2256 0
2869 0
2809 1
2916 0
2919 1
2809 0
4735 1
2724 1
4735 0
2908 0
3187 1
664 1
5419 1
664 0
3187 0
1488 1
2919 0
2724 0
1488 0
5150 1
5151 1
5150 0
5419 0
2837 1
5151 0
2650 1
3354 1
2837 0
2650 0
1595 1
1595 0
1596 1
2844 1
3354 0
1596 0
193 1
2844 0
4328 1
4328 0
4957 1
4957 0
193 0
4741 1
4666 1
2804 1
4741 0
4666 0
130 1
130 0
1097 1
2671 1
2804 0
1097 0
1482 1
1275 1
2671 0
1482 0
545 1
4317 1
545 0
1275 0
1276 1
5392 1
1276 0
4317 0
382 1
753 1
1295 1
753 0
5392 0
840 1
4862 1
405 1
405 0
4862 0
1295 0
3786 1
382 0
2591 1
2590 1
567 1
2591 0
2590 0
1357 1
1357 0
5418 1
567 0
3277 1
3277 0
4847 1
539 1
3786 0
3138 1
539 0
5418 0
646 1
3587 1
840 0
3893 1
3138 0
4847 0
2475 1
5120 1
2475 0
5120 0
3811 1
646 0
3186 1
3893 0
4123 1
1853 1
3587 0
3811 0
2484 1
3186 0
4918 1
4123 0
2765 1
1853 0
4058 1
2766 1
2765 0
3191 1
4918 0
905 1
2484 0
4679 1
2766 0
905 0
676 1
1086 1
4058 0
670 1
4679 0
2905 1
3191 0
378 1
676 0
529 1
670 0
1086 0
3837 1
5238 1
2905 0
378 0
2013 1
3837 0
546 1
5238 0
751 1
52 1
529 0
546 0
730 1
751 0
759 1
2013 0
2012 1
2523 1
2012 0
773 1
730 0
2523 0
148 1
773 0
932 1
920 1
932 0
148 0
2209 1
759 0
1289 1
921 1
768 1
221 1
920 0
222 1
222 0
768 0
778 1
1289 0
2121 1
848 1
848 0
550 1
550 0
2099 1
2123 1
2209 0
2123 0
2102 1
2121 0
97 1
97 0
916 1
504 1
504 0
221 0
503 1
915 1
921 0
915 0
916 0
4298 1
778 0
52 0
1415 1
926 1
503 0
4298 0
4509 1
926 0
925 1
2625 1
925 0
4509 0
4302 1
4302 0
23 1
2099 0
2118 1
2625 0
4722 1
4738 1
1415 0
2102 0
4722 0
3966 1
2117 1
2118 0
3966 0
2304 1
2117 0
2171 1
2304 0
1325 1
2172 1
2171 0
23 0
2257 1
1325 0
2994 1
2257 0
2163 1
4702 1
4738 0
4314 1
2163 0
2075 1
2172 0
2994 0
2993 1
883 1
2075 0
4314 0
4144 1
695 1
4144 0
836 1
2993 0
4305 1
695 0
4305 0
25 1
4034 1
25 0
36 1
883 0
2025 1
2200 1
801 1
797 1
2969 1
797 0
4702 0
801 0
2200 0
2025 0
836 0
506 1
831 1
506 0
831 0
4853 1
2969 0
2968 1
2165 1
36 0
2968 0
3287 1
4029 1
4034 0
4029 0
196 1
741 1
4853 0
741 0
472 1
3880 1
3287 0
472 0
1298 1
3432 1
3880 0
2165 0
327 1
2418 1
1298 0
5113 1
3432 0
1278 1
5113 0
2418 0
5143 1
1278 0
2046 1
5143 0
2046 0
196 0
1211 1
3499 1
327 0
4372 1
1211 0
4134 1
4133 1
878 1
4050 1
894 1
4050 0
4133 0
894 0
259 1
4372 0
4134 0
789 1
3507 1
789 0
3499 0
3501 1
3507 0
1387 1
878 0
4313 1
2966 1
259 0
4313 0
877 1
2966 0
34 1
2726 1
4028 1
34 0
2726 0
4028 0
877 0
4490 1
3501 0
4490 0
3086 1
2798 1
1387 0
2798 0
867 1
3512 1
3086 0
867 0
888 1
3500 1
3500 0
779 1
3509 1
3512 0
888 0
3509 0
779 0
