3905 1
84 1
84 0
4948 1
3901 1
3905 0
5368 1
4614 1
5368 0
5317 1
5317 0
3901 0
4948 0
2521 1
2521 0
5129 1
4614 0
2455 1
2398 1
2667 1
2668 1
2667 0
4627 1
1149 1
1149 0
2439 1
5069 1
5069 0
5129 0
2398 0
2397 1
4627 0
3959 1
2455 0
4212 1
2668 0
2646 1
2397 0
3856 1
2646 0
4212 0
2747 1
2747 0
2652 1
2645 1
3856 0
2652 0
2666 1
5199 1
3959 0
3019 1
2645 0
4856 1
2666 0
3019 0
2443 1
4856 0
1769 1
4161 1
5199 0
2515 1
2439 0
2443 0
2634 1
2516 1
2515 0
1769 0
1770 1
2518 1
2634 0
4161 0
1937 1
2516 0
4118 1
2518 0
81 1
4250 1
81 0
4118 0
331 1
1770 0
2736 1
331 0
1103 1
4250 0
1103 0
4546 1
1937 0
4245 1
2736 0
2441 1
4543 1
2442 1
4543 0
4546 0
2333 1
2441 0
2333 0
4245 0
4865 1
4864 1
4865 0
2442 0
4999 1
2212 1
4864 0
2514 1
4999 0
2212 0
740 1
2514 0
713 1
713 0
1404 1
740 0
5068 1
5068 0
4222 1
4794 1
1404 0
5054 1
4794 0
4221 1
4220 1
4222 0
4221 0
5054 0
733 1
4220 0
2775 1
733 0
2596 1
3965 1
360 1
1130 1
1130 0
2685 1
2685 0
2775 0
3965 0
2596 0
893 1
4637 1
893 0
4402 1
360 0
4402 0
3967 1
4637 0
1664 1
3968 1
3967 0
1664 0
2507 1
1123 1
3968 0
2507 0
492 1
588 1
1123 0
3596 1
492 0
3596 0
3575 1
3375 1
1531 1
588 0
682 1
683 1
1057 1
1057 0
683 0
3375 0
1371 1
1371 0
1531 0
3574 1
3575 0
3574 0
2413 1
3632 1
682 0
4631 1
3632 0
3317 1
2413 0
365 1
3123 1
365 0
1788 1
3781 1
1788 0
2503 1
3123 0
615 1
2503 0
615 0
1126 1
3781 0
963 1
3317 0
3179 1
606 1
1126 0
963 0
1994 1
606 0
611 1
5000 1
1994 0
1815 1
5000 0
611 0
3108 1
3370 1
1815 0
1931 1
4631 0
3179 0
1151 1
3273 1
1931 0
3274 1
3273 0
3195 1
1151 0
4691 1
3195 0
4691 0
1249 1
3108 0
162 1
1249 0
3107 1
162 0
3107 0
2496 1
3370 0
2496 0
2686 1
3274 0
3272 1
3266 1
3272 0
2686 0
2076 1
3266 0
1583 1
2076 0
3374 1
464 1
1583 0
3374 0
2022 1
2023 1
2022 0
464 0
1542 1
2090 1
4706 1
2090 0
1542 0
1227 1
2252 1
2252 0
2023 0
2082 1
281 1
281 0
4706 0
1227 0
2253 1
2253 0
3323 1
3652 1
2082 0
1106 1
3323 0
3652 0
3651 1
3650 1
3651 0
1603 1
1106 0
1952 1
3650 0
1951 1
1952 0
1951 0
1678 1
3259 1
3298 1
3259 0
3308 1
3297 1
3297 0
1603 0
1678 0
1981 1
3298 0
1981 0
2085 1
4078 1
2085 0
887 1
3282 1
3282 0
3320 1
648 1
3320 0
3319 1
648 0
1963 1
4078 0
356 1
3319 0
3308 0
982 1
356 0
216 1
1619 1
1119 1
1333 1
1333 0
1119 0
887 0
3281 1
5251 1
1619 0
983 1
982 0
4649 1
216 0
5251 0
3074 1
1963 0
4649 0
5468 1
5468 0
2321 1
980 1
983 0
3281 0
649 1
1000 1
2321 0
3074 0
410 1
980 0
979 1
1000 0
3955 1
649 0
4894 1
979 0
4780 1
3955 0
1032 1
2855 1
4894 0
4975 1
4780 0
410 0
5165 1
462 1
1032 0
1865 1
1240 1
1865 0
134 1
1240 0
462 0
134 0
2805 1
5164 1
5165 0
4712 1
5164 0
2805 0
413 1
574 1
413 0
4975 0
1139 1
574 0
1991 1
1139 0
3313 1
2855 0
4731 1
482 1
1991 0
4712 0
4183 1
3313 0
3428 1
326 1
4731 0
3428 0
4732 1
4733 1
4733 0
4732 0
2273 1
326 0
2273 0
4153 1
4183 0
4368 1
5134 1
957 1
439 1
439 0
482 0
4368 0
4153 0
4152 1
4152 0
5232 1
959 1
5134 0
437 1
552 1
437 0
957 0
4660 1
4660 0
959 0
2733 1
5232 0
552 0
4125 1
1891 1
4125 0
4026 1
1891 0
5057 1
2733 0
4845 1
4026 0
4132 1
4845 0
5057 0
569 1
4131 1
4132 0
569 0
3720 1
2246 1
3720 0
3595 1
4131 0
2246 0
2093 1
3595 0
1038 1
2093 0
3850 1
4919 1
3850 0
4258 1
1038 0
622 1
4919 0
622 0
293 1
4825 1
293 0
4258 0
3410 1
85 1
3410 0
4825 0
4824 1
85 0
436 1
4824 0
2391 1
3408 1
436 0
2391 0
2372 1
3408 0
3397 1
3538 1
2375 1
2394 1
2375 0
2395 1
2394 0
2395 0
2372 0
1882 1
3397 0
5119 1
2374 1
2374 0
3538 0
5119 0
5258 1
1036 1
5258 0
1882 0
4531 1
4531 0
3843 1
1036 0
1628 1
3843 0
1926 1
1628 0
4294 1
4294 0
1926 0
