2715 1
883 1
6898 1
883 0
2715 0
1912 1
5954 1
6898 0
5954 0
2104 1
2104 0
4293 1
1912 0
572 1
4293 0
2691 1
573 1
572 0
5132 1
2691 0
2082 1
573 0
5132 0
5131 1
2082 0
1477 1
6358 1
5131 0
5128 1
6358 0
609 1
5128 0
6051 1
1477 0
6051 0
6050 1
609 0
6015 1
6016 1
6015 0
2650 1
6050 0
561 1
6016 0
2650 0
2649 1
1321 1
561 0
1311 1
1321 0
4046 1
2649 0
4046 0
5845 1
1311 0
6029 1
4093 1
5845 0
6030 1
6029 0
6030 0
6027 1
3287 1
6551 1
124 1
6551 0
4093 0
5843 1
5843 0
3287 0
6027 0
6026 1
124 0
1848 1
6026 0
1947 1
1849 1
1848 0
1826 1
1849 0
1947 0
1969 1
2433 1
1826 0
810 1
2433 0
1970 1
1969 0
1907 1
810 0
4851 1
1970 0
4795 1
1907 0
4851 0
1564 1
4795 0
675 1
1564 0
1565 1
1731 1
675 0
1565 0
4693 1
4693 0
554 1
1655 1
1731 0
1557 1
1655 0
554 0
2111 1
1934 1
1557 0
6923 1
2111 0
6923 0
6924 1
1935 1
1979 1
417 1
3429 1
417 0
1934 0
921 1
1979 0
921 0
7410 1
6924 0
1870 1
5086 1
1870 0
1935 0
1378 1
5086 0
7410 0
902 1
901 1
458 1
458 0
1995 1
1995 0
3429 0
902 0
3328 1
1378 0
282 1
3328 0
1974 1
901 0
1974 0
1973 1
425 1
425 0
7597 1
424 1
282 0
568 1
568 0
283 1
7597 0
283 0
1973 0
1996 1
1879 1
1996 0
1879 0
5315 1
1535 1
424 0
5290 1
5290 0
849 1
871 1
5314 1
5314 0
5315 0
871 0
1535 0
157 1
207 1
849 0
157 0
3625 1
4862 1
207 0
4862 0
947 1
947 0
3505 1
3505 0
3474 1
212 1
3625 0
212 0
3590 1
3591 1
3590 0
1990 1
3474 0
1990 0
3925 1
2199 1
355 1
3586 1
3591 0
3586 0
3585 1
3585 0
2199 0
6995 1
6995 0
6996 1
1131 1
3925 0
6996 0
4083 1
1131 0
355 0
356 1
2230 1
4083 0
356 0
3637 1
3637 0
3631 1
2230 0
2231 1
3631 0
1872 1
2231 0
2846 1
1872 0
1873 1
4840 1
2846 0
3595 1
1873 0
4839 1
4840 0
4839 0
1353 1
3596 1
3595 0
3596 0
1353 0
