84 1
3905 1
3905 0
5317 1
4948 1
84 0
5368 1
5317 0
4948 0
2521 1
2521 0
5129 1
201 1
4987 1
3959 1
201 0
4987 0
5368 0
2455 1
4614 1
2455 0
5129 0
5069 1
2398 1
2667 1
2668 1
2643 1
1444 1
1444 0
2667 0
5069 0
1149 1
2398 0
2397 1
2397 0
2646 1
4908 1
4010 1
3856 1
3341 1
3341 0
2643 0
4010 0
4908 0
2646 0
2668 0
4212 1
4614 0
2747 1
4212 0
3856 0
2645 1
2652 1
2747 0
3959 0
5199 1
2666 1
2652 0
2439 1
1149 0
3019 1
2645 0
3019 0
2443 1
2666 0
4856 1
4856 0
1769 1
4161 1
5199 0
2439 0
2515 1
2515 0
2516 1
2634 1
2443 0
1770 1
1769 0
2634 0
2518 1
2516 0
4118 1
81 1
1937 1
4161 0
332 1
332 0
331 1
3044 1
3044 0
2518 0
331 0
4118 0
4250 1
81 0
1103 1
1103 0
4250 0
1937 0
4546 1
2736 1
2736 0
4245 1
559 1
1666 1
1666 0
1667 1
1667 0
1770 0
4543 1
4546 0
4543 0
2442 1
4864 1
5338 1
5338 0
559 0
2212 1
4864 0
4865 1
4865 0
4245 0
4999 1
2442 0
2514 1
4999 0
740 1
2212 0
2514 0
713 1
1404 1
713 0
5068 1
740 0
5068 0
4222 1
4794 1
1404 0
5054 1
4794 0
2775 1
4091 1
4091 0
2776 1
4222 0
2776 0
2685 1
4220 1
2775 0
4221 1
4220 0
733 1
5054 0
4221 0
2596 1
733 0
2685 0
1130 1
893 1
2596 0
360 1
1130 0
893 0
4637 1
360 0
4402 1
3967 1
4402 0
4637 0
1664 1
3967 0
3968 1
2507 1
1664 0
3968 0
1123 1
492 1
2507 0
1123 0
588 1
492 0
3596 1
3596 0
3575 1
588 0
1057 1
3574 1
3575 0
683 1
1057 0
683 0
682 1
2413 1
3574 0
682 0
3632 1
3632 0
4631 1
2413 0
3317 1
365 1
3123 1
365 0
1788 1
1788 0
3781 1
2503 1
3123 0
615 1
2503 0
963 1
3781 0
1126 1
615 0
3179 1
3317 0
1126 0
606 1
1994 1
963 0
611 1
606 0
1994 0
5000 1
5000 0
1815 1
1815 0
3370 1
3108 1
611 0
1931 1
4631 0
3273 1
1931 0
3273 0
3274 1
4691 1
1249 1
3129 1
3129 0
3179 0
3195 1
4691 0
3195 0
1151 1
3108 0
162 1
1249 0
3107 1
3107 0
162 0
3370 0
2496 1
1151 0
2496 0
2686 1
3274 0
3272 1
3266 1
3272 0
2686 0
2076 1
1583 1
3266 0
2076 0
3374 1
1583 0
464 1
3374 0
2022 1
2023 1
2022 0
464 0
1542 1
2252 1
2023 0
2252 0
2082 1
1542 0
1227 1
2253 1
3323 1
2253 0
1227 0
1228 1
1108 1
1228 0
3294 1
1106 1
3294 0
1108 0
3323 0
3652 1
2082 0
3652 0
3651 1
3651 0
3650 1
1603 1
1106 0
1952 1
3650 0
1951 1
1952 0
1603 0
3297 1
1951 0
1678 1
1678 0
1981 1
3297 0
3308 1
2085 1
1981 0
887 1
3282 1
1119 1
887 0
4078 1
2085 0
3320 1
3282 0
648 1
3320 0
648 0
3319 1
356 1
3319 0
1333 1
1119 0
982 1
3308 0
356 0
216 1
1963 1
4078 0
1333 0
3281 1
4649 1
216 0
983 1
982 0
4649 0
5468 1
3074 1
1963 0
5468 0
2321 1
983 0
980 1
649 1
3281 0
979 1
980 0
2321 0
1000 1
410 1
3074 0
979 0
4780 1
3955 1
1000 0
4894 1
649 0
3955 0
1032 1
4780 0
4975 1
5165 1
410 0
1865 1
1240 1
1032 0
1120 1
1120 0
1859 1
1859 0
1921 1
1865 0
134 1
4894 0
2855 1
2805 1
134 0
1240 0
462 1
462 0
5164 1
5165 0
1139 1
4975 0
4712 1
5164 0
574 1
574 0
413 1
1921 0
3741 1
3742 1
3742 0
3741 0
1991 1
2805 0
413 0
3313 1
1139 0
4731 1
2855 0
4731 0
4732 1
4183 1
4712 0
482 1
1991 0
3313 0
3428 1
4732 0
4733 1
4733 0
3428 0
4183 0
4153 1
439 1
482 0
439 0
957 1
4153 0
4152 1
5232 1
4152 0
957 0
437 1
437 0
4660 1
2733 1
5232 0
552 1
4125 1
4641 1
4026 1
4641 0
4659 1
4659 0
4660 0
1891 1
4125 0
1891 0
5057 1
2733 0
552 0
4845 1
4026 0
569 1
5057 0
4132 1
4845 0
569 0
3720 1
4132 0
4131 1
3720 0
2246 1
4131 0
3595 1
2093 1
2246 0
1038 1
3595 0
2093 0
3850 1
4258 1
1038 0
3850 0
4919 1
622 1
4919 0
622 0
293 1
4825 1
293 0
3410 1
634 1
633 1
634 0
633 0
485 1
485 0
4258 0
85 1
3410 0
4825 0
4824 1
85 0
436 1
4824 0
2391 1
436 0
3408 1
2372 1
2391 0
2394 1
2395 1
3397 1
3408 0
1190 1
2372 0
1190 0
3538 1
3727 1
3727 0
2375 1
2375 0
2394 0
2395 0
5119 1
2374 1
2374 0
3538 0
3397 0
1882 1
5258 1
5119 0
1036 1
5258 0
4531 1
1882 0
4531 0
3843 1
1036 0
1628 1
1926 1
3843 0
1628 0
4294 1
1926 0
4294 0
