4451 1
3766 1
3766 0
2689 1
4451 0
5469 1
2552 1
2689 0
4474 1
5469 0
4439 1
2552 0
4468 1
4474 0
4439 0
4440 1
4440 0
684 1
3904 1
684 0
3904 0
2675 1
4374 1
4468 0
3002 1
4374 0
1177 1
2675 0
3934 1
1177 0
3003 1
3002 0
3934 0
334 1
3003 0
5055 1
5153 1
5055 0
334 0
2280 1
1147 1
2280 0
3825 1
5153 0
3824 1
3825 0
1147 0
3911 1
6 1
3911 0
3790 1
3824 0
2649 1
6 0
3790 0
296 1
4823 1
2649 0
296 0
1739 1
2654 1
2654 0
2653 1
3393 1
3552 1
3552 0
4823 0
5215 1
3393 0
2653 0
5215 0
1399 1
1739 0
3733 1
2647 1
1399 0
4174 1
3733 0
2647 0
1173 1
4174 0
2447 1
153 1
1173 0
153 0
3997 1
2958 1
3997 0
1225 1
2447 0
2958 0
5329 1
3624 1
1225 0
4800 1
4842 1
3624 0
1361 1
4800 0
1361 0
3855 1
3755 1
3755 0
3855 0
4798 1
3078 1
2470 1
2470 0
5329 0
2144 1
4798 0
2506 1
3078 0
1375 1
4842 0
4841 1
2506 0
3725 1
519 1
1375 0
4841 0
2312 1
2144 0
3060 1
519 0
1458 1
2312 0
2313 1
3361 1
2313 0
3060 0
4861 1
3725 0
1394 1
1956 1
1458 0
3360 1
3361 0
3728 1
3360 0
1394 0
3724 1
1543 1
3728 0
2287 1
3724 0
2287 0
1543 0
1627 1
1956 0
4339 1
1627 0
4861 0
4109 1
4339 0
3963 1
4612 1
3963 0
143 1
4612 0
3808 1
4109 0
3055 1
3808 0
143 0
1834 1
1660 1
1834 0
3055 0
530 1
1279 1
1660 0
530 0
5400 1
2482 1
1279 0
5239 1
2482 0
5400 0
1271 1
3617 1
5239 0
1271 0
2957 1
1064 1
2957 0
1929 1
3617 0
1929 0
4480 1
1364 1
4480 0
125 1
1064 0
1365 1
1364 0
1460 1
125 0
1460 0
962 1
1069 1
3449 1
3449 0
4353 1
3448 1
1365 0
1652 1
3448 0
1652 0
1069 0
1925 1
1925 0
1930 1
4353 0
4033 1
4033 0
2670 1
3122 1
1335 1
704 1
1335 0
843 1
704 0
1528 1
2670 0
4128 1
962 0
1528 0
4505 1
3773 1
958 1
958 0
3122 0
842 1
843 0
4687 1
842 0
3242 1
4128 0
4177 1
4505 0
4687 0
1748 1
4177 0
1930 0
3517 1
5159 1
3242 0
2704 1
3517 0
3773 0
4288 1
4288 0
168 1
2704 0
4343 1
3788 1
5352 1
1748 0
4176 1
4176 0
453 1
453 0
4688 1
3788 0
4688 0
4325 1
168 0
4575 1
4325 0
2018 1
5352 0
2018 0
2015 1
186 1
4575 0
4343 0
742 1
5159 0
613 1
613 0
5259 1
2017 1
2015 0
2019 1
2017 0
1647 1
742 0
3267 1
1193 1
171 1
186 0
1193 0
3267 0
3275 1
3395 1
2019 0
3275 0
3498 1
1647 0
3395 0
3071 1
333 1
171 0
3095 1
269 1
1114 1
3095 0
1114 0
5259 0
3096 1
3990 1
3990 0
1463 1
1463 0
269 0
1012 1
3071 0
1112 1
333 0
1112 0
3096 0
4344 1
3498 0
1012 0
5122 1
4344 0
1331 1
1331 0
1565 1
5122 0
1999 1
1987 1
1999 0
1565 0
1613 1
1622 1
1613 0
1621 1
1622 0
1974 1
1987 0
1977 1
1974 0
1623 1
1621 0
411 1
1977 0
1623 0
2260 1
411 0
422 1
5503 1
422 0
1870 1
2260 0
2485 1
5354 1
5354 0
5355 1
3260 1
350 1
350 0
2485 0
145 1
429 1
429 0
145 0
5355 0
4896 1
4896 0
521 1
2065 1
2065 0
231 1
5503 0
224 1
3260 0
521 0
1033 1
1870 0
1006 1
1029 1
1033 0
2 1
1029 0
231 0
1979 1
2 0
3591 1
1912 1
224 0
1896 1
1448 1
299 1
3590 1
3591 0
3590 0
1448 0
1896 0
1979 0
1982 1
3719 1
299 0
4981 1
3719 0
3330 1
4981 0
3330 0
4396 1
2597 1
2597 0
3583 1
4396 0
3417 1
1854 1
1854 0
1860 1
1912 0
181 1
181 0
3583 0
4909 1
3417 0
1269 1
1006 0
4683 1
1985 1
1982 0
4683 0
3565 1
1269 0
3920 1
4366 1
3565 0
4936 1
1985 0
3920 0
3388 1
3388 0
2449 1
4936 0
4852 1
2234 1
2449 0
2448 1
4852 0
4848 1
4140 1
2228 1
2228 0
4139 1
1860 0
4140 0
2234 0
4909 0
1970 1
4848 0
4366 0
3602 1
1970 0
90 1
3589 1
2448 0
384 1
4139 0
3582 1
3602 0
3588 1
3589 0
3588 0
2216 1
3604 1
3582 0
381 1
384 0
3604 0
4379 1
657 1
90 0
3594 1
2216 0
381 0
440 1
372 1
3594 0
501 1
657 0
4229 1
4379 0
4747 1
440 0
501 0
3184 1
4229 0
3382 1
2222 1
182 1
4072 1
182 0
43 1
372 0
4072 0
2222 0
3382 0
1044 1
43 0
1044 0
4747 0
374 1
3196 1
3184 0
2674 1
374 0
5237 1
3196 0
1231 1
2674 0
4677 1
1231 0
3584 1
4677 0
4678 1
3584 0
5237 0
1639 1
3858 1
1639 0
3238 1
4678 0
165 1
3858 0
3238 0
2329 1
3716 1
165 0
2329 0
3405 1
3699 1
3716 0
3405 0
1301 1
1301 0
3402 1
3775 1
655 1
655 0
3775 0
4955 1
3699 0
3403 1
3402 0
1790 1
3403 0
1790 0
3398 1
3398 0
3013 1
3013 0
4192 1
1121 1
4192 0
292 1
4955 0
1121 0
2331 1
2331 0
5314 1
761 1
4840 1
761 0
5314 0
4280 1
4840 0
2757 1
4280 0
2757 0
3598 1
3598 0
3715 1
3715 0
4699 1
207 1
292 0
4700 1
4699 0
3685 1
4700 0
129 1
3685 0
839 1
207 0
839 0
2665 1
2380 1
2665 0
3707 1
129 0
2381 1
2380 0
301 1
2358 1
3707 0
3681 1
2382 1
2381 0
301 0
3681 0
3692 1
2382 0
118 1
3692 0
2358 0
2359 1
118 0
2359 0
