2019 1
2724 1
415 1
2019 0
415 0
1769 1
2724 0
4224 1
4219 1
1769 0
4224 0
4225 1
4225 0
3171 1
6466 1
4219 0
6338 1
3171 0
6466 0
6785 1
6344 1
6338 0
6785 0
1675 1
6345 1
6344 0
4774 1
6345 0
6486 1
1675 0
6486 0
6786 1
4774 0
4775 1
1123 1
6786 0
4286 1
4775 0
1123 0
1193 1
4286 0
4174 1
6240 1
1193 0
1358 1
6240 0
4185 1
4185 0
4181 1
4284 1
4284 0
4182 1
4174 0
4181 0
1357 1
1357 0
4276 1
5425 1
4736 1
4736 0
1358 0
4276 0
4204 1
4182 0
5425 0
5427 1
2061 1
4204 0
5427 0
5426 1
5426 0
412 1
4169 1
2061 0
412 0
4257 1
5569 1
4169 0
741 1
5569 0
4256 1
4254 1
7770 1
7770 0
4254 0
5256 1
4257 0
6715 1
4256 0
6715 0
741 0
740 1
1302 1
5256 0
1302 0
5992 1
2262 1
2262 0
1819 1
4200 1
3159 1
3159 0
740 0
1819 0
5992 0
4258 1
4200 0
2208 1
4234 1
4258 0
2333 1
2208 0
4234 0
6760 1
2333 0
7834 1
6760 0
6759 1
7834 0
2399 1
6759 0
6474 1
6793 1
6474 0
2398 1
4248 1
6793 0
2398 0
2384 1
3344 1
3344 0
3345 1
2399 0
3345 0
4528 1
2391 1
2391 0
2384 0
4248 0
617 1
617 0
6795 1
1886 1
6795 0
2205 1
4528 0
4268 1
1886 0
2205 0
2206 1
4199 1
4199 0
4268 0
7887 1
7615 1
7615 0
4266 1
2206 0
7886 1
7886 0
7887 0
4267 1
4266 0
4267 0
