2902 1
2903 1
2902 0
4581 1
4581 0
525 1
2719 1
2315 1
2719 0
2865 1
2308 1
525 0
2865 0
2879 1
2903 0
2879 0
2870 1
2154 1
2154 0
2309 1
2308 0
4124 1
2870 0
2907 1
4124 0
2309 0
2808 1
2907 0
1917 1
803 1
803 0
2808 0
2806 1
2807 1
3782 1
2315 0
3782 0
4866 1
1917 0
2807 0
4866 0
2928 1
2806 0
2311 1
2912 1
2928 0
2311 0
2929 1
2912 0
2931 1
2931 0
2929 0
5096 1
5060 1
2539 1
5060 0
2539 0
2272 1
1885 1
5096 0
1890 1
1885 0
5206 1
2272 0
5350 1
2352 1
5369 1
5206 0
5348 1
827 1
1890 0
784 1
784 0
62 1
827 0
5348 0
2352 0
2684 1
5369 0
5350 0
61 1
62 0
1935 1
798 1
1935 0
798 0
2262 1
2684 0
1319 1
1547 1
1547 0
825 1
61 0
2262 0
825 0
4611 1
3444 1
936 1
3444 0
192 1
2774 1
4611 0
821 1
192 0
821 0
5427 1
936 0
1319 0
2264 1
5427 0
1003 1
2264 0
5303 1
3999 1
3999 0
845 1
1003 0
4518 1
845 0
5180 1
5303 0
736 1
5180 0
260 1
4292 1
260 0
2232 1
736 0
721 1
4518 0
4292 0
4751 1
1996 1
2232 0
5347 1
2774 0
1996 0
4606 1
3049 1
4751 0
4606 0
4979 1
3049 0
1417 1
4979 0
2059 1
1417 0
1416 1
793 1
4963 1
4963 0
721 0
720 1
720 0
665 1
159 1
665 0
1416 0
5196 1
159 0
158 1
5347 0
5335 1
1181 1
2059 0
2511 1
5335 0
2977 1
94 1
793 0
94 0
2976 1
2979 1
2979 0
2977 0
158 0
5196 0
614 1
5380 1
1181 0
796 1
2511 0
107 1
614 0
2991 1
796 0
2976 0
575 1
5380 0
5028 1
4308 1
107 0
575 0
686 1
2986 1
2990 1
2991 0
2990 0
2989 1
2986 0
2987 1
2972 1
2987 0
1471 1
5028 0
64 1
2992 1
64 0
686 0
2989 0
2992 0
2971 1
2972 0
2971 0
4308 0
2237 1
141 1
1471 0
4315 1
2237 0
141 0
4319 1
4315 0
4316 1
4319 0
4320 1
4320 0
4039 1
4039 0
4316 0
