410 1
2958 1
2958 0
7262 1
410 0
6714 1
7262 0
7263 1
7263 0
5033 1
6714 0
4750 1
4818 1
5033 0
4818 0
681 1
2960 1
4750 0
3157 1
681 0
2960 0
2855 1
4755 1
2855 0
6707 1
3157 0
4755 0
4756 1
642 1
6707 0
6708 1
642 0
6708 0
6709 1
4756 0
5756 1
5755 1
5756 0
6373 1
6709 0
4820 1
6373 0
5980 1
5755 0
6376 1
4820 0
1213 1
5980 0
6376 0
5665 1
1213 0
6282 1
6282 0
6281 1
5895 1
6281 0
5895 0
3178 1
3781 1
5665 0
3781 0
5320 1
5320 0
6837 1
3156 1
3178 0
2884 1
6837 0
7883 1
2884 0
3155 1
3156 0
3155 0
4788 1
4788 0
3169 1
3169 0
4803 1
7883 0
7882 1
7023 1
7882 0
6467 1
4803 0
5108 1
6467 0
7023 0
6998 1
6998 0
2786 1
5108 0
5112 1
3226 1
2786 0
1594 1
5112 0
3226 0
4309 1
4308 1
4309 0
6823 1
1594 0
5883 1
6823 0
4308 0
5880 1
5883 0
5884 1
1801 1
5880 0
6981 1
5884 0
1801 0
4300 1
6981 0
2428 1
957 1
2428 0
7863 1
4300 0
2213 1
957 0
4281 1
7863 0
2213 0
5971 1
4281 0
1642 1
5971 0
7663 1
1982 1
7663 0
7118 1
1642 0
7008 1
7118 0
6758 1
1982 0
7008 0
2411 1
2613 1
2411 0
4123 1
2613 0
4260 1
6758 0
2361 1
4123 0
6428 1
4260 0
6428 0
3605 1
2361 0
2360 1
2360 0
1116 1
6462 1
6462 0
6464 1
6464 0
2348 1
2349 1
3605 0
3626 1
3626 0
7428 1
2348 0
7428 0
1116 0
7752 1
7752 0
430 1
2354 1
430 0
482 1
2349 0
1624 1
482 0
1624 0
1623 1
2351 1
2354 0
2352 1
2351 0
5424 1
2352 0
1465 1
1623 0
5580 1
1465 0
7123 1
5580 0
7123 0
6272 1
2207 1
2207 0
1833 1
1833 0
474 1
6197 1
6197 0
5424 0
6272 0
5727 1
5727 0
981 1
474 0
473 1
981 0
6520 1
473 0
3647 1
6520 0
6525 1
3647 0
2273 1
649 1
6525 0
2657 1
649 0
2273 0
6198 1
6198 0
6196 1
2656 1
2657 0
2656 0
1788 1
1788 0
5266 1
6196 0
6156 1
6158 1
6156 0
5266 0
2228 1
6186 1
6186 0
6185 1
2874 1
6185 0
6158 0
2251 1
2251 0
2237 1
42 1
42 0
2874 0
1812 1
2228 0
1812 0
1813 1
4912 1
1813 0
2237 0
2238 1
4912 0
2274 1
2274 0
89 1
2238 0
1646 1
90 1
89 0
2236 1
1646 0
1034 1
90 0
466 1
2236 0
1034 0
2235 1
2235 0
466 0
