2164 1
1900 1
809 1
809 0
808 1
1880 1
6481 1
1638 1
1900 0
6964 1
6964 0
808 0
6970 1
6480 1
6481 0
2164 0
1558 1
1880 0
6112 1
2097 1
6480 0
1558 0
2097 0
6113 1
6113 0
1964 1
1964 0
6959 1
6115 1
3924 1
6115 0
6112 0
4704 1
1639 1
6970 0
6965 1
6966 1
6966 0
4704 0
6959 0
6955 1
1638 0
1639 0
6955 0
6956 1
6111 1
5699 1
911 1
911 0
6110 1
3924 0
5699 0
6111 0
6956 0
39 1
6965 0
3164 1
39 0
2897 1
6110 0
1517 1
6571 1
6571 0
1859 1
2110 1
2110 0
3164 0
1517 0
1860 1
1860 0
1484 1
2896 1
191 1
191 0
1485 1
2897 0
2896 0
1484 0
1859 0
1959 1
1228 1
1485 0
1228 0
1229 1
1324 1
1959 0
7013 1
1324 0
1229 0
1248 1
570 1
1248 0
7013 0
7016 1
570 0
2109 1
7015 1
7016 0
1917 1
1918 1
1867 1
7015 0
1917 0
1918 0
2109 0
3594 1
3594 0
3621 1
7034 1
7034 0
1867 0
1866 1
1866 0
3621 0
