5184 1
79 1
80 1
79 0
807 1
6369 1
1541 1
1542 1
2091 1
80 0
1541 0
1542 0
6369 0
807 0
3428 1
4501 1
504 1
503 1
503 0
5184 0
4501 0
2714 1
3428 0
6580 1
2091 0
5622 1
1901 1
6580 0
6578 1
4179 1
504 0
4179 0
6036 1
6036 0
7554 1
5622 0
5847 1
5847 0
1901 0
2714 0
6579 1
6578 0
2095 1
6579 0
7554 0
7555 1
2095 0
2096 1
5020 1
7555 0
1688 1
2096 0
5020 0
4240 1
1688 0
776 1
1452 1
4240 0
6049 1
776 0
1452 0
2431 1
6047 1
6049 0
6962 1
2431 0
6047 0
6094 1
6962 0
6454 1
5697 1
333 1
5697 0
6095 1
6967 1
6094 0
6954 1
6954 0
6095 0
333 0
6454 0
4381 1
4381 0
4380 1
4380 0
1876 1
6967 0
1950 1
3987 1
1876 0
1950 0
64 1
3987 0
3986 1
1899 1
64 0
3986 0
963 1
1899 0
1888 1
1957 1
963 0
1877 1
1957 0
1561 1
1877 0
4242 1
1888 0
4242 0
4241 1
1561 0
7709 1
7710 1
7709 0
4241 0
6555 1
3459 1
7710 0
1924 1
5103 1
1924 0
1925 1
6053 1
6053 0
6555 0
5103 0
814 1
815 1
1961 1
815 0
1961 0
3459 0
1981 1
1057 1
1981 0
7671 1
1925 0
814 0
3926 1
1057 0
7010 1
3927 1
3926 0
7671 0
7108 1
7107 1
7108 0
7002 1
3927 0
7002 0
7009 1
7009 0
878 1
7010 0
7011 1
7011 0
107 1
7107 0
107 0
6090 1
878 0
7024 1
7024 0
720 1
6090 0
7362 1
7027 1
720 0
7041 1
7027 0
3371 1
7362 0
7218 1
7041 0
7032 1
3371 0
7218 0
7217 1
7032 0
7031 1
7031 0
7037 1
7217 0
7377 1
7037 0
4844 1
4844 0
7377 0
