2715 1
883 1
883 0
6898 1
1912 1
2715 0
2104 1
5954 1
6898 0
5954 0
1912 0
572 1
4293 1
2104 0
2691 1
4293 0
573 1
572 0
5132 1
2691 0
2082 1
573 0
5131 1
5132 0
2082 0
1477 1
6358 1
5131 0
5128 1
6358 0
6051 1
1477 0
5128 0
609 1
609 0
6015 1
6050 1
6051 0
6016 1
6015 0
2650 1
6050 0
2650 0
2649 1
6016 0
561 1
561 0
1321 1
4046 1
2649 0
1321 0
1311 1
5845 1
4046 0
4093 1
5845 0
1311 0
6029 1
6030 1
6029 0
6027 1
6030 0
6551 1
4093 0
6551 0
124 1
6027 0
6026 1
6026 0
1947 1
1848 1
124 0
1826 1
4270 1
2433 1
1848 0
2434 1
2434 0
4270 0
1826 0
1849 1
1849 0
1947 0
1969 1
810 1
2433 0
810 0
1907 1
1969 0
1970 1
4851 1
1970 0
1907 0
4795 1
1564 1
4851 0
675 1
4795 0
1731 1
675 0
1565 1
4693 1
1565 0
6652 1
554 1
1564 0
1909 1
1909 0
6652 0
4693 0
1655 1
1731 0
1655 0
1557 1
2111 1
554 0
6923 1
2111 0
1557 0
1934 1
6924 1
6923 0
1934 0
417 1
417 0
3429 1
6924 0
1870 1
1870 0
5086 1
458 1
3429 0
1378 1
5086 0
458 0
1995 1
1378 0
3328 1
282 1
3328 0
1995 0
901 1
1974 1
901 0
1974 0
1973 1
282 0
568 1
1996 1
1973 0
568 0
424 1
1879 1
1996 0
1535 1
424 0
5315 1
1879 0
5315 0
5314 1
871 1
5314 0
1535 0
157 1
849 1
871 0
207 1
849 0
157 0
3625 1
4862 1
207 0
1988 1
4862 0
3625 0
3636 1
7006 1
1988 0
3636 0
1936 1
1936 0
3586 1
7006 0
7007 1
3586 0
3585 1
4473 1
7007 0
3585 0
2199 1
1131 1
4473 0
355 1
2199 0
4083 1
1131 0
2230 1
4083 0
356 1
355 0
356 0
3637 1
2231 1
3637 0
3631 1
303 1
304 1
304 0
2088 1
303 0
2230 0
2846 1
2088 0
2231 0
3632 1
3631 0
4840 1
2846 0
1873 1
3632 0
1873 0
3595 1
4839 1
4840 0
1353 1
4839 0
3596 1
3595 0
1353 0
3596 0
