5493 1
4541 1
5471 1
4541 0
5492 1
5493 0
5492 0
3038 1
5471 0
3080 1
3080 0
5126 1
3038 0
3035 1
5126 0
5125 1
3034 1
3035 0
4008 1
5125 0
3983 1
3034 0
4230 1
4008 0
3817 1
2678 1
3816 1
2795 1
2795 0
4338 1
3817 0
2564 1
2564 0
2678 0
174 1
174 0
1871 1
3816 0
4557 1
1871 0
3983 0
3984 1
4338 0
3793 1
4557 0
4558 1
5358 1
5007 1
4558 0
5358 0
2876 1
4446 1
4446 0
4230 0
2876 0
2623 1
3792 1
3793 0
3792 0
2732 1
1940 1
2732 0
2578 1
1940 0
4048 1
2573 1
2578 0
5007 0
4195 1
719 1
2586 1
2586 0
4195 0
2573 0
3862 1
3862 0
4048 0
512 1
2524 1
3984 0
3903 1
2524 0
3903 0
1645 1
1838 1
512 0
2623 0
2512 1
719 0
353 1
4007 1
4436 1
1838 0
1767 1
2265 1
353 0
1645 0
3024 1
3024 0
5298 1
4007 0
1767 0
991 1
5441 1
2512 0
390 1
5441 0
390 0
4720 1
4718 1
2265 0
4916 1
5266 1
5266 0
4718 0
4916 0
4720 0
5390 1
991 0
2801 1
4436 0
5390 0
5298 0
2277 1
5111 1
2277 0
2801 0
5267 1
15 1
5267 0
15 0
1205 1
2618 1
5111 0
2618 0
2621 1
1205 0
1204 1
2621 0
3982 1
1204 0
2745 1
2745 0
5316 1
3670 1
364 1
2825 1
2274 1
2824 1
2825 0
2824 0
3982 0
5274 1
3670 0
2609 1
5274 0
2609 0
1792 1
5316 0
1450 1
1792 0
5458 1
2602 1
2274 0
2602 0
2604 1
2629 1
2629 0
5458 0
364 0
868 1
1450 0
868 0
5023 1
709 1
5023 0
4108 1
709 0
2606 1
2604 0
2606 0
2599 1
2599 0
2598 1
5090 1
4108 0
770 1
2598 0
5090 0
4438 1
770 0
771 1
4438 0
5075 1
4651 1
5075 0
771 0
1355 1
4634 1
1355 0
2290 1
4651 0
4634 0
3233 1
5009 1
2290 0
532 1
3233 0
5009 0
2566 1
2292 1
2566 0
532 0
247 1
247 0
629 1
2292 0
2759 1
2759 0
5363 1
637 1
4264 1
5363 0
4265 1
4264 0
5319 1
2042 1
612 1
2042 0
5320 1
5319 0
637 0
626 1
335 1
3128 1
3135 1
629 0
3128 0
626 0
3135 0
617 1
5320 0
5230 1
612 0
4572 1
617 0
5230 0
2070 1
348 1
4572 0
2070 0
5095 1
348 0
700 1
295 1
5095 0
700 0
987 1
2965 1
295 0
3134 1
335 0
987 0
986 1
3127 1
3134 0
3127 0
3139 1
986 0
3125 1
3147 1
3125 0
3147 0
3139 0
2472 1
2965 0
3248 1
2472 0
3030 1
1402 1
4265 0
1402 0
4826 1
3030 0
4826 0
4883 1
5184 1
3248 0
5184 0
5285 1
4883 0
3884 1
5286 1
5285 0
5286 0
5287 1
3181 1
5287 0
3884 0
534 1
3181 0
4427 1
4427 0
4796 1
245 1
4796 0
317 1
534 0
245 0
4241 1
4941 1
4241 0
526 1
317 0
1513 1
4941 0
1513 0
305 1
305 0
666 1
526 0
1428 1
667 1
666 0
667 0
4362 1
1428 0
1341 1
4362 0
243 1
2199 1
243 0
1341 0
5051 1
2008 1
2199 0
2008 0
4181 1
4181 0
232 1
3337 1
4711 1
4711 0
5051 0
1166 1
1166 0
3951 1
3337 0
4763 1
232 0
2487 1
4763 0
2487 0
2488 1
4764 1
3951 0
5081 1
4764 0
1965 1
2488 0
1965 0
2459 1
5081 0
900 1
5463 1
2459 0
315 1
900 0
362 1
315 0
3918 1
362 0
3918 0
4998 1
5463 0
4148 1
481 1
5135 1
5135 0
4175 1
4998 0
4081 1
481 0
4081 0
2761 1
4175 0
2761 0
2760 1
4148 0
4776 1
2760 0
4367 1
4776 0
4158 1
4369 1
4367 0
3922 1
4369 0
2182 1
4154 1
4154 0
2182 0
4289 1
4289 0
4595 1
4595 0
4046 1
4158 0
3919 1
3922 0
4052 1
4046 0
4052 0
5362 1
3852 1
3919 0
1235 1
3852 0
5078 1
1235 0
5078 0
4251 1
375 1
5362 0
1960 1
4251 0
375 0
3422 1
3839 1
1960 0
3429 1
3422 0
3839 0
4075 1
4075 0
4076 1
1409 1
3429 0
4024 1
4076 0
4656 1
4024 0
5041 1
4656 0
2489 1
1409 0
4787 1
2489 0
5041 0
210 1
210 0
58 1
27 1
58 0
4728 1
4787 0
27 0
213 1
70 1
213 0
4728 0
4080 1
86 1
70 0
66 1
4284 1
86 0
4285 1
4285 0
4284 0
4844 1
69 1
69 0
4080 0
706 1
66 0
4070 1
706 0
4070 0
2393 1
2376 1
2393 0
200 1
4844 0
200 0
2243 1
264 1
2243 0
3942 1
2376 0
3940 1
4404 1
4404 0
1907 1
1907 0
3942 0
3939 1
3939 0
156 1
264 0
156 0
20 1
3946 1
3940 0
263 1
263 0
3946 0
20 0
96 1
96 0
24 1
202 1
24 0
202 0
