1476 1
1475 1
2782 1
1475 0
2782 0
4419 1
1476 0
4552 1
4419 0
4418 1
4420 1
4418 0
5448 1
4552 0
2569 1
4420 0
2569 0
278 1
2731 1
2703 1
2731 0
2703 0
4247 1
5085 1
5085 0
5296 1
2254 1
2254 0
5448 0
5194 1
4247 0
5194 0
277 1
278 0
2762 1
277 0
5296 0
416 1
2762 0
1719 1
3328 1
416 0
3328 0
3453 1
3453 0
2577 1
2577 0
4210 1
1719 0
358 1
358 0
2914 1
5066 1
4210 0
3347 1
2914 0
2864 1
3347 0
2899 1
5066 0
5270 1
3212 1
4837 1
3212 0
1438 1
5270 0
2696 1
2899 0
2916 1
2864 0
4838 1
4837 0
116 1
4838 0
1438 0
4216 1
1743 1
116 0
3264 1
1743 0
909 1
2696 0
3264 0
2908 1
4216 0
2854 1
2854 0
708 1
2869 1
708 0
2916 0
2809 1
2919 1
2809 0
2869 0
2256 1
3882 1
5261 1
910 1
910 0
909 0
4900 1
4900 0
2256 0
2255 1
5261 0
2908 0
2724 1
4735 1
2724 0
2255 0
3882 0
4735 0
5419 1
1488 1
2919 0
5150 1
1488 0
5150 0
5151 1
2837 1
5419 0
5151 0
2650 1
3354 1
2837 0
2650 0
1595 1
1595 0
1596 1
2844 1
3354 0
1596 0
193 1
2844 0
4328 1
4328 0
4957 1
4957 0
193 0
4741 1
4666 1
2804 1
4741 0
130 1
4666 0
1097 1
130 0
2671 1
2804 0
1482 1
1097 0
1275 1
2671 0
545 1
1482 0
4317 1
545 0
1275 0
1276 1
5392 1
1276 0
382 1
4317 0
5392 0
753 1
1295 1
753 0
382 0
3786 1
840 1
1295 0
724 1
966 1
2591 1
2590 1
724 0
2591 0
567 1
494 1
966 0
5418 1
2590 0
1357 1
1357 0
494 0
567 0
3277 1
3786 0
539 1
3277 0
4847 1
2475 1
4847 0
646 1
5418 0
3138 1
539 0
840 0
3587 1
3893 1
3138 0
2475 0
5120 1
646 0
3186 1
5120 0
3811 1
3893 0
4123 1
3587 0
1853 1
4918 1
3186 0
4123 0
2765 1
3811 0
2484 1
4058 1
1853 0
2765 0
2766 1
3191 1
4918 0
2484 0
905 1
905 0
676 1
2766 0
4679 1
1086 1
4058 0
670 1
4679 0
3191 0
2905 1
378 1
676 0
3837 1
1086 0
670 0
529 1
378 0
2013 1
3385 1
759 1
751 1
751 0
2905 0
5238 1
5238 0
3385 0
3837 0
546 1
52 1
529 0
730 1
546 0
2012 1
148 1
2102 1
2013 0
2209 1
2209 0
2523 1
2523 0
2012 0
148 0
2116 1
2116 0
730 0
773 1
932 1
773 0
932 0
920 1
1289 1
759 0
778 1
1289 0
768 1
920 0
768 0
921 1
2102 0
2121 1
778 0
4298 1
915 1
921 0
915 0
916 1
916 0
97 1
2121 0
2099 1
503 1
97 0
1415 1
52 0
926 1
503 0
4298 0
4509 1
4509 0
4302 1
346 1
346 0
767 1
926 0
925 1
2625 1
925 0
2099 0
2118 1
767 0
4302 0
23 1
2117 1
2118 0
1415 0
4738 1
4722 1
2625 0
3966 1
4722 0
2117 0
2171 1
3966 0
2304 1
2304 0
1325 1
2172 1
2171 0
23 0
2257 1
2994 1
1325 0
2163 1
2257 0
4702 1
4738 0
2172 0
2075 1
4314 1
2163 0
4144 1
4314 0
2075 0
883 1
2994 0
2993 1
695 1
4144 0
836 1
2993 0
4305 1
695 0
25 1
4305 0
4034 1
25 0
2200 1
4702 0
2200 0
2025 1
3833 1
782 1
313 1
3833 0
831 1
4853 1
506 1
831 0
836 0
506 0
2969 1
2025 0
782 0
36 1
883 0
313 0
2968 1
2969 0
2968 0
3287 1
4034 0
4029 1
2165 1
36 0
196 1
4029 0
741 1
4853 0
741 0
472 1
1298 1
472 0
3287 0
3880 1
3880 0
3432 1
857 1
2418 1
1298 0
3432 0
5113 1
1278 1
5113 0
2418 0
5143 1
1278 0
2046 1
3865 1
5143 0
2046 0
3865 0
857 0
327 1
327 0
2165 0
3499 1
1211 1
196 0
4372 1
1211 0
4050 1
878 1
4050 0
894 1
4133 1
4134 1
4372 0
259 1
4133 0
894 0
4134 0
789 1
878 0
4313 1
3499 0
3501 1
259 0
2966 1
3507 1
789 0
877 1
4313 0
2966 0
34 1
4028 1
2726 1
2726 0
34 0
877 0
4028 0
1387 1
3507 0
4488 1
3502 1
3086 1
3501 0
4490 1
4490 0
4488 0
2798 1
1387 0
3502 0
867 1
2798 0
3512 1
3086 0
867 0
888 1
3500 1
888 0
3512 0
779 1
3500 0
779 0
