3940 1
3939 1
759 1
3940 0
3930 1
3939 0
759 0
1394 1
3930 0
736 1
1394 0
6607 1
3931 1
736 0
6751 1
6752 1
3931 0
3928 1
6752 0
3575 1
6751 0
3644 1
3644 0
6607 0
2825 1
298 1
2825 0
298 0
2029 1
746 1
3928 0
745 1
746 0
3938 1
745 0
3558 1
2075 1
3575 0
3558 0
2076 1
2030 1
2029 0
2030 0
6133 1
2075 0
2076 0
3938 0
1120 1
1120 0
7427 1
6133 0
3422 1
6425 1
6425 0
6510 1
6510 0
6509 1
6509 0
6426 1
7427 0
108 1
108 0
3421 1
3422 0
1177 1
3421 0
4494 1
6426 0
1507 1
4494 0
1177 0
6129 1
1412 1
6129 0
1507 0
3711 1
2727 1
1412 0
3711 0
4388 1
2727 0
2726 1
7374 1
4388 0
2726 0
7296 1
3568 1
7374 0
7296 0
7295 1
795 1
7295 0
7170 1
3568 0
7170 0
6542 1
6541 1
6542 0
795 0
829 1
829 0
4090 1
6539 1
6541 0
6925 1
4090 0
6802 1
6539 0
4371 1
6925 0
6801 1
6802 0
4371 0
862 1
7908 1
302 1
6801 0
1683 1
4378 1
4377 1
7563 1
1933 1
1933 0
301 1
4386 1
4386 0
4385 1
4385 0
4378 0
7906 1
7909 1
7909 0
7908 0
302 0
301 0
6266 1
1683 0
7563 0
7564 1
7564 0
4382 1
4382 0
2148 1
2148 0
3269 1
4377 0
7907 1
7906 0
7907 0
7581 1
862 0
6334 1
7751 1
7581 0
4325 1
6266 0
3269 0
3270 1
4320 1
3270 0
277 1
7751 0
4325 0
6128 1
3295 1
6128 0
5588 1
6334 0
4320 0
7303 1
3295 0
2143 1
277 0
278 1
5588 0
6064 1
7179 1
7303 0
7901 1
278 0
190 1
2143 0
190 0
3756 1
2190 1
7901 0
7282 1
2190 0
4436 1
7179 0
7283 1
7282 0
3756 0
6883 1
6765 1
7283 0
2571 1
6765 0
4653 1
2571 0
6881 1
7359 1
7357 1
7359 0
6881 0
6883 0
4653 0
7357 0
4437 1
4436 0
5702 1
4437 0
5702 0
752 1
752 0
4711 1
4711 0
5618 1
5618 0
2365 1
4447 1
2365 0
6401 1
6064 0
5642 1
4447 0
5642 0
4443 1
4596 1
4443 0
4595 1
4596 0
1041 1
7351 1
7351 0
6401 0
974 1
974 0
4595 0
4574 1
4574 0
4439 1
4577 1
4439 0
3297 1
4577 0
4582 1
3297 0
4582 0
4583 1
2864 1
1041 0
4583 0
4575 1
6850 1
4575 0
4136 1
6850 0
7847 1
2864 0
4136 0
1449 1
927 1
7847 0
863 1
4012 1
1449 0
1448 1
863 0
2680 1
4018 1
1448 0
7454 1
4012 0
2680 0
3047 1
927 0
1692 1
7063 1
5860 1
6534 1
6535 1
6535 0
6534 0
1387 1
7454 0
1387 0
5861 1
2850 1
7063 0
2850 0
3047 0
297 1
3874 1
4018 0
5861 0
297 0
2756 1
2756 0
2757 1
3826 1
5860 0
3874 0
328 1
2757 0
218 1
259 1
328 0
218 0
217 1
1080 1
3826 0
5983 1
1692 0
5114 1
259 0
6370 1
1080 0
7401 1
6370 0
4017 1
217 0
4016 1
4017 0
5353 1
7401 0
5114 0
6921 1
5983 0
384 1
5353 0
5358 1
6920 1
6921 0
5358 0
5357 1
6920 0
6922 1
4016 0
1577 1
2868 1
384 0
3818 1
6922 0
2002 1
5357 0
3795 1
3818 0
5377 1
2002 0
1577 0
3641 1
3642 1
3641 0
3796 1
3795 0
5377 0
5649 1
5649 0
5650 1
3823 1
3796 0
3823 0
3822 1
3807 1
3822 0
1528 1
2868 0
3677 1
3807 0
3825 1
5650 0
3825 0
1363 1
3387 1
3803 1
3803 0
3677 0
1363 0
6851 1
1528 0
1635 1
1568 1
6851 0
7226 1
7227 1
7227 0
3388 1
1568 0
1569 1
3388 0
3819 1
3642 0
2069 1
5738 1
5738 0
6463 1
3387 0
2069 0
7226 0
481 1
1569 0
2217 1
481 0
5429 1
1635 0
6463 0
2218 1
2218 0
2217 0
5284 1
3819 0
5284 0
5285 1
369 1
5285 0
5429 0
5432 1
3305 1
5432 0
3305 0
4140 1
2201 1
4140 0
369 0
7689 1
7690 1
7689 0
2201 0
3612 1
5396 1
7690 0
5396 0
4919 1
548 1
3612 0
6356 1
548 0
7712 1
4919 0
2588 1
7712 0
2589 1
2588 0
6356 0
7299 1
2589 0
1154 1
3576 1
7299 0
3577 1
3576 0
3577 0
1221 1
4146 1
1221 0
4003 1
1154 0
4145 1
4146 0
4145 0
1212 1
6041 1
4003 0
1212 0
3547 1
6041 0
1276 1
3574 1
3547 0
1289 1
1276 0
3574 0
247 1
1289 0
2539 1
973 1
247 0
973 0
972 1
2539 0
2540 1
3552 1
2540 0
972 0
7764 1
7765 1
7764 0
3553 1
3552 0
7765 0
1548 1
1548 0
6843 1
3538 1
6843 0
4804 1
3553 0
3162 1
2062 1
3161 1
993 1
3161 0
3162 0
2062 0
4804 0
4805 1
4805 0
3581 1
3538 0
934 1
3581 0
934 0
3539 1
994 1
993 0
7763 1
3539 0
7763 0
1915 1
2731 1
994 0
2731 0
3457 1
1915 0
2569 1
4156 1
2569 0
4155 1
4156 0
3423 1
3457 0
4155 0
3415 1
3423 0
3424 1
3424 0
3452 1
238 1
3415 0
3451 1
3452 0
238 0
3425 1
3451 0
3436 1
3425 0
3426 1
3426 0
1436 1
1148 1
3435 1
5491 1
1436 0
3433 1
3433 0
3432 1
3432 0
5491 0
3436 0
1148 0
3435 0
