3457 1
1776 1
3457 0
5235 1
5235 0
3447 1
3450 1
3447 0
1776 0
1777 1
3450 0
3840 1
3931 1
1777 0
712 1
3840 0
712 0
1727 1
3931 0
5146 1
5146 0
3455 1
1826 1
3455 0
477 1
2334 1
3442 1
1727 0
1665 1
1607 1
1665 0
1607 0
3442 0
477 0
1826 0
1825 1
1825 0
3818 1
3818 0
2334 0
3462 1
5473 1
3462 0
3463 1
5490 1
1262 1
4898 1
3463 0
5490 0
5473 0
4898 0
142 1
5071 1
1262 0
5050 1
142 0
2713 1
5071 0
2705 1
5050 0
4526 1
5389 1
2713 0
1218 1
5389 0
2705 0
3376 1
5433 1
5433 0
3492 1
4526 0
3376 0
1218 0
4126 1
2446 1
4126 0
3493 1
3492 0
1916 1
2446 0
199 1
3493 0
198 1
199 0
1916 0
671 1
1918 1
1918 0
1867 1
3489 1
423 1
423 0
671 0
1867 0
1893 1
1893 0
2343 1
198 0
2343 0
3489 0
