7237 1
842 1
4901 1
842 0
4900 1
4901 0
801 1
4900 0
7238 1
7237 0
7238 0
7405 1
7405 0
6308 1
801 0
1927 1
6283 1
1927 0
6309 1
6308 0
3175 1
6283 0
6710 1
6309 0
6145 1
3175 0
4780 1
4780 0
6710 0
7045 1
6146 1
6145 0
1298 1
6146 0
1298 0
4781 1
4890 1
7045 0
4984 1
4890 0
3780 1
4984 0
4723 1
4781 0
4723 0
4725 1
3780 0
3781 1
5320 1
3781 0
3166 1
5320 0
4826 1
4725 0
6434 1
3166 0
4826 0
4825 1
4825 0
4837 1
6434 0
1774 1
7022 1
1774 0
4799 1
4837 0
7022 0
3163 1
4814 1
4799 0
4741 1
4814 0
6783 1
4741 0
3163 0
4426 1
40 1
6783 0
5514 1
4426 0
40 0
4193 1
5507 1
5873 1
542 1
1125 1
542 0
5514 0
5873 0
5507 0
2491 1
4193 0
4213 1
1125 0
2491 0
2490 1
4210 1
4213 0
2490 0
1379 1
4296 1
1379 0
4210 0
2695 1
2429 1
4296 0
2695 0
1552 1
2429 0
2372 1
1552 0
4302 1
1641 1
2372 0
4289 1
1641 0
4303 1
4302 0
4291 1
4289 0
4303 0
4307 1
2024 1
4307 0
4291 0
4290 1
1428 1
2024 0
508 1
4290 0
508 0
6427 1
4124 1
1428 0
4124 0
3912 1
6427 0
6429 1
52 1
3912 0
2221 1
6429 0
2221 0
6465 1
52 0
51 1
5886 1
51 0
4810 1
6465 0
1540 1
4810 0
5886 0
1127 1
2355 1
1127 0
2355 0
2383 1
1539 1
1540 0
2383 0
2395 1
4800 1
1539 0
2045 1
4800 0
2045 0
4166 1
2395 0
2418 1
5582 1
4166 0
5582 0
5578 1
5457 1
5578 0
1740 1
1740 0
2099 1
6849 1
6849 0
6210 1
6210 0
2418 0
5457 0
5458 1
7394 1
5458 0
2098 1
2099 0
3118 1
7394 0
2098 0
2071 1
6523 1
3118 0
2071 0
5900 1
1824 1
6523 0
5900 0
2685 1
2685 0
6396 1
1824 0
6799 1
6396 0
5901 1
6800 1
6799 0
2253 1
5901 0
6800 0
5866 1
1723 1
2253 0
2256 1
1723 0
6491 1
2256 0
5867 1
5866 0
5867 0
5869 1
6492 1
5868 1
5869 0
5868 0
6491 0
6492 0
