3706 1
1744 1
584 1
1744 0
3706 0
5067 1
584 0
1786 1
5067 0
1146 1
1561 1
1146 0
1786 0
4469 1
1848 1
4469 0
1848 0
1827 1
1561 0
3496 1
1827 0
1839 1
2644 1
1839 0
2644 0
3634 1
3496 0
3906 1
3907 1
3907 0
3807 1
265 1
265 0
4563 1
3634 0
4895 1
5333 1
3906 0
3815 1
2657 1
5333 0
2657 0
4895 0
3653 1
3653 0
3807 0
4912 1
4563 0
4464 1
4912 0
3815 0
4673 1
170 1
4464 0
4672 1
4673 0
3220 1
4672 0
170 0
1145 1
3219 1
3220 0
3551 1
3219 0
1145 0
3733 1
3551 0
2486 1
4174 1
3733 0
2486 0
4670 1
2546 1
4670 0
3986 1
4174 0
4693 1
2546 0
4693 0
2781 1
2781 0
4219 1
3986 0
1850 1
4276 1
5163 1
409 1
5163 0
4935 1
409 0
2156 1
4276 0
3859 1
4219 0
1850 0
1928 1
4935 0
1669 1
2156 0
46 1
46 0
5326 1
1669 0
1793 1
1928 0
1043 1
5326 0
1751 1
590 1
1793 0
4742 1
1043 0
1888 1
3859 0
4742 0
3991 1
1751 0
2103 1
4129 1
590 0
4129 0
488 1
2103 0
1441 1
3857 1
1888 0
488 0
4476 1
1819 1
5415 1
5414 1
5414 0
5415 0
75 1
3991 0
4135 1
1819 0
4135 0
1441 0
1440 1
1138 1
3857 0
4476 0
5397 1
1440 0
4748 1
74 1
75 0
4743 1
5397 0
607 1
1138 0
2407 1
74 0
2407 0
5106 1
4743 0
5181 1
4748 0
4749 1
5181 0
5366 1
5106 0
5366 0
607 0
3075 1
1688 1
4749 0
1688 0
1680 1
1684 1
3075 0
1680 0
3316 1
1706 1
1705 1
57 1
3316 0
1705 0
1684 0
1706 0
19 1
57 0
19 0
1895 1
1527 1
1527 0
1087 1
1164 1
1895 0
3276 1
1164 0
3276 0
1066 1
1532 1
1087 0
1167 1
1066 0
1673 1
1532 0
1673 0
1380 1
4021 1
1167 0
1141 1
677 1
1536 1
1380 0
677 0
1354 1
1244 1
1354 0
5393 1
1141 0
1536 0
1535 1
5393 0
951 1
694 1
1244 0
694 0
693 1
698 1
693 0
4493 1
951 0
4021 0
1496 1
4621 1
4493 0
698 0
4559 1
1073 1
608 1
1073 0
1535 0
214 1
608 0
3379 1
1641 1
1641 0
1650 1
4621 0
3379 0
4150 1
1496 0
1158 1
4951 1
4951 0
4947 1
4947 0
1959 1
1158 0
4150 0
1969 1
1650 0
1969 0
2032 1
4559 0
1241 1
1241 0
3533 1
21 1
3533 0
214 0
1563 1
2032 0
2001 1
1152 1
1959 0
2004 1
2001 0
1563 0
1082 1
1105 1
1152 0
5244 1
21 0
1102 1
1105 0
3831 1
1082 0
1944 1
2030 1
2029 1
2000 1
2004 0
2029 0
3831 0
3832 1
5244 0
1492 1
442 1
1944 0
3092 1
1492 0
5082 1
1104 1
1104 0
1102 0
3832 0
1620 1
442 0
4565 1
3092 0
448 1
5082 0
1562 1
1620 0
2030 0
652 1
2079 1
656 1
880 1
880 0
2000 0
2003 1
656 0
449 1
448 0
652 0
2079 0
4937 1
4565 0
1562 0
1556 1
449 0
1552 1
1604 1
1556 0
5446 1
1552 0
4937 0
1384 1
621 1
2003 0
2204 1
5446 0
1384 0
1020 1
1604 0
1544 1
999 1
491 1
491 0
1191 1
2204 0
3437 1
3437 0
999 0
2060 1
621 0
997 1
1191 0
997 0
5210 1
59 1
1544 0
2060 0
2021 1
1020 0
5070 1
1708 1
5210 0
605 1
5070 0
1708 0
459 1
88 1
605 0
5209 1
459 0
2021 0
4850 1
5209 0
272 1
272 0
4970 1
5029 1
88 0
1587 1
59 0
4850 0
229 1
5029 0
4336 1
4970 0
4971 1
856 1
229 0
314 1
4971 0
1587 0
4683 1
4336 0
794 1
3565 1
4683 0
815 1
856 0
314 0
5073 1
4548 1
794 0
1342 1
3565 0
4769 1
5073 0
815 0
4827 1
4549 1
4548 0
4769 0
944 1
4000 1
4827 0
3601 1
1342 0
4773 1
4000 0
4397 1
3601 0
5432 1
4549 0
4401 1
4397 0
944 0
433 1
4401 0
4400 1
972 1
433 0
5432 0
2819 1
3764 1
972 0
4400 0
3560 1
1923 1
4773 0
1045 1
3764 0
3560 0
3404 1
1046 1
1045 0
4669 1
3404 0
1046 0
3599 1
4669 0
2145 1
2819 0
5409 1
456 1
3599 0
1923 0
3698 1
2145 0
456 0
5409 0
2249 1
2249 0
173 1
173 0
970 1
2245 1
970 0
3697 1
3698 0
3697 0
91 1
2245 0
2248 1
91 0
2363 1
101 1
2248 0
2363 0
3675 1
2291 1
101 0
2291 0
2996 1
3675 0
3627 1
2360 1
3627 0
2240 1
2996 0
2997 1
2240 0
2998 1
2997 0
2360 0
402 1
3006 1
2998 0
3007 1
3006 0
3007 0
3000 1
1001 1
402 0
2999 1
3000 0
2999 0
4598 1
4598 0
4597 1
4597 0
367 1
368 1
367 0
4600 1
368 0
1877 1
4600 0
1877 0
5154 1
3708 1
1001 0
120 1
3708 0
2401 1
5154 0
2402 1
2401 0
120 0
2405 1
5084 1
2402 0
3665 1
5084 0
3665 0
240 1
2405 0
3694 1
3694 0
4422 1
4422 0
5175 1
5175 0
5174 1
4388 1
240 0
1363 1
5174 0
4390 1
4388 0
4389 1
3505 1
1363 0
3505 0
4390 0
4389 0
