5184 1
79 1
3428 1
5184 0
79 0
80 1
807 1
80 0
6369 1
807 0
3428 0
2714 1
6369 0
3676 1
3676 0
6039 1
2714 0
1901 1
6578 1
6039 0
5622 1
1901 0
5847 1
5622 0
6579 1
6578 0
2040 1
5844 1
5846 1
7554 1
7555 1
5847 0
7554 0
5844 0
2040 0
2095 1
6579 0
5846 0
2095 0
2096 1
7555 0
5020 1
2493 1
1688 1
1688 0
2096 0
776 1
5020 0
4240 1
2492 1
2493 0
2492 0
4239 1
4240 0
6049 1
776 0
793 1
4239 0
793 0
2432 1
6049 0
6047 1
6047 0
6094 1
2431 1
2432 0
6094 0
6095 1
2431 0
6962 1
6962 0
6454 1
6454 0
6453 1
6095 0
333 1
4380 1
6453 0
333 0
5697 1
4380 0
1876 1
5697 0
63 1
63 0
64 1
3987 1
1876 0
7100 1
3987 0
1899 1
64 0
7100 0
1958 1
1957 1
1958 0
1957 0
1877 1
1899 0
1888 1
1561 1
1877 0
4242 1
1888 0
1561 0
7709 1
4242 0
4241 1
4241 0
6555 1
5103 1
6555 0
1962 1
1962 0
459 1
3459 1
3459 0
1961 1
7710 1
7710 0
7709 0
459 0
1924 1
5103 0
815 1
1961 0
815 0
814 1
3926 1
814 0
1924 0
1925 1
1925 0
7108 1
7671 1
7671 0
2663 1
2663 0
5949 1
5949 0
3927 1
3926 0
7002 1
3927 0
7107 1
7108 0
7107 0
107 1
7002 0
6100 1
6972 1
720 1
6100 0
6972 0
107 0
6090 1
720 0
7027 1
5644 1
6090 0
7027 0
7041 1
915 1
5644 0
7041 0
7218 1
7218 0
7217 1
7038 1
7377 1
7217 0
914 1
3633 1
915 0
7031 1
7031 0
7032 1
7036 1
7037 1
7032 0
7037 0
914 0
7038 0
3633 0
6225 1
7036 0
7377 0
6224 1
6225 0
6224 0
