1714 1
1713 1
1714 0
1709 1
3640 1
1713 0
3637 1
1709 0
3637 0
976 1
3640 0
3335 1
3334 1
3335 0
3334 0
3644 1
3644 0
4554 1
4573 1
976 0
4573 0
618 1
4554 0
4556 1
618 0
2425 1
4556 0
428 1
428 0
5405 1
2425 0
2429 1
2429 0
2285 1
2285 0
1374 1
5405 0
1283 1
1374 0
2504 1
1283 0
1778 1
2504 0
1717 1
3642 1
1778 0
1809 1
1717 0
1809 0
1822 1
1822 0
1821 1
3451 1
3642 0
1801 1
3451 0
1582 1
1821 0
3472 1
1582 0
3443 1
1801 0
3472 0
3469 1
3443 0
3546 1
1802 1
3469 0
4349 1
3546 0
4349 0
535 1
1802 0
3548 1
536 1
535 0
3018 1
3548 0
3797 1
536 0
3018 0
2336 1
2336 0
3017 1
3797 0
3796 1
1732 1
3017 0
3796 0
1286 1
3879 1
1732 0
3879 0
1735 1
1286 0
2337 1
1070 1
2337 0
1735 0
1070 0
685 1
1461 1
650 1
1461 0
689 1
685 0
2457 1
650 0
689 0
688 1
2457 0
1722 1
687 1
688 0
1722 0
163 1
687 0
1153 1
163 0
3473 1
289 1
3473 0
1153 0
524 1
289 0
3821 1
3821 0
675 1
3214 1
524 0
3470 1
675 0
434 1
3214 0
463 1
434 0
3474 1
3470 0
3972 1
463 0
3976 1
3474 0
968 1
1545 1
1545 0
256 1
256 0
1576 1
1576 0
5167 1
968 0
1566 1
1566 0
1574 1
1574 0
1580 1
1730 1
1232 1
3972 0
5167 0
4522 1
662 1
3976 0
396 1
1232 0
1611 1
4522 0
662 0
755 1
765 1
764 1
3087 1
1580 0
1581 1
1581 0
765 0
1730 0
1611 0
4386 1
397 1
396 0
4386 0
1002 1
755 0
644 1
764 0
1340 1
1340 0
1601 1
1601 0
1608 1
3087 0
2954 1
397 0
4524 1
1002 0
1608 0
3333 1
2954 0
236 1
3480 1
644 0
1610 1
4524 0
1529 1
1268 1
1268 0
1883 1
1883 0
2086 1
2086 0
2087 1
3333 0
2347 1
3480 0
3332 1
1529 0
3332 0
1292 1
236 0
3576 1
3774 1
1610 0
3774 0
1292 0
1910 1
2087 0
3556 1
2817 1
3556 0
3571 1
2817 0
3576 0
3581 1
1911 1
1911 0
212 1
3581 0
3571 0
212 0
5399 1
2347 0
5399 0
4545 1
2861 1
2861 0
1910 0
3798 1
4744 1
4017 1
4017 0
3483 1
3483 0
1468 1
3798 0
4448 1
4448 0
4744 0
5160 1
5160 0
4293 1
4545 0
1968 1
5171 1
1968 0
5171 0
1806 1
2268 1
1468 0
4293 0
191 1
669 1
1879 1
1898 1
669 0
3682 1
1903 1
3682 0
1806 0
3979 1
3979 0
1902 1
1898 0
1592 1
1592 0
2268 0
2322 1
2323 1
2325 1
2325 0
2322 0
191 0
2458 1
2458 0
1879 0
5045 1
5045 0
4 1
1903 0
5128 1
661 1
556 1
661 0
556 0
3423 1
2323 0
4 0
1902 0
3010 1
3423 0
270 1
3010 0
5128 0
3714 1
2077 1
270 0
3689 1
3714 0
1124 1
2077 0
5311 1
3689 0
4083 1
5207 1
5207 0
5208 1
5208 0
5311 0
1124 0
5345 1
2396 1
5345 0
4083 0
2396 0
