1618 1
1278 1
579 1
1618 0
7074 1
1278 0
246 1
579 0
7072 1
7074 0
1494 1
246 0
1494 0
6459 1
7072 0
1281 1
797 1
1281 0
797 0
796 1
6459 0
2586 1
796 0
7075 1
2586 0
2587 1
20 1
7075 0
1295 1
1295 0
1294 1
6141 1
2587 0
6141 0
1836 1
1294 0
1835 1
1835 0
431 1
20 0
826 1
431 0
826 0
760 1
7647 1
1836 0
7646 1
7647 0
760 0
1316 1
1316 0
1255 1
257 1
7646 0
1255 0
109 1
109 0
6798 1
1303 1
257 0
2769 1
6798 0
1303 0
4747 1
1518 1
2769 0
7333 1
4747 0
3334 1
1518 0
7333 0
853 1
1410 1
853 0
1409 1
1410 0
3244 1
3334 0
1409 0
295 1
3244 0
1443 1
6348 1
1443 0
1326 1
6348 0
1460 1
1461 1
295 0
7701 1
3212 1
3212 0
4698 1
4698 0
1461 0
7596 1
1460 0
7596 0
1326 0
6058 1
6359 1
7701 0
6058 0
123 1
5105 1
123 0
5105 0
830 1
6359 0
2106 1
2106 0
5943 1
6335 1
5943 0
830 0
6062 1
6335 0
201 1
6062 0
320 1
1320 1
320 0
201 0
1572 1
1320 0
1576 1
85 1
900 1
900 0
899 1
4654 1
899 0
907 1
85 0
1572 0
1481 1
2200 1
907 0
6103 1
1576 0
1481 0
1313 1
4675 1
4655 1
4654 0
4675 0
4674 1
4674 0
2200 0
602 1
602 0
4671 1
6974 1
4655 0
569 1
6103 0
6974 0
128 1
4671 0
1856 1
128 0
129 1
1855 1
1856 0
2136 1
569 0
445 1
838 1
2080 1
129 0
2080 0
6874 1
2136 0
411 1
1855 0
6873 1
6874 0
6873 0
1864 1
1313 0
4688 1
411 0
4688 0
6887 1
1864 0
6108 1
6108 0
580 1
838 0
4887 1
445 0
4006 1
6887 0
5326 1
4888 1
4887 0
580 0
6098 1
828 1
5326 0
4888 0
4664 1
6044 1
4006 0
7501 1
828 0
4664 0
4884 1
4691 1
4884 0
2282 1
7501 0
4691 0
3033 1
5651 1
2282 0
4075 1
3033 0
4075 0
5651 0
6044 0
7055 1
6045 1
6098 0
6812 1
7055 0
6812 0
3335 1
6045 0
7289 1
2811 1
3335 0
722 1
2811 0
935 1
722 0
935 0
7703 1
1853 1
7289 0
7703 0
528 1
1853 0
904 1
6461 1
528 0
5726 1
5673 1
6461 0
5674 1
5674 0
5673 0
7552 1
5726 0
5709 1
5709 0
7618 1
7552 0
7375 1
904 0
7618 0
7395 1
7375 0
7376 1
7067 1
7395 0
1584 1
7376 0
7067 0
2556 1
6550 1
1584 0
2556 0
3935 1
1975 1
6550 0
2294 1
3935 0
1975 0
407 1
2294 0
5437 1
4084 1
407 0
4066 1
4084 0
5437 0
5433 1
5433 0
5430 1
3643 1
5430 0
4067 1
4066 0
3513 1
4067 0
3643 0
3616 1
4149 1
3616 0
3512 1
3513 0
4148 1
4149 0
3512 0
5288 1
4148 0
2583 1
5288 0
5289 1
2583 0
6531 1
6531 0
7248 1
7248 0
7249 1
5289 0
7336 1
7336 0
910 1
7766 1
910 0
3495 1
7766 0
3495 0
3491 1
3202 1
3526 1
2123 1
967 1
967 0
2123 0
7249 0
7250 1
7250 0
3203 1
3203 0
3202 0
3491 0
1019 1
3542 1
3543 1
3478 1
1019 0
1038 1
1038 0
3543 0
3542 0
3526 0
65 1
65 0
1115 1
6444 1
3478 0
2368 1
6444 0
1115 0
1114 1
2368 0
4129 1
7291 1
4129 0
3477 1
1114 0
3477 0
5871 1
7291 0
1222 1
3545 1
1222 0
5871 0
5872 1
6503 1
3544 1
3545 0
6502 1
6503 0
1462 1
5872 0
6502 0
254 1
3544 0
3583 1
3584 1
1462 0
3466 1
3584 0
254 0
3466 0
3467 1
3468 1
3467 0
3583 0
3416 1
3416 0
3417 1
3468 0
3469 1
3469 0
3417 0
