978 1
4206 1
991 1
978 0
2376 1
4206 0
991 0
4744 1
2376 0
2842 1
2842 0
7049 1
7040 1
7049 0
3624 1
4782 1
4744 0
3624 0
4782 0
4830 1
7039 1
7040 0
7039 0
48 1
4833 1
4830 0
3158 1
48 0
4780 1
4833 0
4780 0
4781 1
3158 0
4634 1
4634 0
4656 1
4781 0
4723 1
2114 1
4656 0
4723 0
4828 1
4827 1
4828 0
3167 1
2114 0
4827 0
4205 1
4205 0
4838 1
3167 0
7155 1
1202 1
7155 0
4838 0
359 1
4601 1
1202 0
359 0
7231 1
7230 1
7231 0
4600 1
4601 0
7672 1
7230 0
7672 0
4797 1
4600 0
4426 1
4426 0
5514 1
3163 1
3163 0
5514 0
5507 1
5515 1
5515 0
41 1
4797 0
4238 1
41 0
2688 1
4238 0
5507 0
1125 1
1125 0
4213 1
2490 1
2688 0
2490 0
1379 1
4295 1
1379 0
3170 1
4210 1
2695 1
2695 0
4210 0
4213 0
2694 1
3170 0
4172 1
4172 0
4295 0
4273 1
4250 1
4273 0
4250 0
4294 1
4294 0
2219 1
4282 1
2694 0
2219 0
938 1
939 1
938 0
4282 0
4283 1
939 0
2210 1
2059 1
4283 0
136 1
2059 0
136 0
2023 1
2211 1
2210 0
4251 1
2211 0
4251 0
509 1
2023 0
5758 1
4351 1
5758 0
509 0
6430 1
4351 0
2494 1
6430 0
6431 1
6431 0
4783 1
4783 0
4752 1
51 1
2494 0
51 0
5886 1
4752 0
689 1
5885 1
5886 0
3439 1
689 0
3439 0
3440 1
3440 0
4969 1
2396 1
5885 0
2397 1
2396 0
4969 0
4305 1
4305 0
4165 1
4165 0
1679 1
2422 1
2397 0
3228 1
1679 0
3228 0
3229 1
2407 1
2422 0
3229 0
7392 1
1136 1
2407 0
1136 0
139 1
562 1
7392 0
7594 1
562 0
139 0
5960 1
5959 1
5958 1
5958 0
5959 0
1922 1
1922 0
7594 0
7593 1
140 1
140 0
5143 1
5166 1
5166 0
5143 0
2641 1
1771 1
2641 0
5960 0
2435 1
1803 1
2435 0
7593 0
1803 0
1804 1
1804 0
1828 1
1770 1
1771 0
1770 0
2791 1
2791 0
1828 0
