2724 1
2019 1
2019 0
415 1
415 0
1769 1
4230 1
4230 0
4231 1
4224 1
4224 0
4225 1
4225 0
2724 0
3171 1
4219 1
1769 0
4231 0
4219 0
6466 1
6338 1
3171 0
6466 0
6785 1
6338 0
6344 1
6344 0
6345 1
6785 0
1675 1
4774 1
6345 0
1192 1
6486 1
6786 1
6486 0
1675 0
1123 1
1123 0
6786 0
1193 1
1192 0
4774 0
4775 1
4775 0
4286 1
4174 1
4286 0
1193 0
6240 1
4185 1
4174 0
4185 0
4181 1
6240 0
1358 1
1358 0
5425 1
4288 1
5425 0
5427 1
2061 1
4182 1
4182 0
4204 1
4204 0
4181 0
4288 0
5428 1
413 1
413 0
5428 0
412 1
5427 0
5426 1
5426 0
4169 1
2061 0
412 0
4257 1
4169 0
5569 1
4256 1
4257 0
5569 0
741 1
4256 0
6715 1
5256 1
6715 0
740 1
741 0
5256 0
1302 1
1302 0
5992 1
740 0
1819 1
2262 1
1819 0
4200 1
2262 0
5992 0
4258 1
2208 1
4200 0
4258 0
4234 1
2333 1
2208 0
4234 0
6760 1
2333 0
7834 1
6759 1
6760 0
2399 1
7834 0
6474 1
6759 0
2398 1
2399 0
7607 1
6472 1
6473 1
6473 0
6472 0
7607 0
6474 0
6793 1
6793 0
4248 1
2384 1
2398 0
4528 1
2384 0
617 1
4248 0
6795 1
617 0
1886 1
6795 0
2205 1
4528 0
1886 0
4268 1
2206 1
2205 0
7887 1
4266 1
7886 1
2206 0
4268 0
4267 1
7886 0
7887 0
4266 0
4267 0
