2715 1
1912 1
7258 1
7259 1
7259 0
572 1
2089 1
2089 0
7258 0
7257 1
1912 0
2715 0
7257 0
2104 1
2104 0
4293 1
4293 0
2691 1
572 0
573 1
2691 0
5132 1
573 0
2082 1
2082 0
608 1
5132 0
5131 1
5131 0
6358 1
4039 1
608 0
6358 0
5128 1
5128 0
609 1
6051 1
6015 1
609 0
2650 1
6050 1
4039 0
4040 1
2650 0
6050 0
6051 0
6015 0
6016 1
4040 0
5621 1
4047 1
5621 0
4046 1
4047 0
6016 0
2493 1
2493 0
2492 1
4046 0
5845 1
2492 0
800 1
4093 1
5845 0
4093 0
6551 1
800 0
6028 1
6551 0
124 1
124 0
1848 1
6048 1
6028 0
1848 0
4270 1
2093 1
6048 0
1947 1
2093 0
4270 0
2434 1
2434 0
2433 1
1969 1
1947 0
2433 0
810 1
1969 0
332 1
1907 1
810 0
1907 0
4795 1
4795 0
5556 1
332 0
6652 1
5556 0
832 1
832 0
1654 1
1909 1
6652 0
1655 1
1654 0
1557 1
1655 0
1909 0
705 1
4670 1
705 0
4670 0
6923 1
1934 1
1557 0
1934 0
417 1
6924 1
6923 0
1870 1
6924 0
417 0
3429 1
1870 0
1871 1
3429 0
458 1
1871 0
1858 1
458 0
1995 1
1994 1
1995 0
3328 1
1857 1
1857 0
1858 0
7109 1
282 1
3328 0
568 1
282 0
2001 1
1994 0
2001 0
2000 1
1997 1
2000 0
568 0
424 1
2662 1
2662 0
5066 1
7109 0
424 0
1535 1
1862 1
1997 0
1535 0
5314 1
1862 0
5066 0
1939 1
5314 0
871 1
871 0
1119 1
3636 1
1939 0
1119 0
1988 1
7006 1
1988 0
1936 1
3636 0
7007 1
7006 0
1936 0
1937 1
7007 0
4473 1
3601 1
1937 0
3585 1
3601 0
4473 0
6056 1
2199 1
3585 0
2088 1
6056 0
303 1
2088 0
2199 0
3635 1
3637 1
3635 0
303 0
304 1
3637 0
3631 1
167 1
5313 1
6223 1
3632 1
5313 0
5312 1
67 1
304 0
6223 0
5312 0
3632 0
3631 0
67 0
167 0
