2818 1
2739 1
2738 1
2739 0
2818 0
2878 1
2738 0
4405 1
4405 0
3936 1
2878 0
4872 1
2737 1
2737 0
5310 1
5309 1
5309 0
1133 1
5310 0
1133 0
3936 0
121 1
121 0
122 1
4555 1
4872 0
4555 0
4782 1
4782 0
4204 1
3658 1
4204 0
2900 1
122 0
4232 1
3658 0
2900 0
2158 1
1484 1
4232 0
2814 1
1484 0
5079 1
2814 0
2158 0
358 1
2914 1
358 0
2914 0
3347 1
2864 1
3347 0
5079 0
4255 1
2435 1
4255 0
2864 0
2916 1
2435 0
2720 1
2809 1
2916 0
562 1
2720 0
2809 0
2310 1
2310 0
2918 1
562 0
2850 1
1488 1
2918 0
268 1
2850 0
1488 0
5150 1
268 0
2853 1
2316 1
5150 0
2933 1
2853 0
347 1
2316 0
2937 1
2933 0
2863 1
347 0
2863 0
1079 1
1078 1
1079 0
1078 0
2937 0
1505 1
1487 1
3869 1
1486 1
1505 0
2083 1
1487 0
3869 0
2083 0
4632 1
722 1
4632 0
722 0
2346 1
49 1
2925 1
5341 1
5340 1
3969 1
5340 0
5341 0
3969 0
1938 1
1486 0
49 0
2925 0
1938 0
3848 1
2346 0
405 1
4862 1
405 0
4862 0
466 1
3848 0
4243 1
543 1
466 0
1439 1
4243 0
1439 0
1796 1
45 1
543 0
1067 1
1296 1
2230 1
1067 0
718 1
1296 0
1795 1
1796 0
624 1
718 0
2923 1
1795 0
1085 1
45 0
2271 1
2230 0
625 1
624 0
934 1
1085 0
625 0
3190 1
4403 1
2923 0
5094 1
4235 1
5094 0
2231 1
852 1
2271 0
2231 0
4235 0
308 1
931 1
308 0
931 0
3835 1
3835 0
3834 1
3834 0
934 0
786 1
4403 0
4272 1
3190 0
2188 1
822 1
852 0
2188 0
5440 1
935 1
786 0
935 0
922 1
822 0
5443 1
790 1
4272 0
783 1
922 0
3751 1
5440 0
5115 1
5443 0
783 0
1281 1
3751 0
4327 1
4434 1
790 0
26 1
5115 0
5337 1
26 0
1281 0
1013 1
1013 0
0 1
154 1
1092 1
4049 1
4049 0
1092 0
1194 1
4327 0
154 0
0 0
874 1
2963 1
5337 0
1415 1
4434 0
3838 1
874 0
1194 0
128 1
2963 0
1948 1
758 1
128 0
3838 0
1217 1
758 0
460 1
4737 1
1217 0
4738 1
1415 0
3823 1
1948 0
4738 0
4702 1
460 0
4295 1
800 1
4737 0
4702 0
797 1
747 1
4295 0
4956 1
3823 0
257 1
800 0
797 0
801 1
4956 0
215 1
4299 1
747 0
506 1
257 0
2969 1
801 0
831 1
506 0
2969 0
2968 1
4299 0
3089 1
728 1
831 0
470 1
2968 0
215 0
112 1
3896 1
728 0
3089 0
4323 1
4570 1
470 0
112 0
1386 1
1224 1
3896 0
1351 1
1224 0
4570 0
1222 1
1385 1
1386 0
1222 0
1830 1
1351 0
2639 1
2640 1
2639 0
1830 0
514 1
2640 0
514 0
1385 0
2126 1
4323 0
4047 1
4321 1
2126 0
4051 1
4321 0
544 1
4047 0
160 1
544 0
160 0
33 1
3253 1
4051 0
3253 0
4038 1
4038 0
2984 1
3935 1
1326 1
33 0
1326 0
2984 0
3935 0
