2019 1
2724 1
415 1
1769 1
1769 0
415 0
2019 0
2012 1
2012 0
4219 1
3693 1
3693 0
4224 1
2724 0
4224 0
4225 1
4225 0
3171 1
4219 0
6466 1
6338 1
3171 0
6785 1
6466 0
1675 1
6785 0
6338 0
6344 1
6486 1
1675 0
6345 1
6344 0
6343 1
6343 0
4775 1
6345 0
4774 1
4774 0
6486 0
6786 1
1123 1
6786 0
4775 0
4286 1
4286 0
4174 1
1358 1
1193 1
1124 1
1124 0
1123 0
1357 1
7836 1
7836 0
6240 1
1193 0
6240 0
1358 0
4174 0
4284 1
4284 0
4182 1
4736 1
1357 0
4276 1
4736 0
4276 0
5425 1
4204 1
4182 0
5425 0
5427 1
2061 1
4204 0
5427 0
5426 1
4169 1
2061 0
412 1
5426 0
412 0
4257 1
5569 1
3442 1
741 1
4169 0
4170 1
4170 0
4301 1
4301 0
3442 0
5569 0
4257 0
4254 1
4254 0
7770 1
7770 0
5256 1
740 1
741 0
5256 0
1302 1
3159 1
740 0
5992 1
1302 0
4200 1
3159 0
5992 0
4258 1
4200 0
2208 1
4258 0
4234 1
2208 0
2333 1
2333 0
7834 1
6760 1
6759 1
6760 0
1135 1
112 1
112 0
4234 0
4262 1
4262 0
7834 0
2399 1
6474 1
6474 0
6759 0
1135 0
6793 1
6792 1
6792 0
2391 1
2399 0
4248 1
6793 0
2391 0
3344 1
3344 0
3345 1
617 1
4248 0
617 0
6795 1
4528 1
3345 0
1886 1
6795 0
2205 1
4528 0
1886 0
4268 1
7615 1
4268 0
2205 0
2206 1
4199 1
7615 0
4199 0
7887 1
7886 1
2206 0
7887 0
7886 0
