5493 1
4541 1
4961 1
4961 0
5492 1
5493 0
5471 1
4541 0
5492 0
3038 1
5471 0
3080 1
5126 1
3080 0
3034 1
3983 1
3041 1
3041 0
3038 0
5086 1
5086 0
3035 1
3034 0
3035 0
5125 1
4008 1
5125 0
5136 1
4446 1
5136 0
2617 1
2617 0
5126 0
4008 0
4230 1
4230 0
3817 1
2678 1
2795 1
2564 1
3817 0
2564 0
4338 1
2795 0
2678 0
174 1
174 0
1871 1
1871 0
4557 1
3793 1
4338 0
4558 1
4557 0
2250 1
2250 0
3793 0
1940 1
1818 1
1818 0
5007 1
4558 0
3984 1
3983 0
2732 1
3792 1
3792 0
2732 0
4446 0
2876 1
4048 1
1940 0
5007 0
4195 1
4048 0
512 1
4195 0
2586 1
2623 1
2876 0
1645 1
3903 1
1645 0
2467 1
2466 1
3984 0
3024 1
2466 0
2467 0
2586 0
719 1
3903 0
2524 1
512 0
1838 1
2524 0
1838 0
1767 1
2623 0
2512 1
353 1
719 0
353 0
2265 1
5298 1
3024 0
991 1
1767 0
390 1
5441 1
4721 1
4720 1
4721 0
4723 1
4723 0
4726 1
2512 0
4726 0
390 0
5441 0
5266 1
4916 1
4718 1
2265 0
4718 0
5266 0
4720 0
4916 0
5298 0
2277 1
2801 1
991 0
5111 1
2277 0
5267 1
2801 0
5267 0
15 1
2618 1
5111 0
1205 1
15 0
2621 1
2618 0
1205 0
1204 1
2621 0
3982 1
2745 1
1204 0
2745 0
5316 1
2825 1
3982 0
2825 0
2824 1
2824 0
2274 1
1792 1
5316 0
1792 0
1450 1
2629 1
2274 0
2602 1
2629 0
2602 0
2604 1
5342 1
4934 1
1450 0
5183 1
4108 1
5342 0
5183 0
4934 0
5023 1
709 1
868 1
5023 0
709 0
868 0
2604 0
2606 1
2599 1
2606 0
2599 0
2598 1
4108 0
5090 1
770 1
2598 0
4438 1
591 1
591 0
5090 0
5204 1
4651 1
5204 0
4438 0
5075 1
5075 0
770 0
771 1
1355 1
771 0
4634 1
1355 0
4651 0
2290 1
4634 0
3233 1
5009 1
2566 1
5009 0
1764 1
2292 1
2290 0
1764 0
2566 0
532 1
532 0
247 1
3156 1
3156 0
3159 1
3233 0
3159 0
3128 1
629 1
247 0
629 0
2759 1
2292 0
2759 0
5363 1
5363 0
4264 1
3135 1
3128 0
4264 0
4265 1
5319 1
2042 1
612 1
2042 0
626 1
3135 0
5320 1
5319 0
5320 0
617 1
5230 1
612 0
626 0
335 1
617 0
4572 1
5230 0
2070 1
4572 0
348 1
5095 1
2070 0
295 1
5095 0
348 0
700 1
700 0
987 1
987 0
986 1
335 0
3134 1
2965 1
295 0
3134 0
3127 1
3139 1
3127 0
3125 1
986 0
3147 1
3125 0
3139 0
3147 0
2472 1
2965 0
3248 1
2472 0
4826 1
3030 1
1402 1
3626 1
3626 0
1397 1
1397 0
4883 1
4265 0
4826 0
3030 0
1402 0
5184 1
5184 0
3633 1
5025 1
5025 0
3248 0
5285 1
3633 0
3884 1
4883 0
5286 1
5285 0
5286 0
5287 1
3181 1
5287 0
534 1
3884 0
3181 0
4427 1
4796 1
4427 0
245 1
4796 0
317 1
534 0
245 0
4241 1
4941 1
4241 0
317 0
526 1
1513 1
4941 0
305 1
1513 0
666 1
305 0
526 0
1428 1
667 1
666 0
1428 0
1341 1
3346 1
667 0
3345 1
3346 0
243 1
2199 1
243 0
4362 1
4362 0
1341 0
5051 1
2008 1
2199 0
2201 1
232 1
3345 0
2201 0
2186 1
2186 0
4181 1
2008 0
4181 0
5051 0
1166 1
4711 1
1166 0
4711 0
3951 1
232 0
2487 1
2488 1
2487 0
3951 0
4764 1
4764 0
5081 1
2488 0
1965 1
5081 0
900 1
1965 0
2459 1
5463 1
2459 0
900 0
315 1
362 1
315 0
362 0
3918 1
4998 1
3918 0
4148 1
5463 0
4998 0
5135 1
5135 0
4175 1
2761 1
4175 0
2760 1
2761 0
4148 0
4776 1
4158 1
4776 0
2760 0
4367 1
4367 0
4369 1
3922 1
4369 0
4158 0
4595 1
4595 0
4289 1
4046 1
4289 0
3922 0
3919 1
4046 0
4052 1
5362 1
4052 0
3919 0
3852 1
1235 1
3852 0
5362 0
375 1
5078 1
1235 0
5078 0
4251 1
4251 0
1960 1
375 0
3422 1
1960 0
3839 1
3422 0
3429 1
3839 0
4075 1
4075 0
4076 1
4024 1
4076 0
1409 1
3429 0
4024 0
4656 1
4656 0
5041 1
1409 0
2489 1
4787 1
2489 0
210 1
5041 0
210 0
58 1
27 1
58 0
4728 1
4787 0
27 0
213 1
70 1
213 0
70 0
86 1
4728 0
4080 1
69 1
86 0
4080 0
706 1
69 0
4284 1
4285 1
4284 0
4070 1
706 0
4844 1
4285 0
2393 1
4070 0
2376 1
2393 0
4844 0
200 1
200 0
2243 1
4404 1
2376 0
4404 0
1907 1
264 1
2243 0
3940 1
1907 0
264 0
156 1
20 1
156 0
3940 0
3946 1
263 1
3946 0
20 0
96 1
96 0
263 0
