5366 1
6497 1
6675 1
6675 0
4231 1
4231 0
4230 1
4230 0
6498 1
1832 1
6498 0
6499 1
6497 0
6500 1
5874 1
6500 0
4187 1
4188 1
6499 0
4187 0
5366 0
5365 1
5365 0
2374 1
5874 0
2149 1
787 1
2149 0
4157 1
2374 0
4186 1
1207 1
4186 0
4157 0
4077 1
4188 0
4077 0
1633 1
4079 1
1633 0
1832 0
786 1
6314 1
786 0
787 0
3656 1
3656 0
5819 1
1207 0
5817 1
5819 0
1497 1
6314 0
4079 0
1497 0
2430 1
2430 0
4292 1
2778 1
5571 1
2778 0
4214 1
5572 1
5817 0
5818 1
5818 0
4214 0
4292 0
2004 1
2049 1
2004 0
5584 1
5572 0
5568 1
5568 0
1820 1
2048 1
1820 0
5571 0
5584 0
2049 0
416 1
2048 0
2047 1
7082 1
7816 1
2047 0
7082 0
4232 1
4249 1
4424 1
4424 0
4233 1
416 0
4249 0
4232 0
7816 0
7827 1
7822 1
7827 0
4233 0
6470 1
5106 1
7822 0
6471 1
6470 0
1823 1
5106 0
6471 0
5243 1
1796 1
1823 0
526 1
5243 0
7824 1
7818 1
7824 0
7825 1
4259 1
7818 0
651 1
1796 0
7833 1
7833 0
4259 0
7825 0
650 1
526 0
651 0
650 0
