7237 1
842 1
4901 1
842 0
4901 0
4900 1
7238 1
7237 0
801 1
4900 0
7405 1
7238 0
801 0
1927 1
7405 0
6308 1
6309 1
6308 0
6283 1
1927 0
3175 1
1214 1
230 1
230 0
6146 1
6283 0
1214 0
6309 0
6710 1
6145 1
3175 0
6145 0
7045 1
6710 0
4890 1
7045 0
6146 0
1298 1
4890 0
4984 1
4984 0
3780 1
1298 0
4779 1
4778 1
4779 0
3780 0
3781 1
4778 0
4724 1
3781 0
5320 1
3166 1
5320 0
6434 1
3166 0
4724 0
179 1
179 0
4787 1
1774 1
6434 0
4787 0
4825 1
4825 0
4837 1
1774 0
7022 1
4799 1
4837 0
4814 1
4799 0
4741 1
4814 0
3163 1
7022 0
4426 1
3163 0
4741 0
6783 1
4426 0
7880 1
6783 0
40 1
7881 1
7880 0
7881 0
5873 1
4193 1
40 0
5873 0
542 1
542 0
1125 1
2491 1
4193 0
4213 1
1125 0
4210 1
4213 0
2490 1
2491 0
2490 0
1379 1
4296 1
1379 0
2695 1
4210 0
4296 0
2429 1
1552 1
2695 0
2372 1
2429 0
1552 0
4302 1
2372 0
1641 1
4289 1
1641 0
4307 1
4303 1
4307 0
4302 0
4244 1
4243 1
4243 0
4291 1
4289 0
4303 0
4244 0
1429 1
1429 0
1428 1
4290 1
4291 0
4290 0
508 1
6427 1
508 0
1428 0
4124 1
3912 1
4124 0
6429 1
6427 0
3912 0
52 1
2221 1
6429 0
2221 0
6465 1
804 1
52 0
1126 1
804 0
6464 1
6465 0
1127 1
1126 0
6464 0
6462 1
6462 0
7380 1
2355 1
1127 0
7380 0
4801 1
2355 0
2383 1
4801 0
4800 1
4800 0
2045 1
2383 0
2395 1
2045 0
4166 1
2418 1
2395 0
5582 1
4166 0
5578 1
5582 0
2418 0
6210 1
5578 0
5457 1
6523 1
6210 0
6849 1
5458 1
7393 1
7393 0
5457 0
5455 1
5454 1
5454 0
5458 0
7394 1
6849 0
2099 1
3118 1
6523 0
5455 0
6521 1
6521 0
6522 1
2099 0
2098 1
3118 0
7394 0
2071 1
2098 0
5900 1
2071 0
6522 0
2382 1
3851 1
2382 0
3851 0
1824 1
5900 0
2685 1
6799 1
1824 0
5901 1
2367 1
2253 1
2367 0
2685 0
6396 1
5901 0
6396 0
6800 1
6799 0
1723 1
2253 0
5866 1
6800 0
1723 0
2256 1
5867 1
5866 0
6491 1
6492 1
5869 1
5868 1
5869 0
5867 0
6491 0
6492 0
2254 1
2254 0
5868 0
2255 1
2255 0
2256 0
