2478 1
2572 1
2572 0
5089 1
3975 1
5089 0
3037 1
3975 0
4351 1
4351 0
3619 1
5438 1
5391 1
961 1
961 0
5438 0
2478 0
3619 0
560 1
2417 1
5391 0
561 1
560 0
3037 0
340 1
4834 1
3036 1
3036 0
340 0
2191 1
2191 0
561 0
4675 1
4009 1
4675 0
2417 0
1696 1
4009 0
1782 1
2620 1
1782 0
2620 0
4834 0
2465 1
2465 0
2468 1
2468 0
138 1
2517 1
2656 1
2673 1
2656 0
2672 1
2673 0
2517 0
3862 1
3862 0
2573 1
3760 1
1785 1
3760 0
1785 0
138 0
137 1
967 1
967 0
2707 1
2707 0
1775 1
1775 0
2672 0
2683 1
2464 1
137 0
2573 0
2578 1
2708 1
2683 0
719 1
2578 0
1696 0
421 1
1831 1
2708 0
2464 0
2242 1
719 0
353 1
421 0
1137 1
2456 1
2242 0
389 1
1137 0
4717 1
353 0
3778 1
1831 0
3778 0
4868 1
4868 0
4867 1
4867 0
3827 1
4717 0
4718 1
752 1
389 0
3897 1
3897 0
5266 1
4718 0
5266 0
752 0
1629 1
2456 0
1629 0
279 1
3826 1
3827 0
280 1
279 0
879 1
3826 0
339 1
280 0
339 0
2217 1
4629 1
879 0
2217 0
1176 1
5037 1
4629 0
5253 1
5253 0
4888 1
4915 1
4888 0
4765 1
4915 0
4623 1
1176 0
3670 1
3670 0
5274 1
5274 0
4997 1
5037 0
4765 0
3485 1
4997 0
868 1
3485 0
5459 1
4623 0
1136 1
5459 0
868 0
5023 1
3285 1
1136 0
3285 0
2493 1
709 1
5023 0
415 1
2493 0
3956 1
709 0
4060 1
415 0
639 1
4060 0
3956 0
5324 1
288 1
639 0
5324 0
4438 1
288 0
1933 1
4438 0
5075 1
5496 1
1933 0
5075 0
309 1
5038 1
5496 0
309 0
505 1
505 0
714 1
5038 0
4635 1
1789 1
4635 0
1807 1
714 0
3099 1
1789 0
2294 1
1807 0
2294 0
1402 1
3161 1
3099 0
4893 1
3300 1
3300 0
5320 1
4893 0
964 1
617 1
5320 0
604 1
964 0
5461 1
617 0
3131 1
3161 0
3377 1
604 0
5461 0
5462 1
5462 0
29 1
2069 1
3377 0
700 1
29 0
2069 0
3043 1
3124 1
3131 0
1402 0
3030 1
987 1
700 0
1435 1
987 0
630 1
3043 0
3140 1
3124 0
77 1
630 0
1435 0
619 1
3173 1
3140 0
3148 1
619 0
3148 0
3173 0
2471 1
77 0
2471 0
2195 1
3030 0
4826 1
227 1
2195 0
4037 1
4826 0
5185 1
227 0
3296 1
4037 0
5185 0
5049 1
3296 0
1144 1
4447 1
5049 0
1457 1
1144 0
4447 0
647 1
647 0
2040 1
1924 1
2040 0
2964 1
1924 0
1411 1
1457 0
4884 1
2964 0
4885 1
4941 1
4884 0
1513 1
4941 0
4885 0
1499 1
1411 0
1499 0
3261 1
305 1
1513 0
4910 1
305 0
4910 0
3431 1
2368 1
3431 0
1063 1
3261 0
2235 1
2368 0
2236 1
2235 0
2236 0
180 1
4005 1
180 0
1063 0
989 1
989 0
455 1
16 1
455 0
4926 1
4005 0
3057 1
4926 0
3057 0
427 1
3337 1
16 0
3337 0
4764 1
4764 0
4762 1
3951 1
3951 0
3182 1
427 0
1965 1
2487 1
2487 0
2488 1
2488 0
3182 0
2579 1
2579 0
5305 1
5305 0
4762 0
2883 1
5416 1
2883 0
5416 0
4766 1
3891 1
4766 0
3891 0
943 1
1965 0
2459 1
5179 1
943 0
2459 0
1799 1
5179 0
5178 1
1799 0
225 1
5178 0
1741 1
5170 1
1741 0
4082 1
5170 0
225 0
4777 1
4082 0
901 1
901 0
3739 1
4777 0
406 1
3743 1
3739 0
2088 1
3743 0
2088 0
3923 1
406 0
2182 1
3923 0
1284 1
4154 1
2182 0
4145 1
4154 0
496 1
1284 0
3754 1
4145 0
4365 1
496 0
3754 0
3425 1
5078 1
4365 0
4251 1
5078 0
4251 0
2460 1
3425 0
5361 1
3434 1
5361 0
4075 1
2460 0
4075 0
4076 1
3434 0
3435 1
4024 1
4076 0
2367 1
3435 0
5327 1
4024 0
2366 1
2367 0
5327 0
63 1
973 1
2366 0
4361 1
2741 1
2741 0
973 0
523 1
63 0
1230 1
523 0
4225 1
1230 0
2379 1
4361 0
4668 1
2379 0
3121 1
4225 0
3121 0
3748 1
3748 0
2469 1
3094 1
4668 0
3759 1
3094 0
65 1
2469 0
3759 0
3677 1
65 0
235 1
3677 0
992 1
1352 1
235 0
5456 1
992 0
5456 0
3941 1
1352 0
890 1
3942 1
3941 0
156 1
890 0
3939 1
3942 0
156 0
20 1
24 1
20 0
3939 0
4359 1
4359 0
202 1
202 0
24 0
