1709 1
1781 1
1709 0
3637 1
3637 0
976 1
1779 1
1781 0
976 0
4573 1
1780 1
1779 0
4573 0
3638 1
1780 0
2207 1
3638 0
3394 1
3813 1
3394 0
3641 1
2207 0
3415 1
3813 0
3415 0
3416 1
3413 1
3416 0
3464 1
3646 1
5405 1
3641 0
3645 1
5405 0
1283 1
1283 0
3464 0
1703 1
3646 0
3413 0
1810 1
1703 0
1810 0
4266 1
3645 0
2913 1
1844 1
4266 0
2913 0
5412 1
244 1
1844 0
5412 0
3546 1
3446 1
244 0
3546 0
4349 1
4348 1
4349 0
3446 0
1724 1
4348 0
1823 1
3797 1
1823 0
3605 1
1724 0
1686 1
3605 0
3797 0
3796 1
511 1
1686 0
587 1
3796 0
3439 1
511 0
587 0
1579 1
3439 0
3440 1
1579 0
3440 0
1246 1
3829 1
1246 0
1571 1
3829 0
3459 1
3459 0
3465 1
4432 1
1571 0
3465 0
3554 1
4430 1
4432 0
4431 1
4430 0
3475 1
3477 1
3477 0
1693 1
1214 1
1693 0
3821 1
3821 0
3554 0
289 1
289 0
3476 1
4431 0
4992 1
1214 0
4992 0
1019 1
1019 0
4904 1
3976 1
3976 0
3479 1
3476 0
3474 1
3474 0
3470 1
3470 0
662 1
662 0
3475 0
291 1
291 0
2601 1
4904 0
1872 1
2601 0
3479 0
3478 1
1462 1
1872 0
3478 0
1950 1
1874 1
1462 0
392 1
1874 0
3494 1
1950 0
392 0
1909 1
3494 0
3344 1
4017 1
1909 0
4017 0
4744 1
4744 0
5160 1
2203 1
3344 0
5160 0
3180 1
2203 0
172 1
3180 0
108 1
2458 1
108 0
5280 1
2706 1
172 0
5280 0
3486 1
2706 0
1879 1
2458 0
1879 0
319 1
3486 0
1817 1
319 0
1316 1
2229 1
1817 0
1550 1
1316 0
672 1
2229 0
1551 1
1550 0
1551 0
3420 1
672 0
3420 0
