4658 1
4657 1
4657 0
6478 1
4658 0
4484 1
4484 0
6576 1
1908 1
6576 0
6479 1
6478 0
6479 0
6482 1
989 1
988 1
1944 1
6082 1
6065 1
1908 0
6082 0
988 0
989 0
6482 0
6527 1
6711 1
538 1
2065 1
2065 0
6711 0
6527 0
1956 1
6968 1
1956 0
1944 0
1943 1
1965 1
6065 0
1965 0
2826 1
6969 1
2826 0
6968 0
1943 0
538 0
537 1
6963 1
537 0
6591 1
6963 0
6957 1
6969 0
6957 0
6109 1
6109 0
6102 1
293 1
6591 0
3985 1
293 0
3985 0
1967 1
1889 1
1951 1
1951 0
1889 0
930 1
6101 1
6102 0
6104 1
6104 0
6653 1
6653 0
6101 0
2015 1
1967 0
664 1
664 0
2013 1
2014 1
1861 1
1861 0
2015 0
663 1
858 1
858 0
2013 0
2014 0
4905 1
930 0
7271 1
4905 0
663 0
5920 1
7271 0
7270 1
5920 0
7717 1
1884 1
7717 0
1418 1
7270 0
1884 0
1883 1
199 1
1418 0
7011 1
1883 0
7042 1
199 0
1977 1
7009 1
7009 0
7011 0
1977 0
4054 1
7028 1
7030 1
7665 1
7030 0
7028 0
1890 1
1890 0
7664 1
7029 1
7033 1
7033 0
7042 0
7664 0
7665 0
4054 0
1267 1
1603 1
1914 1
1603 0
1267 0
7026 1
7026 0
7029 0
7181 1
806 1
1914 0
1232 1
806 0
7025 1
7181 0
922 1
1232 0
7025 0
922 0
