5018 1
1396 1
1301 1
1396 0
1463 1
6136 1
1463 0
5018 0
1301 0
5341 1
2072 1
1281 1
896 1
6136 0
2072 0
5341 0
1281 0
797 1
897 1
896 0
796 1
797 0
962 1
897 0
796 0
6813 1
6813 0
719 1
962 0
6139 1
719 0
872 1
6140 1
6139 0
872 0
794 1
258 1
6140 0
794 0
7207 1
5774 1
258 0
757 1
7207 0
757 0
726 1
5774 0
1286 1
6144 1
1286 0
7399 1
726 0
6144 0
6142 1
6142 0
2378 1
6977 1
7399 0
847 1
2378 0
6977 0
6978 1
6980 1
6978 0
6980 0
1443 1
847 0
769 1
769 0
3449 1
3450 1
3449 0
6348 1
1443 0
3450 0
4698 1
5671 1
6348 0
4698 0
3212 1
264 1
3212 0
5671 0
5670 1
1048 1
5670 0
2106 1
264 0
2106 0
5943 1
6018 1
1048 0
5943 0
6335 1
6018 0
859 1
6335 0
201 1
1693 1
859 0
201 0
1572 1
6435 1
1693 0
4880 1
1572 0
6435 0
1320 1
1320 0
1576 1
6103 1
1576 0
4031 1
4880 0
4031 0
1864 1
1864 0
6108 1
569 1
6103 0
445 1
569 0
445 0
5675 1
580 1
6108 0
2542 1
5675 0
2542 0
7055 1
6812 1
7055 0
580 0
3582 1
6812 0
7844 1
7844 0
7845 1
7845 0
722 1
4681 1
4681 0
3335 1
2811 1
3582 0
803 1
2811 0
3335 0
803 0
940 1
117 1
940 0
722 0
935 1
1931 1
935 0
4055 1
117 0
7678 1
1931 0
439 1
7678 0
905 1
4055 0
439 0
440 1
5673 1
440 0
5674 1
5673 0
5674 0
7552 1
7552 0
7618 1
905 0
904 1
7395 1
7618 0
7375 1
904 0
7376 1
7375 0
7376 0
1584 1
7067 1
7395 0
1584 0
219 1
7067 0
2556 1
965 1
219 0
965 0
512 1
2556 0
5431 1
5431 0
5438 1
4716 1
512 0
4716 0
1987 1
5138 1
5138 0
5438 0
4139 1
2294 1
5437 1
5437 0
6816 1
1987 0
2294 0
6816 0
3507 1
3617 1
3507 0
4139 0
4071 1
2808 1
3617 0
4071 0
3643 1
3616 1
3643 0
2798 1
2808 0
1816 1
3616 0
1816 0
2847 1
3261 1
2798 0
3260 1
3261 0
3600 1
2847 0
3608 1
3600 0
2123 1
3608 0
3260 0
1249 1
1249 0
1250 1
2123 0
967 1
1254 1
1250 0
1254 0
3494 1
3614 1
967 0
3494 0
975 1
3614 0
7298 1
975 0
1003 1
1003 0
2118 1
7298 0
405 1
3475 1
405 0
4129 1
2368 1
2368 0
4129 0
354 1
118 1
2118 0
354 0
676 1
3475 0
676 0
1215 1
1215 0
5499 1
118 0
1035 1
1035 0
3489 1
5499 0
5500 1
3489 0
3488 1
3466 1
5500 0
3464 1
3464 0
3465 1
3465 0
3488 0
678 1
3467 1
3466 0
3419 1
3467 0
6678 1
6678 0
4769 1
4769 0
3419 0
3418 1
3418 0
880 1
880 0
678 0
