2682 1
1750 1
5195 1
1750 0
5195 0
233 1
2700 1
2682 0
2700 0
4307 1
233 0
1160 1
4411 1
4307 0
1160 0
1159 1
4553 1
1159 0
4454 1
1721 1
1721 0
4553 0
4411 0
4412 1
4412 0
4413 1
2167 1
4454 0
3338 1
4413 0
2779 1
3338 0
407 1
2167 0
5027 1
407 0
5027 0
2111 1
2779 0
4913 1
896 1
4913 0
2712 1
2111 0
2735 1
896 0
4444 1
2712 0
4444 0
4442 1
4441 1
4442 0
4203 1
4441 0
2735 0
3029 1
5421 1
3029 0
4203 0
2589 1
2589 0
4437 1
5421 0
3154 1
3154 0
2847 1
4437 0
1478 1
2561 1
1478 0
4810 1
2847 0
1644 1
2561 0
2721 1
1644 0
2721 0
2622 1
4814 1
2898 1
4806 1
3860 1
4805 1
4821 1
4814 0
4804 1
3783 1
3783 0
4821 0
4805 0
3860 0
4806 0
2898 0
4808 1
4810 0
3352 1
691 1
4808 0
2477 1
2622 0
1312 1
2477 0
2886 1
691 0
3352 0
4624 1
2846 1
4804 0
643 1
2886 0
4624 0
2924 1
643 0
95 1
571 1
1312 0
2924 0
2772 1
2772 0
2896 1
3368 1
2896 0
95 0
2826 1
2943 1
2846 0
2943 0
2893 1
3353 1
2893 0
3367 1
3368 0
571 0
3801 1
3365 1
3353 0
3367 0
3366 1
3365 0
3364 1
3364 0
3366 0
5248 1
3801 0
3875 1
2826 0
3875 0
3876 1
5248 0
847 1
3876 0
5061 1
5062 1
5061 0
1808 1
5062 0
847 0
4586 1
3232 1
4586 0
1459 1
2947 1
2962 1
2962 0
2952 1
2952 0
2950 1
2949 1
2949 0
1808 0
1459 0
2947 0
3062 1
3232 0
3155 1
3062 0
2950 0
1127 1
3155 0
3630 1
5370 1
1127 0
3630 0
3971 1
3971 0
2497 1
5336 1
5370 0
4745 1
5336 0
4745 0
4746 1
5301 1
4746 0
4786 1
2497 0
2840 1
4786 0
5302 1
5301 0
4100 1
5302 0
4100 0
531 1
3461 1
2840 0
531 0
383 1
1442 1
383 0
1443 1
1442 0
1443 0
370 1
370 0
3883 1
4855 1
3461 0
3883 0
2406 1
4855 0
4931 1
3215 1
3169 1
744 1
3169 0
2341 1
3215 0
5410 1
744 0
2341 0
2335 1
5410 0
5188 1
760 1
1419 1
1192 1
387 1
387 0
2406 0
1264 1
760 0
4930 1
4931 0
3885 1
2335 0
3885 0
4337 1
5189 1
1264 0
4849 1
4849 0
5141 1
5188 0
743 1
4355 1
4355 0
4356 1
4356 0
5189 0
4337 0
4907 1
4907 0
4435 1
1503 1
4930 0
1196 1
1503 0
4435 0
1473 1
3211 1
1196 0
2828 1
2828 0
1490 1
1192 0
1490 0
5451 1
3663 1
1418 1
1418 0
1419 0
3663 0
627 1
4753 1
4753 0
5141 0
1210 1
1210 0
5372 1
627 0
743 0
197 1
5372 0
5332 1
1473 0
705 1
197 0
3211 0
705 0
5451 0
1679 1
4818 1
4818 0
5243 1
4012 1
4877 1
4877 0
5332 0
5243 0
5236 1
1679 0
5236 0
4752 1
4752 0
2356 1
2356 0
5308 1
4012 0
5020 1
5021 1
5020 0
5308 0
3572 1
5021 0
2193 1
3570 1
3572 0
3570 0
3914 1
2193 0
2056 1
2056 0
4182 1
1008 1
3914 0
4182 0
599 1
599 0
403 1
928 1
1008 0
403 0
2058 1
749 1
3343 1
749 0
930 1
2050 1
1168 1
551 1
2050 0
930 0
1168 0
102 1
551 0
4164 1
3343 0
913 1
1048 1
3930 1
1048 0
3894 1
4164 0
102 0
913 0
3830 1
3894 0
2107 1
2058 0
2365 1
3930 0
1962 1
4352 1
2365 0
4352 0
3747 1
1962 0
777 1
3830 0
928 0
540 1
3747 0
4415 1
1208 1
777 0
1317 1
1208 0
4415 0
4489 1
2104 1
2107 0
5256 1
3631 1
5276 1
1317 0
5276 0
3020 1
3020 0
1349 1
540 0
5018 1
4489 0
5018 0
5455 1
5256 0
5455 0
1712 1
5102 1
2104 0
1712 0
4020 1
1349 0
5005 1
2213 1
5102 0
4607 1
4020 0
3631 0
3841 1
3288 1
2213 0
4137 1
3841 0
4608 1
4607 0
4137 0
4136 1
1344 1
5005 0
4974 1
3288 0
2479 1
1344 0
4136 0
942 1
4974 0
1591 1
2479 0
912 1
4608 0
1495 1
5024 1
1495 0
912 0
911 1
942 0
1863 1
4843 1
5024 0
1863 0
5442 1
769 1
911 0
769 0
3926 1
1695 1
5472 1
1591 0
4602 1
5472 0
1695 0
5442 0
3844 1
3926 0
3927 1
4023 1
3844 0
4023 0
2436 1
254 1
3927 0
254 0
2436 0
4843 0
1943 1
1285 1
4602 0
1285 0
2133 1
1943 0
1942 1
3077 1
2133 0
1866 1
1942 0
974 1
1866 0
1524 1
3077 0
974 0
678 1
4991 1
258 1
4991 0
4259 1
4259 0
261 1
127 1
678 0
258 0
4066 1
1339 1
4069 1
4067 1
4066 0
4067 0
4069 0
1339 0
127 0
3945 1
261 0
3945 0
4042 1
2303 1
3506 1
1524 0
873 1
873 0
2073 1
2934 1
2303 0
2934 0
4042 0
250 1
3535 1
3534 1
2073 0
2148 1
2148 0
302 1
366 1
302 0
3535 0
3518 1
3518 0
3506 0
3534 0
250 0
54 1
5043 1
54 0
2214 1
5043 0
366 0
4424 1
4424 0
5006 1
2214 0
806 1
806 0
3525 1
3526 1
3525 0
4423 1
5006 0
3520 1
3526 0
3520 0
3516 1
1216 1
3516 0
1216 0
4423 0
