4062 1
1132 1
2702 1
1132 0
2702 0
2701 1
4018 1
4062 0
3335 1
3458 1
3334 1
1263 1
2742 1
1263 0
2701 0
4472 1
4472 0
2742 0
3458 0
286 1
4018 0
2155 1
3335 0
2155 0
286 0
1756 1
3644 1
3334 0
1784 1
3644 0
1172 1
1756 0
1784 0
1783 1
4556 1
1783 0
1638 1
1762 1
965 1
3763 1
1638 0
965 0
1172 0
1762 0
1718 1
428 1
4556 0
1718 0
428 0
1811 1
3763 0
2284 1
1811 0
170 1
1145 1
170 0
4761 1
2284 0
1778 1
1145 0
4695 1
4761 0
2177 1
2177 0
4760 1
4238 1
103 1
103 0
4238 0
4695 0
4757 1
3642 1
1778 0
4757 0
1955 1
3451 1
3642 0
1955 0
4774 1
594 1
2282 1
1395 1
4760 0
594 0
5221 1
2282 0
4836 1
4836 0
2160 1
2160 0
5221 0
1715 1
4772 1
1395 0
4772 0
1687 1
4269 1
1715 0
1687 0
4774 0
4269 0
4268 1
3451 0
1801 1
1821 1
4268 0
1821 0
1582 1
1582 0
2749 1
2749 0
2371 1
1801 0
3443 1
2371 0
47 1
3436 1
3443 0
3613 1
47 0
535 1
3436 0
535 0
536 1
3613 0
902 1
2340 1
536 0
902 0
903 1
2340 0
4759 1
903 0
3004 1
5264 1
3004 0
4759 0
4758 1
4755 1
5264 0
1939 1
4758 0
1939 0
2339 1
4755 0
3519 1
3519 0
2339 0
3993 1
4090 1
4090 0
373 1
971 1
373 0
3993 0
1245 1
1245 0
176 1
971 0
2378 1
4647 1
2378 0
176 0
4015 1
4647 0
4494 1
4199 1
4494 0
4015 0
189 1
3989 1
4199 0
189 0
3069 1
3989 0
388 1
3974 1
3069 0
4977 1
388 0
5224 1
4977 0
3973 1
3974 0
1800 1
1576 1
256 1
1229 1
1545 1
1287 1
1229 0
1800 0
5167 1
256 0
1545 0
5167 0
480 1
5382 1
480 0
5382 0
1576 0
5383 1
5224 0
642 1
1540 1
1287 0
5420 1
5383 0
3973 0
4409 1
642 0
3664 1
1539 1
1540 0
1107 1
4409 0
1539 0
1584 1
1107 0
4408 1
5420 0
746 1
3994 1
3664 0
3895 1
3994 0
746 0
1260 1
1570 1
1573 1
1569 1
1569 0
1584 0
1570 0
1188 1
1573 0
4408 0
4117 1
1189 1
1189 0
5499 1
3895 0
1157 1
4117 0
1260 0
846 1
1188 0
1585 1
5499 0
2031 1
846 0
1813 1
1157 0
4194 1
1585 0
1586 1
4523 1
1631 1
3418 1
3418 0
1813 0
4832 1
969 1
4523 0
1631 0
1586 0
2045 1
969 0
2031 0
4346 1
396 1
4194 0
2159 1
2159 0
146 1
396 0
397 1
397 0
4239 1
4346 0
1291 1
2045 0
2027 1
4239 0
146 0
3977 1
4832 0
1605 1
3913 1
1605 0
1291 0
3557 1
2301 1
2027 0
1597 1
3557 0
3977 0
1134 1
1598 1
1597 0
1598 0
1590 1
1134 0
2841 1
2301 0
5343 1
500 1
1590 0
3567 1
1293 1
500 0
1894 1
1293 0
3577 1
1814 1
1814 0
3573 1
3913 0
3573 0
1894 0
2768 1
5343 0
3561 1
3567 0
3561 0
490 1
3577 0
3578 1
3484 1
2841 0
3578 0
1908 1
1343 1
152 1
3484 0
1343 0
3912 1
3912 0
490 0
4730 1
1908 0
4730 0
4729 1
4729 0
2768 0
660 1
4014 1
660 0
4950 1
152 0
4448 1
4448 0
3483 1
1612 1
3483 0
1612 0
2326 1
5171 1
5171 0
1806 1
3682 1
1806 0
4816 1
4014 0
1993 1
1993 0
3979 1
4950 0
4881 1
4881 0
4880 1
4816 0
3682 0
3979 0
1537 1
2326 0
5323 1
1537 0
5323 0
2327 1
4880 0
4882 1
4882 0
3686 1
2345 1
2327 0
1904 1
3686 0
3713 1
1904 0
2345 0
5484 1
3672 1
3713 0
5484 0
4599 1
4603 1
445 1
445 0
4599 0
1886 1
1594 1
1594 0
4603 0
4601 1
4601 0
3672 0
5083 1
1886 0
4680 1
4680 0
1337 1
5132 1
1337 0
3703 1
3703 0
3704 1
3710 1
3710 0
3711 1
3711 0
5083 0
4547 1
5494 1
5494 0
5495 1
4547 0
5495 0
2400 1
5132 0
2400 0
493 1
2259 1
3704 0
4925 1
2259 0
4567 1
493 0
4925 0
668 1
668 0
4567 0
