2596 1
7876 1
7875 1
7876 0
2595 1
7875 0
2595 0
4791 1
2593 1
2596 0
4791 0
4831 1
2594 1
2593 0
5735 1
5733 1
4832 1
4832 0
4831 0
4829 1
4829 0
227 1
5733 0
5736 1
5735 0
5736 0
2594 0
2116 1
2117 1
2116 0
6340 1
2117 0
4745 1
227 0
4745 0
4776 1
6339 1
6340 0
7188 1
6339 0
360 1
4776 0
7154 1
7188 0
360 0
6784 1
7154 0
750 1
7229 1
6784 0
751 1
750 0
7229 0
5864 1
4285 1
751 0
5864 0
5865 1
336 1
4285 0
5865 0
6452 1
7835 1
6452 0
7835 0
1130 1
1130 0
5352 1
4287 1
336 0
5352 0
4279 1
4279 0
4280 1
4170 1
4274 1
4280 0
4274 0
4272 1
4170 0
3442 1
3442 0
4203 1
4172 1
4172 0
4287 0
4171 1
3170 1
3170 0
4203 0
4272 0
2220 1
4228 1
2220 0
4283 1
4171 0
4283 0
2059 1
4228 0
4253 1
2058 1
2059 0
7771 1
4253 0
2018 1
2058 0
7771 0
6241 1
6241 0
2211 1
2018 0
3160 1
4251 1
2211 0
4251 0
4236 1
5759 1
3160 0
4236 0
4265 1
5759 0
2031 1
2044 1
2044 0
4261 1
6431 1
6431 0
4783 1
4783 0
4265 0
4784 1
2392 1
2031 0
4261 0
2392 0
3570 1
4739 1
4784 0
4739 0
4740 1
1271 1
3569 1
1271 0
3569 0
2752 1
2752 0
3570 0
435 1
435 0
434 1
4275 1
4740 0
4306 1
4275 0
4306 0
423 1
2403 1
434 0
6792 1
6793 1
6792 0
423 0
7662 1
617 1
5770 1
5770 0
7662 0
6793 0
4248 1
4248 0
2402 1
2403 0
6795 1
617 0
1830 1
6795 0
2402 0
2409 1
2408 1
2409 0
1830 0
5167 1
5167 0
5166 1
2438 1
2408 0
5166 0
5143 1
358 1
5143 0
2438 0
2379 1
358 0
130 1
130 0
289 1
2440 1
2379 0
2441 1
2440 0
213 1
289 0
2441 0
213 0
