2958 1
842 1
2958 0
410 1
410 0
6625 1
7237 1
842 0
4901 1
4900 1
4901 0
7238 1
7237 0
4900 0
3221 1
4763 1
3221 0
4763 0
4753 1
1927 1
6625 0
1739 1
681 1
681 0
4818 1
4818 0
801 1
1927 0
801 0
7238 0
7405 1
7405 0
4753 0
2212 1
4886 1
1739 0
6708 1
4886 0
230 1
2212 0
6708 0
6709 1
230 0
1214 1
7045 1
6709 0
4890 1
7045 0
4890 0
4984 1
6146 1
6282 1
6282 0
1213 1
1214 0
1213 0
4779 1
6146 0
1298 1
1298 0
4984 0
3780 1
3781 1
3780 0
4778 1
4779 0
5320 1
3781 0
6837 1
5320 0
4724 1
4778 0
4724 0
179 1
2884 1
6837 0
4787 1
179 0
1774 1
7022 1
2884 0
7883 1
7882 1
7882 0
7883 0
6085 1
1774 0
4788 1
4787 0
7022 0
4788 0
3169 1
3169 0
4799 1
4814 1
4799 0
4741 1
4814 0
4870 1
6085 0
4870 0
7880 1
40 1
6783 1
6783 0
4741 0
4193 1
40 0
7880 0
7881 1
7881 0
5873 1
542 1
5873 0
4193 0
2491 1
542 0
1125 1
1125 0
4213 1
4213 0
4210 1
2491 0
6824 1
6981 1
6824 0
2695 1
4300 1
4210 0
5880 1
4300 0
1801 1
1552 1
1801 0
5880 0
2695 0
2428 1
6981 0
2428 0
2429 1
2429 0
2372 1
1552 0
4302 1
2372 0
1641 1
4302 0
4243 1
4252 1
1641 0
4252 0
5991 1
4244 1
4243 0
1429 1
4244 0
5991 0
4260 1
6428 1
4260 0
1428 1
2613 1
2613 0
1429 0
4123 1
4124 1
4123 0
1428 0
3912 1
4124 0
52 1
3912 0
52 0
804 1
6428 0
3605 1
6464 1
3605 0
1126 1
804 0
6462 1
6464 0
482 1
2349 1
6462 0
2349 0
4801 1
7380 1
7380 0
1126 0
430 1
2354 1
430 0
2354 0
2355 1
2383 1
2355 0
2045 1
2046 1
1624 1
1624 0
482 0
4801 0
4800 1
2045 0
4800 0
5579 1
2046 0
2383 0
2207 1
5579 0
5581 1
474 1
2207 0
473 1
474 0
5581 0
7124 1
7393 1
7124 0
6210 1
473 0
5454 1
7393 0
5454 0
5455 1
6210 0
6849 1
5455 0
6521 1
6522 1
6521 0
7849 1
6849 0
2382 1
6522 0
7850 1
7849 0
3851 1
3851 0
649 1
649 0
2382 0
2656 1
2657 1
2657 0
7850 0
106 1
6186 1
106 0
6185 1
6186 0
2656 0
1788 1
1788 0
5342 1
2367 1
1723 1
2367 0
2253 1
2253 0
1723 0
6185 0
3919 1
2874 1
2874 0
6799 1
6800 1
6800 0
2227 1
2227 0
2225 1
5342 0
2226 1
2226 0
6799 0
2272 1
2225 0
1781 1
2272 0
3919 0
3338 1
3338 0
1650 1
1650 0
2255 1
1780 1
1781 0
2255 0
2254 1
1780 0
2254 0
