410 1
2958 1
6625 1
2958 0
6625 0
4818 1
6714 1
410 0
6714 0
4750 1
681 1
4818 0
3221 1
4763 1
3221 0
4750 0
4763 0
4755 1
681 0
3157 1
6707 1
3157 0
4755 0
4756 1
6707 0
642 1
642 0
6708 1
4756 0
5756 1
6709 1
6708 0
5755 1
5756 0
6709 0
6373 1
5980 1
5755 0
6373 0
4820 1
1213 1
5980 0
4820 0
6376 1
1213 0
6282 1
5665 1
6376 0
4779 1
6282 0
3781 1
5665 0
4778 1
4779 0
3781 0
5320 1
4778 0
3178 1
5320 0
6837 1
3178 0
3156 1
6837 0
2884 1
7883 1
2884 0
3156 0
179 1
4787 1
179 0
4788 1
4787 0
3169 1
4788 0
7883 0
7882 1
4803 1
3169 0
6467 1
4803 0
7023 1
7023 0
6998 1
6998 0
4870 1
7882 0
6085 1
6085 0
6467 0
5108 1
4870 0
7880 1
5112 1
5108 0
7880 0
7881 1
4309 1
3226 1
3226 0
7881 0
5112 0
1594 1
542 1
5873 1
5873 0
542 0
1594 0
6823 1
4309 0
4308 1
6823 0
6824 1
4308 0
5880 1
6981 1
6824 0
1801 1
5880 0
1801 0
4300 1
6981 0
2428 1
957 1
2428 0
4300 0
7863 1
2213 1
957 0
4281 1
7863 0
2213 0
4252 1
4243 1
4281 0
5991 1
4252 0
5991 0
4260 1
4244 1
4243 0
4244 0
1429 1
1429 0
2613 1
2613 0
4123 1
6428 1
4260 0
4123 0
2361 1
3605 1
6428 0
2360 1
2361 0
3605 0
6464 1
2360 0
1116 1
6464 0
6462 1
7752 1
1116 0
2349 1
6462 0
430 1
7752 0
482 1
2349 0
430 0
2354 1
482 0
1624 1
7124 1
2354 0
2355 1
2355 0
2383 1
2207 1
2383 0
1624 0
2046 1
5579 1
2046 0
7124 0
5581 1
5580 1
5580 0
5579 0
7123 1
5581 0
474 1
2207 0
6272 1
7123 0
6272 0
5727 1
474 0
473 1
5727 0
981 1
981 0
6520 1
6210 1
6525 1
6520 0
6210 0
6849 1
3647 1
2273 1
3647 0
473 0
6849 0
7849 1
7849 0
6525 0
649 1
2657 1
649 0
6198 1
2273 0
6198 0
6196 1
2656 1
2657 0
6196 0
106 1
1788 1
2656 0
6186 1
106 0
6186 0
6185 1
2228 1
1788 0
2227 1
2228 0
5266 1
5266 0
5342 1
5342 0
2874 1
6185 0
2227 0
2226 1
2237 1
2238 1
2238 0
2237 0
2874 0
3338 1
3919 1
3919 0
2226 0
2225 1
2272 1
2225 0
1650 1
3338 0
1781 1
89 1
90 1
90 0
2272 0
1034 1
89 0
1780 1
1780 0
1781 0
1650 0
466 1
1034 0
2235 1
466 0
2235 0
