2884 1
2885 1
4373 1
4165 1
4165 0
3445 1
2716 1
2716 0
2885 0
2884 0
5216 1
3445 0
5216 0
3784 1
4373 0
475 1
3784 0
4114 1
475 0
5047 1
10 1
4114 0
4157 1
5047 0
4589 1
10 0
4589 0
484 1
484 0
4709 1
2553 1
4709 0
5046 1
4157 0
4622 1
2553 0
4167 1
5046 0
5373 1
4622 0
4615 1
5373 0
4167 0
4168 1
2270 1
4615 0
4168 0
3648 1
3648 0
2717 1
2270 0
5032 1
5032 0
1250 1
1469 1
2717 0
2542 1
1250 0
2542 0
1760 1
4407 1
1760 0
1740 1
1469 0
4087 1
4407 0
2791 1
1740 0
4087 0
3806 1
2535 1
3806 0
2535 0
2534 1
2791 0
3357 1
5100 1
2534 0
952 1
5100 0
3358 1
3357 0
3987 1
2540 1
952 0
3987 0
2631 1
2631 0
2528 1
2528 0
681 1
2540 0
680 1
681 0
2300 1
380 1
3358 0
2297 1
380 0
799 1
169 1
2300 0
169 0
230 1
799 0
3789 1
2792 1
3789 0
680 0
2633 1
3864 1
3050 1
285 1
3149 1
5476 1
3149 0
5476 0
3745 1
285 0
230 0
4657 1
3864 0
4657 0
2297 0
1485 1
1485 0
2812 1
2812 0
3350 1
3050 0
2792 0
3888 1
2633 0
729 1
729 0
2543 1
3350 0
692 1
2543 0
3809 1
3888 0
3351 1
2764 1
692 0
2811 1
3351 0
3745 0
2751 1
1509 1
2751 0
2764 0
2811 0
1509 0
5064 1
3810 1
3809 0
5190 1
5064 0
205 1
5190 0
3810 0
253 1
4583 1
205 0
253 0
1142 1
4583 0
2547 1
4560 1
1142 0
2547 0
2953 1
4560 0
2593 1
2953 0
1449 1
2350 1
1449 0
5460 1
2593 0
2810 1
3164 1
5460 0
2350 0
2959 1
2959 0
3064 1
1599 1
1599 0
2810 0
4584 1
4584 0
3164 0
3802 1
3110 1
3802 0
3064 0
3822 1
3822 0
2043 1
3143 1
3110 0
3661 1
2043 0
3661 0
1028 1
1028 0
1101 1
3150 1
3126 1
3150 0
354 1
703 1
703 0
3142 1
3142 0
3143 0
3111 1
3126 0
3111 0
1502 1
1101 0
4715 1
1502 0
2047 1
3218 1
3222 1
3136 1
3222 0
3025 1
3221 1
3221 0
3223 1
3223 0
3218 0
2047 0
2409 1
1128 1
2409 0
1128 0
3141 1
354 0
3151 1
3136 0
3167 1
3151 0
1223 1
4715 0
3167 0
3800 1
3870 1
3025 0
3226 1
3800 0
4110 1
3870 0
3141 0
349 1
349 0
732 1
4714 1
1223 0
3226 0
379 1
3046 1
4110 0
338 1
379 0
3166 1
4580 1
1427 1
4580 0
5428 1
5328 1
732 0
1427 0
5428 0
3166 0
338 0
3163 1
5477 1
4714 0
5328 0
3163 0
2626 1
4938 1
4576 1
4576 0
3046 0
2627 1
4938 0
2626 0
5477 0
1410 1
537 1
1410 0
2627 0
4514 1
537 0
1407 1
4514 0
791 1
5231 1
791 0
3586 1
1407 0
5231 0
3872 1
3872 0
4456 1
4381 1
5008 1
4456 0
5008 0
2010 1
4002 1
4002 0
4234 1
4234 0
4380 1
4381 0
4380 0
2233 1
1477 1
1477 0
1936 1
1936 0
3040 1
3586 0
3040 0
329 1
329 0
1454 1
2920 1
2920 0
2233 0
1852 1
2010 0
4180 1
4179 1
4180 0
1852 0
4179 0
2064 1
850 1
105 1
601 1
2039 1
2039 0
2063 1
2064 0
287 1
2063 0
105 0
850 0
601 0
1400 1
1454 0
1400 0
1056 1
2168 1
287 0
2169 1
2168 0
1056 0
467 1
2169 0
2108 1
4382 1
2108 0
1390 1
4382 0
1330 1
467 0
1390 0
135 1
147 1
1330 0
5097 1
135 0
147 0
2867 1
5097 0
5098 1
4228 1
2049 1
4228 0
4928 1
1988 1
4940 1
4940 0
4929 1
4928 0
1988 0
1711 1
4929 0
4227 1
1711 0
4226 1
2049 0
4226 0
4227 0
419 1
5098 0
2205 1
1334 1
4701 1
3849 1
1054 1
1334 0
1054 0
1311 1
2205 0
1554 1
5225 1
5225 0
2867 0
1555 1
2206 1
1555 0
1554 0
4701 0
1021 1
3849 0
1060 1
1021 0
509 1
2894 1
1060 0
1311 0
255 1
5187 1
2452 1
2130 1
2452 0
2130 0
4281 1
419 0
1098 1
2894 0
255 0
5187 0
5130 1
1098 0
5130 0
2785 1
2785 0
2575 1
508 1
315 1
2575 0
315 0
362 1
1768 1
362 0
4713 1
4713 0
447 1
509 0
1315 1
1315 0
1219 1
508 0
4532 1
1768 0
2184 1
4281 0
3610 1
2184 0
1219 0
3427 1
3610 0
636 1
4532 0
5182 1
636 0
3427 0
3426 1
2206 0
1299 1
4383 1
5182 0
5377 1
3426 0
4383 0
4092 1
4384 1
4092 0
5377 0
2585 1
457 1
4384 0
3863 1
2585 0
447 0
955 1
1302 1
1299 0
940 1
457 0
955 0
18 1
4566 1
940 0
1347 1
1302 0
3909 1
3863 0
133 1
18 0
3908 1
3909 0
3917 1
4566 0
32 1
1347 0
32 0
31 1
133 0
194 1
3908 0
3757 1
194 0
99 1
99 0
924 1
924 0
31 0
3757 0
4618 1
425 1
4618 0
1491 1
425 0
3917 0
3925 1
1491 0
3539 1
833 1
3925 0
833 0
1203 1
2180 1
3539 0
2836 1
1203 0
2140 1
2836 0
3340 1
2180 0
2140 0
3932 1
3340 0
2921 1
3932 0
13 1
13 0
4025 1
4025 0
4074 1
4198 1
4074 0
2921 0
3433 1
872 1
3433 0
4198 0
3916 1
3536 1
872 0
4065 1
3916 0
1212 1
3536 0
4065 0
1643 1
1643 0
48 1
48 0
67 1
908 1
67 0
908 0
4667 1
2944 1
9 1
9 0
4667 0
3537 1
1212 0
4162 1
2944 0
2386 1
3537 0
111 1
2386 0
111 0
4406 1
4162 0
1350 1
1350 0
136 1
2373 1
4406 0
2373 0
4969 1
136 0
1737 1
4484 1
1737 0
4969 0
4455 1
4455 0
2862 1
3597 1
2862 0
4484 0
851 1
4022 1
851 0
3722 1
3414 1
4022 0
4725 1
3597 0
2492 1
2492 0
3722 0
3943 1
3943 0
4725 0
3414 0
