1781 1
1709 1
1709 0
3637 1
3637 0
976 1
5406 1
1781 0
976 0
4573 1
3638 1
4573 0
5407 1
5406 0
3638 0
3394 1
5407 0
2207 1
3394 0
3813 1
2207 0
3641 1
3813 0
3415 1
3415 0
3416 1
3641 0
3464 1
3646 1
3464 0
4236 1
3416 0
1703 1
3646 0
4236 0
1731 1
4266 1
1731 0
3645 1
1703 0
2913 1
3645 0
2913 0
5412 1
5413 1
5412 0
4266 0
1844 1
1844 0
244 1
5413 0
3454 1
244 0
3446 1
4348 1
3454 0
1724 1
3446 0
4348 0
1823 1
1607 1
1686 1
511 1
1724 0
3605 1
1686 0
3605 0
3442 1
1607 0
1824 1
3796 1
1823 0
587 1
3796 0
3797 1
3797 0
1824 0
3442 0
1579 1
587 0
511 0
3439 1
3439 0
3440 1
3440 0
1579 0
679 1
3459 1
1829 1
1571 1
3465 1
3459 0
3554 1
3465 0
4432 1
1571 0
679 0
1829 0
3554 0
1214 1
4430 1
4432 0
4431 1
4430 0
1214 0
1693 1
1693 0
3477 1
5072 1
4431 0
3475 1
3477 0
1155 1
5072 0
291 1
3475 0
4767 1
2714 1
2601 1
1462 1
4904 1
1155 0
2601 0
1872 1
1872 0
4904 0
2714 0
4767 0
739 1
291 0
3478 1
3479 1
3479 0
739 0
1950 1
3478 0
1874 1
1462 0
392 1
1874 0
3494 1
1950 0
392 0
1909 1
3494 0
3344 1
3344 0
2203 1
5160 1
4744 1
4744 0
5160 0
4017 1
4017 0
3180 1
1909 0
2935 1
1199 1
2935 0
1199 0
172 1
2203 0
108 1
3180 0
172 0
5280 1
5280 0
2706 1
109 1
2706 0
3486 1
1922 1
109 0
1922 0
2458 1
2458 0
1316 1
319 1
319 0
108 0
1879 1
1879 0
3486 0
1817 1
2229 1
1817 0
2229 0
672 1
1316 0
1550 1
1550 0
1551 1
3420 1
1551 0
3420 0
672 0
