1541 1
5338 1
5338 0
4501 1
4501 0
503 1
1542 1
1541 0
6580 1
1908 1
1542 0
989 1
1908 0
6576 1
6576 0
6580 0
2091 1
2091 0
504 1
504 0
6479 1
6479 0
6478 1
6478 0
4179 1
503 0
4179 0
6036 1
989 0
988 1
5021 1
6036 0
1944 1
988 0
1956 1
5021 0
1943 1
1944 0
1956 0
538 1
537 1
538 0
1943 0
6968 1
6963 1
537 0
6968 0
6047 1
6094 1
6047 0
6591 1
6963 0
6094 0
6954 1
6591 0
293 1
6967 1
6967 0
1950 1
6954 0
1951 1
6102 1
6109 1
6109 0
6102 0
1950 0
3985 1
293 0
3985 0
3986 1
1889 1
1951 0
963 1
3986 0
2014 1
963 0
930 1
1889 0
2013 1
2014 0
664 1
2013 0
930 0
4905 1
5921 1
663 1
663 0
664 0
5920 1
6555 1
4241 1
6555 0
6053 1
4905 0
7271 1
7271 0
4241 0
1981 1
3459 1
7710 1
3459 0
7717 1
5920 0
1884 1
7717 0
7710 0
5921 0
1925 1
6053 0
7671 1
1925 0
1057 1
1981 0
1884 0
1883 1
1883 0
7011 1
7010 1
1057 0
199 1
7671 0
7010 0
7042 1
199 0
7011 0
7009 1
7665 1
7042 0
7009 0
1977 1
4054 1
1977 0
7665 0
7030 1
4054 0
7026 1
7029 1
7028 1
7030 0
7028 0
7026 0
1914 1
806 1
1914 0
7029 0
7181 1
806 0
1232 1
922 1
1232 0
7025 1
7181 0
7025 0
922 0
