1713 1
1714 1
1714 0
4063 1
2062 1
1713 0
2062 0
2155 1
3335 1
2155 0
4064 1
4063 0
3334 1
3335 0
1720 1
4064 0
3644 1
3334 0
1720 0
4016 1
3644 0
4554 1
4556 1
4554 0
4556 0
428 1
1718 1
4016 0
1718 0
3763 1
2284 1
3763 0
1265 1
2284 0
428 0
5405 1
5405 0
1283 1
1283 0
1778 1
1716 1
1265 0
2164 1
1716 0
2164 0
1518 1
1518 0
4610 1
3642 1
1778 0
4610 0
3119 1
4269 1
3119 0
4268 1
4269 0
4268 0
1821 1
3642 0
3451 1
3451 0
1801 1
1582 1
1821 0
1582 0
2749 1
2749 0
2371 1
3443 1
1801 0
2371 0
1802 1
3443 0
3436 1
3548 1
1802 0
3436 0
535 1
536 1
535 0
3018 1
3548 0
3018 0
2336 1
2336 0
3017 1
2340 1
536 0
4759 1
2340 0
4758 1
4759 0
3017 0
1732 1
1732 0
3879 1
1735 1
3879 0
4758 0
1939 1
1939 0
1070 1
1070 0
1735 0
689 1
689 0
685 1
2457 1
650 1
685 0
1461 1
650 0
4090 1
4090 0
3993 1
1245 1
3993 0
1461 0
1245 0
176 1
1722 1
2457 0
687 1
176 0
163 1
1722 0
1153 1
687 0
3473 1
163 0
3473 0
388 1
4977 1
388 0
1153 0
524 1
3214 1
524 0
434 1
3214 0
3470 1
3474 1
675 1
3470 0
642 1
3664 1
4977 0
5224 1
5224 0
642 0
675 0
434 0
463 1
968 1
1545 1
1576 1
256 1
968 0
1566 1
3976 1
1545 0
256 0
1576 0
5167 1
3976 0
3474 0
3664 0
3895 1
3994 1
3994 0
1566 0
1574 1
4522 1
5167 0
1611 1
4522 0
1232 1
1580 1
1585 1
1585 0
1581 1
1188 1
1188 0
1189 1
1189 0
1574 0
3972 1
1232 0
1580 0
4194 1
4194 0
4408 1
4408 0
1157 1
396 1
463 0
1157 0
4117 1
4117 0
5499 1
3895 0
3972 0
4524 1
1002 1
3087 1
1581 0
1611 0
3249 1
4523 1
3249 0
1631 1
1631 0
4386 1
4386 0
1002 0
4524 0
1340 1
3087 0
5499 0
2031 1
4346 1
2031 0
397 1
396 0
4239 1
4346 0
1601 1
1340 0
1601 0
1919 1
397 0
146 1
3977 1
146 0
4523 0
969 1
1883 1
1919 0
3977 0
1609 1
4239 0
2027 1
500 1
969 0
2027 0
2301 1
1883 0
1268 1
1293 1
500 0
1609 0
1600 1
2086 1
1590 1
1590 0
3566 1
1268 0
3567 1
3567 0
2086 0
1894 1
1293 0
5343 1
2301 0
1600 0
2861 1
1894 0
1911 1
1474 1
3566 0
5343 0
2768 1
3581 1
1911 0
1343 1
1474 0
3581 0
3912 1
1343 0
3912 0
2768 0
660 1
2861 0
3798 1
3798 0
4448 1
4448 0
3483 1
4545 1
1968 1
660 0
4014 1
4014 0
5171 1
1968 0
4545 0
1468 1
3483 0
2268 1
1468 0
1806 1
5171 0
1592 1
2268 0
1806 0
3682 1
3979 1
3682 0
2325 1
1592 0
4950 1
3979 0
556 1
4950 0
2325 0
2322 1
661 1
556 0
2322 0
1723 1
3678 1
661 0
3678 0
3690 1
1723 0
4267 1
2383 1
3690 0
4267 0
4536 1
2383 0
60 1
1125 1
4601 1
4603 1
4536 0
4601 0
4603 0
4830 1
1125 0
60 0
5494 1
3396 1
4830 0
4547 1
5494 0
4571 1
4547 0
3396 0
1862 1
3569 1
1862 0
4571 0
2267 1
2267 0
3569 0
