842 1
7237 1
842 0
4901 1
4901 0
4900 1
7238 1
7237 0
4900 0
801 1
7238 0
7405 1
1927 1
801 0
6308 1
4886 1
4886 0
1739 1
6309 1
7405 0
1739 0
6308 0
1927 0
6283 1
6283 0
230 1
6309 0
6710 1
1214 1
230 0
1214 0
6146 1
7045 1
6710 0
4890 1
7045 0
1298 1
6146 0
4984 1
4890 0
4779 1
1298 0
4984 0
3780 1
4778 1
4779 0
3780 0
3781 1
4778 0
4724 1
3781 0
5320 1
6434 1
3166 1
3166 0
6434 0
6837 1
6837 0
5320 0
2884 1
2884 0
1774 1
4724 0
179 1
179 0
4787 1
4787 0
4825 1
4837 1
4825 0
7022 1
1774 0
4799 1
4837 0
4799 0
4814 1
4741 1
4814 0
4870 1
7880 1
7022 0
6085 1
4870 0
6085 0
4426 1
4426 0
3163 1
3163 0
4741 0
6783 1
40 1
6783 0
7881 1
7880 0
5873 1
7881 0
40 0
4193 1
5873 0
542 1
542 0
1125 1
2491 1
4193 0
4213 1
1125 0
4213 0
4210 1
2491 0
2490 1
2490 0
1379 1
4296 1
1379 0
2429 1
4296 0
2695 1
4210 0
2695 0
1552 1
2372 1
2429 0
4302 1
1552 0
1641 1
2372 0
4289 1
1641 0
4302 0
4243 1
4289 0
4291 1
4244 1
4243 0
1429 1
4244 0
1429 0
1428 1
4290 1
4291 0
508 1
4290 0
508 0
6427 1
4124 1
1428 0
3912 1
4124 0
52 1
3912 0
6429 1
6427 0
2221 1
6429 0
2221 0
6465 1
804 1
52 0
6465 0
6464 1
804 0
1126 1
6462 1
6464 0
1126 0
1127 1
6462 0
7380 1
1127 0
2355 1
4801 1
7380 0
2355 0
2383 1
4800 1
4801 0
4800 0
2045 1
2395 1
2383 0
4166 1
2045 0
5582 1
4166 0
2395 0
2418 1
5582 0
5578 1
6210 1
2418 0
5578 0
5457 1
7393 1
5457 0
7393 0
5454 1
6849 1
6210 0
5455 1
5454 0
6849 0
2099 1
6521 1
5455 0
6522 1
6521 0
2098 1
2099 0
2071 1
2098 0
5900 1
2071 0
6522 0
2382 1
3851 1
2382 0
2685 1
5900 0
1824 1
3851 0
6799 1
1824 0
2367 1
2685 0
2253 1
2367 0
6800 1
6799 0
1723 1
2253 0
2256 1
1723 0
5866 1
6800 0
5867 1
5866 0
5869 1
5868 1
2255 1
2256 0
5869 0
2254 1
2255 0
5868 0
1780 1
1780 0
1781 1
2254 0
5867 0
1781 0
