5338 1
5338 0
4501 1
1541 1
5184 1
79 1
5184 0
80 1
79 0
80 0
1542 1
1541 0
503 1
4501 0
2091 1
1542 0
6580 1
2091 0
503 0
504 1
4179 1
504 0
989 1
6580 0
6036 1
4179 0
989 0
988 1
6036 0
5021 1
1688 1
1944 1
1943 1
988 0
1944 0
1688 0
2096 1
2096 0
2095 1
538 1
538 0
537 1
1956 1
1956 0
5021 0
4240 1
5020 1
4240 0
1452 1
2095 0
1452 0
5020 0
1943 0
6968 1
6963 1
537 0
6968 0
6047 1
6047 0
6094 1
6962 1
6954 1
6094 0
6962 0
6454 1
6591 1
6963 0
293 1
6591 0
6454 0
4381 1
4381 0
6954 0
6967 1
6967 0
1950 1
3985 1
293 0
1951 1
1950 0
3986 1
3985 0
1889 1
1951 0
3986 0
963 1
963 0
2014 1
2014 0
2013 1
1889 0
930 1
4905 1
930 0
664 1
2013 0
5921 1
664 0
4241 1
4905 0
4241 0
6555 1
6555 0
6053 1
5921 0
7710 1
7710 0
3459 1
3459 0
1981 1
1925 1
6053 0
7671 1
1925 0
1057 1
1981 0
7010 1
1057 0
7011 1
7010 0
7671 0
199 1
7042 1
199 0
7011 0
7009 1
7665 1
7042 0
878 1
1977 1
4054 1
7026 1
4054 0
1977 0
7009 0
7030 1
7665 0
7024 1
878 0
7028 1
7030 0
7028 0
7029 1
7041 1
7027 1
720 1
7027 0
806 1
1914 1
1914 0
7026 0
7024 0
720 0
7218 1
7041 0
7181 1
7029 0
4201 1
7217 1
1232 1
1232 0
806 0
922 1
4201 0
7181 0
7025 1
7218 0
7217 0
7025 0
922 0
