2421 1
2422 1
4332 1
2422 0
3183 1
2421 0
1757 1
3183 0
4332 0
3886 1
3886 0
4986 1
2190 1
4986 0
1757 0
610 1
2438 1
2190 0
610 0
2423 1
2423 0
2044 1
2438 0
4983 1
4983 0
3031 1
4908 1
4010 1
564 1
4908 0
4160 1
2044 0
3341 1
4010 0
564 0
2571 1
2571 0
2763 1
3341 0
3342 1
5436 1
3342 0
3031 0
3032 1
2763 0
2756 1
5436 0
4604 1
4160 0
3854 1
960 1
2756 0
2555 1
3032 0
2635 1
4604 0
3854 0
2437 1
2555 0
2453 1
2437 0
1754 1
4197 1
2635 0
2637 1
1754 0
4197 0
2637 0
2453 0
2445 1
960 0
3580 1
4544 1
2445 0
1873 1
3580 0
4544 0
3026 1
3902 1
3026 0
17 1
1873 0
1635 1
2330 1
2330 0
1030 1
1030 0
568 1
3902 0
1635 0
2078 1
3980 1
17 0
68 1
3980 0
2607 1
68 0
4291 1
568 0
4915 1
4887 1
4888 1
4888 0
4915 0
1640 1
2607 0
3115 1
1640 0
3115 0
2078 0
56 1
4291 0
2832 1
56 0
4887 0
2501 1
2832 0
1700 1
1700 0
3419 1
3419 0
4889 1
2491 1
4059 1
5201 1
5201 0
2501 0
1494 1
4059 0
2502 1
2491 0
696 1
4889 0
3421 1
1494 0
2502 0
696 0
862 1
895 1
3421 0
5010 1
862 0
2494 1
895 0
5010 0
262 1
2494 0
2490 1
2490 0
106 1
3892 1
106 0
3289 1
262 0
5012 1
3892 0
3289 0
2293 1
310 1
5012 0
310 0
3197 1
2293 0
3761 1
1533 1
3761 0
3197 0
3229 1
885 1
3229 0
4893 1
3300 1
3300 0
2286 1
4893 0
2101 1
2503 1
2286 0
1759 1
2101 0
2503 0
615 1
5294 1
1759 0
615 0
5462 1
3378 1
5294 0
5462 0
29 1
579 1
1533 0
3373 1
3378 0
3225 1
885 0
3120 1
29 0
3225 0
711 1
3120 0
351 1
3373 0
1642 1
3178 1
711 0
3114 1
351 0
1642 0
3028 1
3028 0
3372 1
579 0
167 1
3109 1
1198 1
3178 0
3109 0
1198 0
3114 0
4037 1
167 0
2450 1
3372 0
3296 1
4037 0
2450 0
2011 1
3296 0
4395 1
3262 1
4395 0
2196 1
2011 0
2196 0
563 1
3262 0
735 1
563 0
3981 1
735 0
734 1
3271 1
3981 0
3271 0
876 1
1497 1
1498 1
1406 1
1406 0
1065 1
1065 0
734 0
1497 0
2034 1
876 0
1967 1
2034 0
3654 1
1967 0
1498 0
3293 1
3293 0
948 1
1272 1
948 0
2095 1
3654 0
2095 0
2235 1
2235 0
2236 1
180 1
2236 0
1272 0
3278 1
180 0
4927 1
3290 1
3278 0
323 1
3290 0
4927 0
1975 1
323 0
4211 1
1981 1
1975 0
1981 0
2085 1
2883 1
4211 0
2085 0
3182 1
5416 1
2883 0
3182 0
2579 1
5416 0
4766 1
1897 1
2579 0
929 1
4766 0
929 0
2321 1
1897 0
3954 1
2321 0
1000 1
1000 0
5177 1
369 1
3954 0
889 1
5177 0
4146 1
369 0
1120 1
901 1
901 0
889 0
1859 1
4082 1
4082 0
1120 0
1921 1
1859 0
3741 1
1921 0
4146 0
1941 1
3742 1
3741 0
3742 0
2094 1
1941 0
4155 1
2094 0
641 1
5232 1
5232 0
4152 1
4156 1
1549 1
1973 1
1973 0
4156 0
4155 0
4152 0
4153 1
4153 0
641 0
439 1
957 1
439 0
437 1
957 0
5234 1
1549 0
437 0
4660 1
4659 1
4660 0
5234 0
3245 1
4641 1
4659 0
3245 0
4873 1
4026 1
4641 0
4845 1
4026 0
4845 0
4071 1
4874 1
4873 0
4071 0
4077 1
4874 0
249 1
249 0
2093 1
4077 0
3391 1
2093 0
3850 1
633 1
3391 0
634 1
633 0
3850 0
973 1
4361 1
973 0
634 0
1230 1
1230 0
398 1
523 1
523 0
485 1
485 0
4361 0
2379 1
4668 1
2379 0
4668 0
3094 1
3749 1
398 0
2238 1
3094 0
2238 0
4996 1
3408 1
4996 0
239 1
5489 1
3749 0
3748 1
3748 0
3121 1
3121 0
3397 1
3408 0
239 0
992 1
5456 1
992 0
5456 0
5044 1
5260 1
5044 0
4531 1
1352 1
1352 0
4531 0
1882 1
220 1
890 1
890 0
5489 0
1882 0
3397 0
3791 1
5260 0
1927 1
3791 0
2970 1
220 0
2970 0
208 1
1927 0
4788 1
4788 0
208 0
