4185 1
4173 1
2716 1
4173 0
2716 0
4165 1
5216 1
10 1
4184 1
4184 0
4185 0
4114 1
3784 1
3784 0
5216 0
4114 0
4165 0
654 1
654 0
5048 1
10 0
4589 1
5048 0
2834 1
484 1
484 0
4589 0
2904 1
2269 1
2269 0
2476 1
2904 0
4167 1
4167 0
5046 1
5046 0
2476 0
2698 1
4521 1
4521 0
4168 1
2834 0
2835 1
2835 0
2698 0
4911 1
4911 0
5373 1
5373 0
4615 1
3648 1
4168 0
4615 0
4445 1
3648 0
2717 1
4445 0
2632 1
2632 0
4201 1
2794 1
2717 0
4201 0
1250 1
2542 1
1250 0
2542 0
2549 1
3029 1
2794 0
2549 0
4087 1
3806 1
4087 0
5421 1
3029 0
3806 0
2535 1
2534 1
2535 0
3154 1
5421 0
2534 0
311 1
3154 0
3355 1
2531 1
311 0
3804 1
2531 0
576 1
3355 0
3804 0
2538 1
2537 1
2538 0
1738 1
5387 1
1738 0
169 1
230 1
169 0
5387 0
3789 1
230 0
285 1
2792 1
3789 0
576 0
2812 1
3149 1
285 0
2537 0
2278 1
2278 0
2842 1
2842 0
2536 1
5476 1
3149 0
2812 0
1485 1
5476 0
2500 1
1485 0
3063 1
577 1
2536 0
513 1
2792 0
2769 1
4084 1
4084 0
513 0
3888 1
3351 1
3351 0
3363 1
3063 0
3888 0
3363 0
3362 1
5064 1
2500 0
2769 0
3349 1
3362 0
3349 0
5190 1
5064 0
577 0
578 1
5190 0
2888 1
2711 1
2888 0
2940 1
2711 0
3809 1
2595 1
578 0
702 1
702 0
1142 1
253 1
253 0
3810 1
1142 0
3810 0
3809 0
2953 1
2940 0
4101 1
4101 0
1024 1
1024 0
1449 1
2953 0
2547 1
2547 0
2595 0
4966 1
2350 1
1449 0
4966 0
5460 1
2350 0
1599 1
2959 1
1599 0
3164 1
5460 0
3064 1
2959 0
3164 0
4342 1
3822 1
3064 0
620 1
4342 0
2043 1
3822 0
620 0
703 1
1453 1
2043 0
1453 0
555 1
117 1
555 0
1028 1
117 0
1028 0
1101 1
1502 1
1101 0
703 0
3142 1
3142 0
866 1
1502 0
4715 1
4715 0
1223 1
865 1
866 0
3221 1
3218 1
3222 1
3218 0
3222 0
3136 1
3223 1
3221 0
3151 1
3136 0
1223 0
1761 1
3223 0
3025 1
3151 0
3167 1
3167 0
3800 1
3025 0
3870 1
865 0
4516 1
1761 0
1470 1
3800 0
3226 1
1575 1
1470 0
379 1
3226 0
3870 0
4110 1
5281 1
4516 0
379 0
3145 1
4110 0
3046 1
4574 1
4574 0
4579 1
4579 0
4580 1
5281 0
1427 1
1427 0
4576 1
3046 0
3621 1
3145 0
4577 1
3621 0
4580 0
5428 1
5428 0
4577 0
1575 0
757 1
1373 1
1373 0
4576 0
1522 1
3171 1
1522 0
4938 1
548 1
757 0
4938 0
548 0
1405 1
465 1
1405 0
100 1
3171 0
100 0
791 1
1936 1
465 0
5231 1
791 0
1936 0
1477 1
3872 1
5231 0
4456 1
3872 0
3040 1
1477 0
431 1
4456 0
1966 1
431 0
3040 0
1746 1
1324 1
1746 0
1966 0
1980 1
1324 0
1329 1
1980 0
2080 1
5265 1
2189 1
2189 0
2038 1
2097 1
2080 0
2068 1
2038 0
5265 0
860 1
635 1
2068 0
4249 1
1329 0
860 0
859 1
1971 1
635 0
2091 1
2097 0
3544 1
859 0
2072 1
1971 0
3544 0
1857 1
4249 0
4248 1
4248 0
3045 1
3045 0
3953 1
1555 1
1555 0
1554 1
2091 0
426 1
3113 1
1856 1
1856 0
1858 1
3112 1
1858 0
1857 0
3113 0
1523 1
2072 0
418 1
3112 0
5497 1
1523 0
5279 1
426 0
418 0
5116 1
5497 0
659 1
5278 1
5279 0
5225 1
1328 1
3953 0
1328 0
540 1
540 0
1349 1
1349 0
1378 1
1554 0
5225 0
5116 0
2451 1
4498 1
4497 1
1060 1
4498 0
5278 0
2173 1
2894 1
1060 0
1334 1
4701 1
1054 1
1334 0
4497 0
1054 0
1091 1
2894 0
4701 0
1023 1
1091 0
1089 1
1099 1
659 0
1089 0
218 1
2173 0
4149 1
218 0
1090 1
1099 0
5464 1
1023 0
5502 1
2451 0
2185 1
597 1
1090 0
5290 1
597 0
4149 0
2125 1
4532 1
5290 0
2281 1
3610 1
5378 1
5464 0
5378 0
4944 1
4944 0
4945 1
2185 0
5104 1
5104 0
4275 1
4275 0
5103 1
5502 0
919 1
2184 1
3610 0
2184 0
507 1
919 0
4596 1
2125 0
4532 0
636 1
5182 1
636 0
4278 1
5103 0
507 0
949 1
2127 1
4278 0
2002 1
4151 1
2281 0
2002 0
4151 0
3948 1
2127 0
4945 0
4095 1
4596 0
4095 0
5182 0
2296 1
2296 0
2295 1
2295 0
5004 1
2187 1
3948 0
3928 1
5004 0
2600 1
2187 0
1280 1
3928 0
1280 0
3915 1
1305 1
1378 0
949 0
1202 1
3252 1
3915 0
2183 1
4593 1
246 1
2600 0
4593 0
2183 0
3542 1
3768 1
3768 0
3542 0
1255 1
1305 0
1338 1
1202 0
4566 1
3252 0
4566 0
3917 1
1255 0
1346 1
4619 1
246 0
1338 0
3118 1
4619 0
1958 1
1347 1
1346 0
318 1
3118 0
3925 1
3917 0
1347 0
32 1
1274 1
318 0
1958 0
4515 1
32 0
31 1
99 1
1274 0
1516 1
4515 0
924 1
99 0
31 0
924 0
3925 0
833 1
1516 0
1515 1
2180 1
1515 0
1203 1
833 0
2836 1
1203 0
3340 1
2180 0
2836 0
2140 1
3932 1
2140 0
3340 0
2385 1
3932 0
4055 1
4054 1
4055 0
3433 1
2385 0
4054 0
4363 1
872 1
3433 0
4363 0
4053 1
4057 1
4053 0
3536 1
872 0
4057 0
4056 1
67 1
4056 0
908 1
67 0
908 0
5277 1
2681 1
5277 0
2681 0
4089 1
4724 1
4089 0
3536 0
3518 1
4724 0
266 1
3535 1
3518 0
3535 0
2386 1
35 1
266 0
111 1
2386 0
4790 1
35 0
4406 1
111 0
4406 0
2373 1
4969 1
2373 0
3523 1
4790 0
3524 1
3523 0
5117 1
3524 0
4455 1
4969 0
2862 1
4455 0
3597 1
2862 0
322 1
5117 0
2492 1
3597 0
4725 1
2492 0
3414 1
322 0
3414 0
4725 0
