201 1
3407 1
4329 1
4329 0
4330 1
5318 1
4330 0
83 1
83 0
5368 1
5317 1
5368 0
201 0
5317 0
5318 0
3886 1
4986 1
4191 1
3886 0
4986 0
3406 1
3407 0
2522 1
3406 0
5129 1
5129 0
2521 1
4988 1
4191 0
5069 1
2522 0
1812 1
1812 0
2677 1
2677 0
2521 0
3467 1
4988 0
2643 1
1444 1
4908 1
4010 1
4908 0
2643 0
3467 0
3466 1
4010 0
3341 1
5069 0
1149 1
3341 0
3856 1
4212 1
2747 1
2668 1
2571 1
2763 1
2571 0
1444 0
2756 1
2763 0
2668 0
4212 0
2747 0
1149 0
2415 1
2645 1
3856 0
3466 0
2454 1
2645 0
5436 1
2756 0
960 1
5436 0
4604 1
3580 1
960 0
2635 1
4604 0
2520 1
2415 0
2634 1
2635 0
2453 1
2454 0
3580 0
483 1
2445 1
2453 0
2520 0
2519 1
2518 1
2634 0
2445 0
2567 1
2519 0
332 1
3044 1
332 0
2518 0
3044 0
483 0
1667 1
2567 0
2568 1
1667 0
1666 1
2568 0
1634 1
4999 1
559 1
5338 1
2730 1
2866 1
2866 0
1666 0
559 0
2442 1
4543 1
1634 0
1635 1
2078 1
1635 0
3115 1
2078 0
2442 0
4999 0
4543 0
2212 1
740 1
740 0
68 1
68 0
4449 1
2730 0
4291 1
4291 0
2212 0
5338 0
3115 0
1640 1
1640 0
2607 1
2607 0
1150 1
4449 0
4091 1
4091 0
2776 1
5054 1
2685 1
2776 0
5054 0
733 1
2491 1
2502 1
2491 0
1150 0
2596 1
2502 0
733 0
1130 1
2685 0
696 1
1130 0
2596 0
893 1
893 0
4637 1
862 1
696 0
4637 0
4120 1
4120 0
2490 1
5010 1
862 0
106 1
2490 0
1123 1
5010 0
1123 0
588 1
588 0
1057 1
3892 1
106 0
3892 0
5012 1
1057 0
683 1
310 1
5012 0
310 0
3318 1
2743 1
683 0
3318 0
3317 1
2101 1
365 1
365 0
3123 1
2101 0
1759 1
1759 0
5294 1
3123 0
2503 1
2503 0
615 1
3781 1
5294 0
963 1
3781 0
1533 1
2743 0
606 1
1126 1
615 0
3120 1
3120 0
5462 1
5462 0
29 1
29 0
351 1
351 0
611 1
1126 0
606 0
1994 1
963 0
3179 1
3317 0
1994 0
3373 1
3373 0
1642 1
1533 0
579 1
3179 0
3129 1
3028 1
1642 0
611 0
3108 1
167 1
579 0
3108 0
162 1
1249 1
1249 0
3109 1
3178 1
711 1
711 0
3178 0
3129 0
3109 0
3107 1
3107 0
162 0
3372 1
3028 0
3372 0
2450 1
2011 1
2450 0
3937 1
167 0
2011 0
2686 1
4395 1
3937 0
4395 0
3262 1
3262 0
735 1
735 0
3266 1
2686 0
2076 1
1583 1
3266 0
3374 1
2076 0
1583 0
464 1
1542 1
464 0
2022 1
3374 0
2022 0
2023 1
2252 1
2023 0
2082 1
2092 1
2092 0
3271 1
3271 0
876 1
2252 0
3652 1
876 0
2082 0
1227 1
1228 1
1227 0
3898 1
1542 0
1498 1
1498 0
1497 1
1497 0
3293 1
3293 0
1228 0
3652 0
3651 1
3898 0
1309 1
3651 0
3650 1
1952 1
3650 0
3283 1
3284 1
981 1
3295 1
4428 1
3295 0
3294 1
981 0
1215 1
3283 0
1309 0
3265 1
1951 1
1952 0
4428 0
1108 1
3265 0
28 1
3309 1
28 0
1758 1
5356 1
1215 0
5356 0
450 1
1108 0
3294 0
1951 0
1975 1
3284 0
2938 1
3310 1
3309 0
1981 1
1975 0
3310 0
3278 1
2938 0
3278 0
3290 1
2085 1
1981 0
3319 1
3290 0
3319 0
356 1
2085 0
4078 1
216 1
4649 1
216 0
356 0
5416 1
4211 1
4211 0
2883 1
2883 0
1758 0
1307 1
3302 1
450 0
929 1
5416 0
929 0
4766 1
4766 0
2321 1
4649 0
5468 1
5468 0
4780 1
1897 1
4078 0
12 1
979 1
4780 0
979 0
1578 1
1307 0
1161 1
1161 0
1897 0
3954 1
3954 0
369 1
2321 0
1000 1
1000 0
3955 1
1032 1
3955 0
55 1
1578 0
1032 0
1120 1
3314 1
55 0
4732 1
4733 1
649 1
4733 0
1859 1
1120 0
369 0
4146 1
4894 1
4732 0
4894 0
649 0
1308 1
3302 0
1308 0
3314 0
1859 0
1921 1
4146 0
1941 1
12 0
1921 0
3741 1
3742 1
3741 0
4712 1
3742 0
1991 1
4183 1
4712 0
1941 0
4155 1
4155 0
4153 1
4183 0
482 1
1991 0
439 1
482 0
4153 0
4152 1
4152 0
5232 1
439 0
957 1
437 1
957 0
437 0
4660 1
4659 1
4660 0
5232 0
2733 1
4659 0
4641 1
5057 1
2733 0
4026 1
4641 0
5057 0
3245 1
4845 1
4026 0
4873 1
3245 0
4873 0
4874 1
3720 1
4874 0
4132 1
4845 0
4131 1
4132 0
3391 1
4131 0
2246 1
3720 0
2093 1
2246 0
3850 1
2093 0
633 1
3391 0
4919 1
3850 0
622 1
4919 0
622 0
293 1
634 1
633 0
634 0
485 1
293 0
4825 1
4825 0
4824 1
485 0
85 1
436 1
85 0
3408 1
436 0
2372 1
2372 0
2391 1
2238 1
1190 1
4996 1
2238 0
4996 0
4824 0
2391 0
3408 0
3397 1
3727 1
1190 0
5044 1
3727 0
5260 1
5044 0
1882 1
3397 0
4531 1
1882 0
3843 1
4531 0
1628 1
3791 1
5260 0
3791 0
1927 1
1927 0
1036 1
1036 0
5258 1
3843 0
1926 1
4294 1
1628 0
4294 0
1926 0
5258 0
