4365 1
4366 1
4365 0
1475 1
1475 0
3939 1
3930 1
3939 0
3940 1
759 1
3940 0
4366 0
1394 1
759 0
3930 0
736 1
6607 1
1394 0
4088 1
6607 0
6751 1
3942 1
3639 1
2590 1
746 1
3928 1
3931 1
3928 0
3931 0
736 0
6752 1
6751 0
3639 0
3942 0
2590 0
4088 0
6752 0
3575 1
746 0
745 1
3938 1
745 0
2075 1
3575 0
3938 0
1120 1
2076 1
2075 0
3558 1
2076 0
1120 0
7427 1
3558 0
6133 1
3422 1
6133 0
6425 1
7427 0
3422 0
3421 1
6426 1
6425 0
3421 0
1177 1
4494 1
6426 0
1177 0
6129 1
4494 0
1507 1
1412 1
6129 0
1507 0
3711 1
2727 1
1412 0
4388 1
3711 0
2727 0
2726 1
7374 1
4388 0
2726 0
7296 1
7295 1
7296 0
3568 1
7374 0
7295 0
795 1
7170 1
3568 0
7170 0
6542 1
795 0
829 1
6542 0
6541 1
4090 1
829 0
6539 1
6541 0
6925 1
4090 0
1389 1
1366 1
302 1
302 0
301 1
7908 1
1365 1
1365 0
1366 0
7908 0
7909 1
1389 0
6925 0
4371 1
1933 1
301 0
7909 0
7906 1
6267 1
6267 0
7843 1
6801 1
6802 1
1683 1
6802 0
6266 1
6539 0
6801 0
1683 0
7563 1
1933 0
7843 0
4371 0
862 1
7907 1
7906 0
7564 1
7563 0
3269 1
7564 0
7581 1
7907 0
4325 1
6266 0
3270 1
3269 0
862 0
6334 1
7751 1
7581 0
4325 0
6128 1
7751 0
277 1
4320 1
3270 0
3295 1
6128 0
278 1
277 0
7303 1
4320 0
5588 1
6334 0
622 1
190 1
190 0
2143 1
2143 0
3295 0
3756 1
7311 1
622 0
7311 0
278 0
7901 1
7179 1
7303 0
5588 0
6064 1
2190 1
7901 0
7282 1
2190 0
7179 0
4436 1
6883 1
3756 0
6883 0
6881 1
4653 1
5035 1
7282 0
5035 0
7359 1
6881 0
7357 1
7359 0
4653 0
7357 0
3271 1
4436 0
3271 0
6911 1
6911 0
752 1
752 0
4711 1
5618 1
4711 0
5618 0
2365 1
2365 0
4447 1
6064 0
6401 1
4447 0
5642 1
4443 1
5642 0
4443 0
4596 1
4596 0
4595 1
4574 1
4595 0
6401 0
974 1
4439 1
4574 0
974 0
1041 1
4439 0
4577 1
3297 1
4583 1
4582 1
4582 0
4577 0
3297 0
4584 1
3296 1
4584 0
3296 0
2864 1
1041 0
4575 1
4583 0
4575 0
6850 1
4136 1
6850 0
2864 0
7847 1
4136 0
1449 1
7847 0
927 1
1449 0
1448 1
863 1
4012 1
2680 1
863 0
4018 1
1448 0
7454 1
4012 0
2680 0
3047 1
1692 1
927 0
7454 0
7063 1
3047 0
297 1
3874 1
4018 0
7063 0
2850 1
5861 1
2850 0
2756 1
297 0
2757 1
2756 0
913 1
5860 1
5861 0
913 0
4112 1
5860 0
3826 1
2757 0
218 1
328 1
259 1
328 0
3874 0
4112 0
3875 1
218 0
217 1
3875 0
1080 1
3826 0
1692 0
5983 1
6370 1
1080 0
6934 1
217 0
7401 1
6370 0
259 0
5114 1
6934 0
2899 1
4011 1
2899 0
5114 0
6921 1
7401 0
5113 1
3996 1
5113 0
5359 1
5357 1
6921 0
6920 1
384 1
5983 0
3996 0
5359 0
834 1
4016 1
4016 0
4011 0
1577 1
1695 1
1577 0
834 0
6920 0
6922 1
2868 1
384 0
6922 0
3818 1
2002 1
5357 0
2002 0
5377 1
1695 0
1696 1
3172 1
1696 0
3818 0
3795 1
3172 0
6718 1
3642 1
6718 0
3795 0
391 1
5377 0
1144 1
284 1
1144 0
391 0
1885 1
2868 0
1528 1
284 0
5650 1
1885 0
3677 1
5650 0
3825 1
1363 1
3825 0
3677 0
3803 1
3387 1
3803 0
1528 0
1635 1
1363 0
6851 1
3819 1
3642 0
3388 1
3387 0
4933 1
6851 0
6855 1
4933 0
5429 1
1635 0
3388 0
7227 1
7226 1
7227 0
6855 0
1569 1
1569 0
481 1
481 0
2217 1
7226 0
2814 1
2814 0
2217 0
3819 0
5258 1
5373 1
5258 0
5373 0
5216 1
369 1
5216 0
5432 1
5429 0
5432 0
3305 1
4140 1
3305 0
4140 0
2201 1
7689 1
369 0
7690 1
7689 0
3612 1
2201 0
7690 0
5396 1
5396 0
4919 1
3612 0
548 1
7712 1
4919 0
548 0
6356 1
2588 1
7712 0
7299 1
6356 0
2588 0
2589 1
1154 1
2589 0
7299 0
3576 1
3577 1
3576 0
1221 1
3577 0
4003 1
1154 0
4146 1
1221 0
4146 0
4145 1
4145 0
1212 1
6041 1
4003 0
1054 1
1212 0
1054 0
3567 1
3567 0
3566 1
6041 0
1276 1
3566 0
3574 1
1289 1
1276 0
3574 0
247 1
2539 1
1289 0
247 0
973 1
973 0
972 1
2540 1
2539 0
2540 0
3552 1
7764 1
972 0
7764 0
7765 1
3552 0
3553 1
1548 1
7765 0
1548 0
6843 1
3553 0
4804 1
4804 0
4805 1
6843 0
6307 1
6307 0
6306 1
993 1
4805 0
6844 1
6306 0
994 1
993 0
6844 0
4153 1
149 1
4153 0
994 0
2731 1
3457 1
2731 0
4150 1
149 0
4150 0
4158 1
4156 1
4158 0
4155 1
4156 0
3424 1
3452 1
3457 0
3423 1
3423 0
3424 0
4155 0
3415 1
1676 1
1676 0
238 1
3415 0
3452 0
3451 1
238 0
3425 1
3451 0
3436 1
3425 0
3426 1
3435 1
3436 0
3426 0
1436 1
5491 1
1148 1
1436 0
5491 0
3435 0
1148 0
