1475 1
4414 1
1475 0
1476 1
1140 1
4414 0
2513 1
5448 1
4552 1
5448 0
1476 0
5194 1
4552 0
5156 1
1140 0
4240 1
5156 0
2513 0
4240 0
1534 1
4247 1
5194 0
1534 0
3978 1
3978 0
2872 1
2703 1
4247 0
2872 0
278 1
2703 0
2731 1
277 1
278 0
1572 1
277 0
896 1
1572 0
896 0
2735 1
4206 1
2731 0
2735 0
5080 1
3452 1
4206 0
3453 1
3452 0
3453 0
2577 1
5214 1
2914 1
358 1
1719 1
1719 0
358 0
5080 0
5214 0
3326 1
11 1
4210 1
5066 1
4210 0
5066 0
2577 0
2565 1
11 0
3326 0
2914 0
3347 1
2864 1
3347 0
2916 1
2864 0
5191 1
2565 0
5245 1
4271 1
4271 0
4813 1
4809 1
5245 0
1743 1
4809 0
4216 1
4217 1
1438 1
1438 0
4216 0
4813 0
5270 1
5270 0
5474 1
2892 1
2892 0
2890 1
5191 0
5474 0
3264 1
1743 0
2908 1
3264 0
4217 0
2848 1
5063 1
2890 0
3889 1
2724 1
2908 0
2833 1
5063 0
4662 1
3889 0
2916 0
2838 1
2202 1
4662 0
2838 0
2895 1
2848 0
708 1
708 0
2869 1
2869 0
3861 1
2202 0
2833 0
4643 1
2724 0
4735 1
2895 0
2924 1
2772 1
2924 0
4643 0
2481 1
2772 0
2650 1
2650 0
5151 1
1595 1
5151 0
2896 1
2896 0
3471 1
2481 0
1129 1
4736 1
5339 1
1129 0
5419 1
3354 1
2837 1
3354 0
2837 0
5419 0
592 1
4735 0
5339 0
4736 0
3861 0
4642 1
4775 1
3471 0
4775 0
4899 1
3216 1
4899 0
1596 1
1595 0
3216 0
4640 1
1596 0
193 1
4328 1
592 0
4957 1
4328 0
4640 0
4642 0
4957 0
193 0
4666 1
4741 1
2804 1
4741 0
2671 1
2804 0
130 1
4666 0
130 0
4508 1
4920 1
4508 0
1275 1
2671 0
1275 0
1276 1
545 1
4920 0
545 0
4317 1
382 1
4317 0
5392 1
1276 0
753 1
5392 0
382 0
1396 1
1396 0
2057 1
724 1
4785 1
4785 0
4784 1
724 0
966 1
1295 1
753 0
4784 0
5480 1
2057 0
538 1
494 1
966 0
5480 0
3622 1
3622 0
2475 1
5418 1
646 1
646 0
494 0
3186 1
5418 0
1210 1
4753 1
3202 1
4753 0
1210 0
763 1
763 0
1295 0
840 1
5120 1
2475 0
5077 1
5076 1
5077 0
539 1
538 0
3893 1
3893 0
539 0
3138 1
4123 1
3138 0
5110 1
5076 0
5110 0
5120 0
3811 1
3587 1
840 0
3811 0
4876 1
5268 1
3202 0
4918 1
3186 0
5271 1
5268 0
5271 0
2765 1
4123 0
2766 1
2765 0
3587 0
3386 1
3386 0
772 1
4876 0
2051 1
4103 1
2051 0
4679 1
2766 0
4679 0
670 1
676 1
4103 0
3191 1
4918 0
2905 1
3191 0
5334 1
1294 1
1294 0
4058 1
772 0
3837 1
4058 0
1086 1
1086 0
5334 0
2905 0
3385 1
676 0
378 1
529 1
670 0
52 1
529 0
2830 1
378 0
1520 1
2830 0
3837 0
546 1
759 1
3385 0
546 0
730 1
1289 1
759 0
773 1
730 0
3527 1
1520 0
2114 1
932 1
773 0
932 0
920 1
3527 0
2067 1
1289 0
778 1
768 1
920 0
778 0
4298 1
768 0
921 1
1008 1
2067 0
2122 1
921 0
915 1
4509 1
4298 0
916 1
915 0
97 1
916 0
4509 0
4302 1
51 1
97 0
51 0
767 1
1008 0
928 1
4738 1
52 0
1415 1
1415 0
4011 1
767 0
346 1
2024 1
2114 0
2117 1
2117 0
2171 1
2122 0
4011 0
2024 0
928 0
4302 0
23 1
346 0
2625 1
4722 1
2625 0
4722 0
3966 1
2304 1
3966 0
23 0
2257 1
2304 0
1325 1
2171 0
2172 1
2075 1
2172 0
2994 1
1325 0
4702 1
4738 0
2163 1
2257 0
2166 1
2075 0
2163 0
917 1
917 0
695 1
2994 0
3027 1
2166 0
2178 1
3027 0
782 1
695 0
4305 1
2200 1
4702 0
25 1
4305 0
4196 1
2178 0
2025 1
2200 0
782 0
3833 1
25 0
4034 1
313 1
3833 0
5289 1
2025 0
5288 1
5289 0
283 1
4196 0
4034 0
4029 1
313 0
994 1
3540 1
994 0
4104 1
5288 0
283 0
857 1
2461 1
4104 0
4029 0
196 1
1298 1
3540 0
1298 0
2418 1
5143 1
2418 0
2461 0
3952 1
444 1
3952 0
444 0
2046 1
2046 0
5143 0
1211 1
196 0
3865 1
857 0
4372 1
1211 0
259 1
4372 0
4050 1
878 1
894 1
4050 0
259 0
2966 1
2361 1
3865 0
4313 1
878 0
802 1
818 1
818 0
802 0
4133 1
4133 0
894 0
789 1
4134 1
4134 0
877 1
4313 0
34 1
2966 0
2726 1
4028 1
2726 0
34 0
877 0
4028 0
3503 1
2361 0
3507 1
789 0
3503 0
3502 1
4488 1
3502 0
297 1
4488 0
2136 1
5501 1
1387 1
1387 0
867 1
2798 1
2798 0
3507 0
5501 0
4650 1
4650 0
297 0
2136 0
3532 1
3530 1
3532 0
867 0
888 1
779 1
3530 0
3500 1
888 0
779 0
3500 0
