1779 1
1781 1
1781 0
1709 1
1709 0
3637 1
3637 0
976 1
1780 1
1779 0
4573 1
976 0
3638 1
4573 0
3394 1
3638 0
1780 0
2207 1
3641 1
2207 0
3813 1
3415 1
2285 1
188 1
3394 0
2429 1
2429 0
2425 1
2425 0
2285 0
3415 0
3813 0
3641 0
5405 1
3412 1
188 0
1283 1
5405 0
3413 1
3412 0
1810 1
3413 0
1283 0
3645 1
4266 1
2913 1
3645 0
1822 1
1844 1
1809 1
1809 0
1810 0
1822 0
4266 0
5412 1
5412 0
3443 1
3443 0
2913 0
3642 1
1801 1
3451 1
3451 0
3546 1
1801 0
3642 0
1844 0
244 1
244 0
3472 1
3472 0
3469 1
4349 1
3546 0
3469 0
3446 1
3446 0
1724 1
4349 0
535 1
535 0
536 1
1724 0
3605 1
3797 1
536 0
1686 1
3605 0
3797 0
3796 1
1686 0
511 1
3439 1
511 0
3796 0
1286 1
2337 1
1286 0
3439 0
3440 1
3440 0
2337 0
650 1
3829 1
1246 1
3829 0
1246 0
685 1
689 1
685 0
688 1
689 0
650 0
2457 1
2457 0
1722 1
4433 1
688 0
1722 0
3465 1
3465 0
3554 1
4433 0
524 1
3554 0
289 1
3214 1
524 0
3821 1
289 0
3214 0
4992 1
3476 1
3821 0
3470 1
3476 0
4992 0
1019 1
3470 0
3474 1
3474 0
3976 1
4904 1
3976 0
662 1
2601 1
1232 1
1232 0
1019 0
3972 1
3972 0
4904 0
1872 1
2601 0
3479 1
662 0
3478 1
3479 0
1950 1
3478 0
1872 0
2954 1
3480 1
1950 0
1081 1
1081 0
1247 1
1529 1
1529 0
1247 0
5313 1
3332 1
3332 0
5312 1
5312 0
5313 0
2954 0
236 1
236 0
1292 1
1292 0
1910 1
2347 1
3480 0
1910 0
4017 1
2347 0
5399 1
4744 1
4017 0
4744 0
5160 1
172 1
4545 1
4545 0
5399 0
1905 1
1968 1
1968 0
172 0
2203 1
3344 1
2203 0
5160 0
4293 1
191 1
4293 0
191 0
2458 1
669 1
1905 0
1898 1
669 0
2706 1
1898 0
2458 0
1879 1
3486 1
2706 0
3486 0
1817 1
319 1
1879 0
4633 1
1817 0
3344 0
1550 1
1876 1
139 1
140 1
140 0
1876 0
319 0
1316 1
1550 0
1316 0
4633 0
1348 1
1110 1
1109 1
139 0
1899 1
1109 0
1110 0
1348 0
1899 0
1649 1
1649 0
1370 1
1370 0
