883 1
6898 1
883 0
2715 1
2715 0
1912 1
2103 1
1912 0
5954 1
6898 0
1459 1
846 1
1459 0
5954 0
1318 1
846 0
1476 1
2103 0
1318 0
1319 1
1319 0
183 1
7004 1
7005 1
7005 0
1476 0
5131 1
183 0
5824 1
7004 0
5824 0
2078 1
5131 0
6358 1
6358 0
2283 1
2283 0
2919 1
2918 1
2919 0
2078 0
2077 1
2918 0
609 1
609 0
6015 1
6016 1
6015 0
2086 1
2077 0
6016 0
561 1
561 0
1321 1
2085 1
2086 0
4051 1
2085 0
1321 0
4245 1
4246 1
4245 0
6013 1
4246 0
3384 1
4051 0
6029 1
6013 0
2087 1
3384 0
5843 1
2087 0
6029 0
6030 1
3287 1
5843 0
6030 0
6027 1
6026 1
6027 0
3286 1
3287 0
3286 0
4235 1
6026 0
6019 1
4235 0
1849 1
6019 0
1970 1
1826 1
1849 0
6483 1
1826 0
1970 0
4851 1
6483 0
1898 1
1898 0
679 1
6037 1
6037 0
3820 1
4851 0
1564 1
1564 0
1565 1
3820 0
244 1
3984 1
909 1
1565 0
4693 1
244 0
909 0
679 0
675 1
675 0
1732 1
1731 1
1731 0
3984 0
4693 0
554 1
2111 1
554 0
4684 1
2111 0
1732 0
1935 1
4684 0
196 1
1979 1
1935 0
7674 1
196 0
921 1
1979 0
578 1
7674 0
7410 1
921 0
578 0
5086 1
7410 0
902 1
5086 0
1378 1
1378 0
7675 1
902 0
901 1
7668 1
7675 0
901 0
1974 1
7668 0
283 1
283 0
7597 1
1974 0
1973 1
1973 0
1996 1
1996 0
1879 1
425 1
7597 0
425 0
1930 1
5315 1
1879 0
5315 0
5290 1
1930 0
3219 1
3219 0
3218 1
849 1
5290 0
849 0
207 1
207 0
916 1
3218 0
1349 1
916 0
6696 1
5135 1
1349 0
6696 0
947 1
212 1
5135 0
3505 1
947 0
212 0
3590 1
3505 0
3474 1
3474 0
1990 1
1343 1
3590 0
3589 1
1343 0
3589 0
6995 1
3925 1
1990 0
6996 1
6995 0
1032 1
6996 0
450 1
1032 0
1033 1
1131 1
1131 0
3504 1
3925 0
4083 1
4083 0
450 0
831 1
831 0
1033 0
3592 1
3593 1
3592 0
3504 0
3503 1
3593 0
1031 1
3503 0
3511 1
5695 1
1031 0
3509 1
3511 0
3508 1
3509 0
5696 1
5695 0
3517 1
3508 0
5696 0
414 1
414 0
3517 0
