4062 1
1132 1
2702 1
1132 0
2701 1
2702 0
4018 1
4062 0
4472 1
2701 0
4472 0
2742 1
286 1
4018 0
2742 0
3458 1
3458 0
1263 1
1756 1
286 0
3644 1
3334 1
3644 0
1784 1
3635 1
3635 0
1263 0
1756 0
1172 1
3334 0
1784 0
1783 1
1172 0
1638 1
965 1
1638 0
1783 0
4556 1
428 1
4556 0
965 0
1762 1
428 0
1811 1
3763 1
1811 0
170 1
3763 0
2284 1
4645 1
1762 0
1510 1
1510 0
4645 0
4761 1
2284 0
1145 1
170 0
1778 1
1145 0
4695 1
4761 0
4695 0
4238 1
4238 0
2177 1
1778 0
3642 1
2177 0
103 1
3642 0
3451 1
4760 1
2160 1
4836 1
4836 0
1715 1
5221 1
2282 1
663 1
4774 1
4703 1
663 0
4703 0
103 0
594 1
2282 0
1395 1
1715 0
4269 1
2160 0
5221 0
1395 0
4772 1
4760 0
594 0
4269 0
4268 1
1687 1
4772 0
4774 0
1687 0
1801 1
3451 0
1821 1
1582 1
1821 0
1582 0
1820 1
4268 0
5124 1
2823 1
2823 0
2749 1
5124 0
1820 0
2371 1
2749 0
2371 0
47 1
3443 1
1801 0
3443 0
3436 1
47 0
3613 1
3613 0
902 1
536 1
535 1
535 0
3436 0
2340 1
536 0
903 1
902 0
903 0
3004 1
2340 0
4759 1
3004 0
5264 1
4755 1
5264 0
4758 1
4759 0
4758 0
1939 1
1939 0
2339 1
4755 0
3519 1
2339 0
3519 0
3993 1
4090 1
373 1
4090 0
971 1
373 0
1245 1
3993 0
1245 0
176 1
971 0
2378 1
4647 1
2378 0
176 0
4015 1
4494 1
4647 0
4199 1
4494 0
189 1
4015 0
3989 1
4199 0
189 0
3069 1
388 1
3069 0
3974 1
1297 1
3989 0
1297 0
5224 1
388 0
4977 1
4977 0
1576 1
256 1
1229 1
1804 1
1804 0
1185 1
1185 0
1068 1
1068 0
480 1
1576 0
1545 1
480 0
5382 1
1545 0
256 0
1287 1
1229 0
5382 0
5383 1
3973 1
3974 0
642 1
5224 0
5383 0
5420 1
1287 0
1540 1
3973 0
4409 1
1539 1
1540 0
642 0
3664 1
1107 1
4409 0
1584 1
1539 0
746 1
3994 1
3664 0
4408 1
1107 0
4485 1
5420 0
1260 1
4483 1
4483 0
4485 0
746 0
1569 1
1584 0
3994 0
3895 1
1569 0
1570 1
4408 0
4117 1
1573 1
1570 0
3895 0
5499 1
1188 1
1573 0
1260 0
846 1
4117 0
1157 1
2031 1
5499 0
1188 0
1585 1
1813 1
846 0
1586 1
1585 0
4194 1
1157 0
1813 0
3418 1
2045 1
1586 0
4832 1
3418 0
2031 0
4346 1
2159 1
4194 0
146 1
2159 0
4239 1
4346 0
4239 0
2027 1
1605 1
4832 0
2045 0
1291 1
146 0
3977 1
1291 0
3557 1
3977 0
1134 1
1605 0
3913 1
2301 1
2027 0
1597 1
3557 0
5343 1
2301 0
1598 1
1597 0
2841 1
1134 0
1590 1
1598 0
3913 0
1814 1
3567 1
1590 0
3573 1
1814 0
2768 1
5343 0
3573 0
3577 1
3484 1
2841 0
3561 1
3567 0
3578 1
3577 0
490 1
3561 0
1908 1
3578 0
3484 0
152 1
490 0
4729 1
1908 0
4730 1
4729 0
4730 0
4014 1
3056 1
573 1
1993 1
3056 0
573 0
2768 0
5173 1
5173 0
4014 0
660 1
660 0
4218 1
4218 0
1612 1
152 0
4357 1
4357 0
3483 1
3483 0
4448 1
4448 0
1612 0
2326 1
4816 1
1993 0
4816 0
4881 1
1537 1
2326 0
4881 0
4880 1
5323 1
1537 0
4880 0
4882 1
3686 1
4882 0
2327 1
5323 0
2327 0
2345 1
1904 1
3713 1
3686 0
3712 1
3712 0
3672 1
3713 0
1904 0
2345 0
5484 1
4599 1
5484 0
4599 0
445 1
1594 1
445 0
1594 0
1886 1
3672 0
5083 1
1886 0
4680 1
3710 1
5083 0
1337 1
4680 0
3710 0
3711 1
1337 0
5132 1
3703 1
3711 0
3704 1
3703 0
2400 1
5132 0
2400 0
493 1
3704 0
2259 1
2259 0
4925 1
4925 0
668 1
493 0
4567 1
668 0
4567 0
