1750 1
2682 1
2700 1
2682 0
5195 1
1750 0
1721 1
5193 1
5195 0
5193 0
233 1
1160 1
1159 1
1160 0
1159 0
233 0
4416 1
4416 0
4411 1
2700 0
3780 1
3780 0
4307 1
4307 0
1721 0
4454 1
4412 1
4411 0
4413 1
4412 0
2167 1
4454 0
3338 1
4413 0
407 1
2167 0
3338 0
2779 1
5027 1
407 0
5027 0
2111 1
2779 0
4913 1
896 1
4913 0
2111 0
2712 1
4441 1
896 0
2735 1
4441 0
4442 1
2712 0
4203 1
3336 1
3336 0
950 1
950 0
4444 1
4442 0
4444 0
2735 0
5080 1
4203 0
2589 1
5214 1
5080 0
5421 1
5214 0
4437 1
2589 0
4200 1
1478 1
4200 0
4202 1
4202 0
3154 1
5421 0
4437 0
2847 1
3154 0
2561 1
1478 0
2847 0
4810 1
2721 1
1644 1
2721 0
2574 1
2574 0
2561 0
2560 1
2622 1
2560 0
2831 1
2831 0
1644 0
4814 1
2898 1
3783 1
4814 0
4808 1
2898 0
3783 0
4821 1
4821 0
4805 1
691 1
4808 0
4805 0
4804 1
691 0
2886 1
2622 0
2477 1
1312 1
2477 0
4624 1
2838 1
2838 0
2895 1
2895 0
2924 1
4810 0
3352 1
4624 0
3352 0
4804 0
2846 1
2886 0
643 1
643 0
95 1
2772 1
2924 0
1312 0
571 1
2826 1
95 0
2896 1
2772 0
2896 0
3368 1
2943 1
2846 0
571 0
3801 1
2893 1
2943 0
3353 1
2893 0
3367 1
3368 0
1007 1
2826 0
3367 0
3366 1
3353 0
3365 1
3365 0
3364 1
3366 0
3364 0
3801 0
5248 1
1007 0
5061 1
5062 1
5061 0
847 1
5248 0
1808 1
5062 0
847 0
4586 1
2952 1
1808 0
2952 0
2962 1
4586 0
3232 1
2949 1
2962 0
3062 1
3232 0
2950 1
2949 0
1127 1
2950 0
3155 1
3062 0
3630 1
3155 0
5370 1
1127 0
5370 0
5336 1
4745 1
5336 0
2497 1
3971 1
3971 0
3630 0
4786 1
2497 0
4746 1
4745 0
4746 0
1447 1
2840 1
3230 1
3230 0
3162 1
4786 0
1446 1
1447 0
3461 1
2840 0
3461 0
4855 1
1446 0
531 1
531 0
383 1
383 0
1442 1
1443 1
1442 0
1443 0
370 1
3883 1
370 0
2406 1
3883 0
4931 1
4855 0
469 1
1467 1
3162 0
2983 1
2983 0
1467 0
387 1
2406 0
3169 1
727 1
3217 1
3217 0
3215 1
5410 1
731 1
731 0
727 0
744 1
3169 0
744 0
2341 1
3215 0
2341 0
2335 1
5410 0
5188 1
2532 1
2335 0
4931 0
1192 1
387 0
76 1
2532 0
76 0
4907 1
5188 0
4849 1
4849 0
5141 1
469 0
3200 1
4435 1
4907 0
2828 1
1192 0
1473 1
4435 0
1490 1
2828 0
3200 0
330 1
5141 0
1210 1
5451 1
1490 0
4753 1
1210 0
4753 0
5372 1
1473 0
5332 1
197 1
5372 0
330 0
623 1
5371 1
197 0
1679 1
5451 0
3204 1
5371 0
3204 0
623 0
4877 1
5332 0
5236 1
1679 0
4012 1
4877 0
5236 0
4752 1
4752 0
2356 1
5020 1
4012 0
2356 0
5308 1
5308 0
3572 1
5021 1
5020 0
3570 1
3572 0
3914 1
3570 0
2193 1
5021 0
2193 0
2056 1
2056 0
4182 1
3914 0
1008 1
599 1
4182 0
599 0
403 1
1008 0
928 1
403 0
2058 1
4121 1
2365 1
4704 1
4121 0
4705 1
4704 0
4352 1
1962 1
4705 0
913 1
2107 1
2058 0
4352 0
2365 0
102 1
551 1
914 1
551 0
780 1
1084 1
780 0
914 0
3805 1
1084 0
102 0
913 0
3343 1
3805 0
3343 0
4164 1
3894 1
4164 0
3747 1
1962 0
3894 0
3830 1
4415 1
3747 0
3830 0
777 1
1208 1
777 0
1208 0
1317 1
4489 1
4415 0
4489 0
5018 1
3020 1
1317 0
540 1
928 0
2107 0
2104 1
3020 0
5276 1
5455 1
5018 0
540 0
1349 1
5102 1
2104 0
5455 0
1712 1
5005 1
1349 0
5102 0
2213 1
4020 1
1712 0
5275 1
5275 0
3841 1
5276 0
3631 1
4020 0
4607 1
3631 0
3288 1
2213 0
3841 0
4137 1
4608 1
4607 0
3288 0
4974 1
4136 1
4137 0
5005 0
1344 1
2479 1
1344 0
4608 0
4305 1
942 1
4136 0
25 1
4305 0
912 1
2479 0
25 0
2758 1
1591 1
4974 0
911 1
912 0
4843 1
2758 0
1863 1
4104 1
911 0
1863 0
5442 1
5442 0
1277 1
942 0
3842 1
4520 1
3842 0
4520 0
4104 0
2461 1
2461 0
3952 1
1591 0
5472 1
3926 1
3952 0
1277 0
1009 1
1009 0
5367 1
3927 1
3926 0
5367 0
2436 1
3927 0
254 1
2436 0
254 0
1943 1
4843 0
5465 1
5472 0
5138 1
5465 0
1943 0
1942 1
3077 1
5138 0
1942 0
1866 1
1866 0
974 1
974 0
678 1
4991 1
258 1
4991 0
4259 1
4259 0
261 1
3077 0
1524 1
258 0
4066 1
678 0
127 1
3945 1
261 0
1339 1
4069 1
127 0
1339 0
4066 0
4067 1
4069 0
4067 0
3945 0
4042 1
873 1
1524 0
873 0
2073 1
4042 0
312 1
2073 0
302 1
302 0
2148 1
312 0
5501 1
5501 0
4650 1
4650 0
5043 1
2148 0
366 1
2214 1
5043 0
366 0
4424 1
5006 1
4424 0
806 1
2214 0
3525 1
806 0
3526 1
3525 0
3526 0
3520 1
3516 1
1216 1
3516 0
1216 0
4423 1
4423 0
3520 0
203 1
3528 1
203 0
3528 0
5006 0
