1282 1
641 1
641 0
5213 1
5212 1
1491 1
5213 0
5212 0
1283 1
1282 0
1283 0
1263 1
1491 0
5686 1
638 1
1264 1
1263 0
1264 0
672 1
241 1
241 0
5686 0
5687 1
638 0
637 1
637 0
5687 0
1292 1
1293 1
1275 1
672 0
1292 0
6458 1
6457 1
6458 0
6457 0
874 1
1293 0
431 1
1275 0
431 0
826 1
826 0
827 1
874 0
875 1
875 0
5002 1
827 0
1246 1
5003 1
5002 0
1246 0
1245 1
5003 0
5287 1
1245 0
6687 1
5287 0
5286 1
6688 1
6687 0
5286 0
762 1
2749 1
6688 0
7168 1
2749 0
7168 0
7167 1
762 0
5023 1
2092 1
5023 0
4387 1
7167 0
848 1
5019 1
848 0
853 1
7333 1
852 1
2092 0
7333 0
853 0
5019 0
4387 0
3334 1
852 0
1409 1
1409 0
295 1
3334 0
3244 1
295 0
1460 1
5465 1
3244 0
1241 1
5465 0
1461 1
1460 0
1241 0
3015 1
5681 1
3015 0
7596 1
1461 0
1954 1
1310 1
7596 0
123 1
5105 1
5681 0
123 0
1954 0
830 1
5105 0
1310 0
6360 1
830 0
6060 1
6012 1
6360 0
6060 0
6061 1
6012 0
6166 1
6061 0
6862 1
4710 1
2202 1
4363 1
176 1
4710 0
6022 1
177 1
176 0
177 0
6662 1
6022 0
2447 1
2447 0
2202 0
4367 1
4363 0
6662 0
6661 1
4367 0
2156 1
4942 1
6862 0
6660 1
6661 0
6660 0
2112 1
330 1
2156 0
7382 1
4942 0
956 1
2112 0
330 0
329 1
329 0
1312 1
956 0
1551 1
1551 0
145 1
145 0
144 1
6166 0
1481 1
6099 1
1312 0
1546 1
7382 0
1481 0
1313 1
6099 0
3131 1
4631 1
144 0
805 1
4631 0
5807 1
1546 0
1482 1
1313 0
4632 1
805 0
3131 0
2559 1
4633 1
4632 0
2559 0
3814 1
4633 0
7020 1
4030 1
569 1
4006 1
445 1
569 0
445 0
5807 0
3815 1
3814 0
4849 1
4030 0
7791 1
7020 0
4849 0
7791 0
7790 1
4642 1
7790 0
7667 1
4446 1
4446 0
3815 0
4652 1
4877 1
4877 0
4641 1
4642 0
4641 0
1549 1
1482 0
4000 1
7667 0
4652 0
4651 1
4006 0
6044 1
3847 1
4000 0
3847 0
3848 1
3848 0
4879 1
4651 0
2610 1
4946 1
2610 0
6203 1
6201 1
4879 0
6201 0
6087 1
6044 0
2337 1
6089 1
6089 0
6971 1
1549 0
1945 1
6971 0
6088 1
6087 0
4646 1
4946 0
6088 0
6203 0
3696 1
4646 0
5978 1
560 1
3696 0
2337 0
4002 1
5316 1
5978 0
559 1
560 0
255 1
4002 0
7779 1
5316 0
6919 1
559 0
5950 1
7779 0
3812 1
6919 0
3812 0
5262 1
1084 1
5950 0
1084 0
1083 1
3806 1
5262 0
255 0
5361 1
3806 0
1023 1
7462 1
4722 1
4722 0
7462 0
7768 1
1083 0
1023 0
3521 1
6694 1
5361 0
999 1
1000 1
999 0
1000 0
3520 1
3521 0
3520 0
7768 0
4220 1
1945 0
4220 0
324 1
3817 1
6694 0
3817 0
3824 1
912 1
3824 0
912 0
7704 1
7704 0
5354 1
4976 1
5354 0
5435 1
324 0
7375 1
904 1
904 0
1853 1
1853 0
5435 0
4976 0
7266 1
7266 0
6914 1
7376 1
7375 0
385 1
6914 0
6994 1
7376 0
386 1
385 0
7692 1
386 0
7692 0
2466 1
1975 1
6994 0
407 1
1975 0
7691 1
2466 0
5430 1
5430 0
5433 1
5433 0
3192 1
3516 1
407 0
7691 0
1772 1
3516 0
3192 0
5272 1
1772 0
3482 1
611 1
5272 0
6530 1
611 0
6530 0
2583 1
3481 1
3482 0
3481 0
5976 1
6531 1
2583 0
596 1
5976 0
6531 0
249 1
7337 1
596 0
249 0
7685 1
7337 0
7336 1
7113 1
7685 0
7336 0
910 1
910 0
3490 1
3564 1
3537 1
3540 1
3492 1
3492 0
3490 0
3537 0
7372 1
3564 0
7372 0
7249 1
7249 0
7248 1
7113 0
7248 0
3203 1
3203 0
3202 1
3541 1
3540 0
3202 0
306 1
3541 0
1216 1
1216 0
1217 1
1067 1
306 0
1217 0
3496 1
3496 0
7762 1
1067 0
7412 1
3578 1
7762 0
7412 0
378 1
1220 1
3578 0
3406 1
378 0
1220 0
966 1
3405 1
3406 0
13 1
966 0
3405 0
3411 1
13 0
12 1
2570 1
12 0
54 1
3411 0
4164 1
54 0
4164 0
4168 1
2570 0
3559 1
3559 0
3534 1
4168 0
3654 1
3534 0
3463 1
3652 1
3654 0
3462 1
3463 0
3653 1
3652 0
3462 0
3414 1
3653 0
976 1
3414 0
1225 1
976 0
1226 1
1226 0
1225 0
