3072 1
2638 1
2668 1
2668 0
2667 1
3073 1
4212 1
4212 0
2638 0
3072 0
510 1
3073 0
2398 1
2667 0
2397 1
2398 0
510 0
2652 1
2666 1
2652 0
2397 0
2646 1
4856 1
2666 0
4856 0
3240 1
4334 1
3019 1
2646 0
2645 1
2645 0
3856 1
3856 0
1163 1
4334 0
1163 0
3240 0
4697 1
4697 0
4696 1
1683 1
1766 1
4696 0
3019 0
2443 1
2444 1
2443 0
4477 1
1766 0
5013 1
5014 1
2648 1
2444 0
1683 0
3185 1
2332 1
2505 1
2505 0
2332 0
1156 1
3185 0
4946 1
4946 0
5013 0
4477 0
93 1
3737 1
2648 0
81 1
3737 0
81 0
4250 1
933 1
93 0
4628 1
4628 0
3098 1
5014 0
3098 0
3738 1
4253 1
1238 1
4253 0
3738 0
4116 1
1103 1
1103 0
4250 0
3348 1
933 0
1238 0
4116 0
3348 0
918 1
1156 0
5140 1
226 1
4859 1
5452 1
918 0
5453 1
4859 0
5452 0
2258 1
226 0
5140 0
4261 1
2258 0
5074 1
5453 0
4223 1
1178 1
5074 0
1404 1
4794 1
4794 0
4261 0
1404 0
1179 1
1178 0
4221 1
4223 0
4220 1
4221 0
1179 0
3468 1
3468 0
522 1
4220 0
2775 1
3965 1
2775 0
522 0
893 1
3965 0
360 1
4637 1
893 0
1664 1
4637 0
4402 1
360 0
4402 0
3967 1
3967 0
3968 1
2507 1
1664 0
3968 0
3153 1
4616 1
3153 0
2507 0
2580 1
4616 0
1371 1
3061 1
2580 0
1371 0
1531 1
3061 0
3596 1
3575 1
3596 0
3375 1
1531 0
2298 1
3575 0
682 1
3375 0
2298 0
632 1
3632 1
682 0
716 1
632 0
3066 1
3116 1
3116 0
126 1
4631 1
3632 0
126 0
166 1
3066 0
2483 1
3490 1
2483 0
217 1
166 0
1151 1
716 0
2510 1
217 0
1931 1
4631 0
2510 0
745 1
2061 1
3490 0
2053 1
2061 0
2053 0
5000 1
1151 0
3195 1
616 1
745 0
1815 1
5000 0
3106 1
3195 0
1931 0
3273 1
3108 1
616 0
251 1
3106 0
4690 1
4689 1
4689 0
251 0
1815 0
3370 1
162 1
3108 0
161 1
162 0
3274 1
3273 0
2496 1
3370 0
4690 0
3100 1
3100 0
161 0
3274 0
3272 1
1408 1
3272 0
2686 1
2496 0
3268 1
1408 0
2076 1
2686 0
2076 0
3374 1
3269 1
3268 0
3269 0
1015 1
3374 0
2022 1
2023 1
2022 0
385 1
1014 1
385 0
495 1
1014 0
1015 0
1118 1
1118 0
1391 1
1391 0
281 1
2023 0
495 0
1388 1
1388 0
1606 1
4706 1
281 0
2090 1
4706 0
1606 0
3093 1
4088 1
2090 0
3093 0
3257 1
1880 1
4088 0
3257 0
3958 1
3767 1
1880 0
3299 1
3958 0
3767 0
3656 1
3819 1
3299 0
3656 0
3655 1
2009 1
3655 0
2009 0
4860 1
819 1
3320 1
648 1
3320 0
648 0
1771 1
819 0
1618 1
1771 0
3329 1
946 1
3329 0
4860 0
766 1
1618 0
1619 1
946 0
3890 1
1011 1
3890 0
5251 1
1619 0
3291 1
400 1
3955 1
3955 0
2321 1
2321 0
1000 1
1000 0
1011 0
5468 1
438 1
5468 0
5251 0
585 1
400 0
1685 1
980 1
980 0
983 1
983 0
3819 0
497 1
3292 1
3291 0
3292 0
3301 1
1685 0
3301 0
1985 1
766 0
462 1
438 0
585 0
3331 1
1985 0
4936 1
4936 0
5165 1
1240 1
462 0
1865 1
1240 0
134 1
1865 0
3331 0
4262 1
2805 1
134 0
2805 0
413 1
5164 1
5165 0
574 1
413 0
4976 1
497 0
4360 1
4976 0
4712 1
5164 0
574 0
1991 1
482 1
1991 0
4262 0
3315 1
4712 0
4183 1
4368 1
482 0
3312 1
4360 0
3315 0
1300 1
3603 1
3312 0
2941 1
3603 0
5134 1
4368 0
2941 0
2942 1
2942 0
2273 1
326 1
326 0
1300 0
2273 0
3325 1
4517 1
4517 0
3325 0
4183 0
4153 1
4153 0
4152 1
959 1
5134 0
552 1
959 0
5232 1
4152 0
2733 1
5232 0
552 0
4125 1
4125 0
1891 1
5057 1
2733 0
5200 1
1891 0
5057 0
569 1
1042 1
5200 0
1042 0
4132 1
4132 0
4131 1
4131 0
3595 1
569 0
3720 1
3720 0
2246 1
2218 1
2246 0
3595 0
1038 1
2218 0
2388 1
2388 0
4919 1
4258 1
1038 0
622 1
4919 0
2387 1
622 0
4258 0
3410 1
3410 0
85 1
85 0
436 1
290 1
2387 0
1500 1
436 0
290 0
2389 1
3401 1
1500 0
2389 0
2342 1
5119 1
2374 1
401 1
2374 0
3401 0
1881 1
5118 1
424 1
5118 0
5119 0
2375 1
401 0
2394 1
2375 0
4533 1
1881 0
2342 0
2392 1
2377 1
2395 1
2394 0
2395 0
2377 0
2392 0
4534 1
4533 0
424 0
5035 1
4535 1
4534 0
5034 1
5035 0
4540 1
5034 0
4535 0
4540 0
