7334 1
6091 1
5333 1
6608 1
4917 1
4917 0
6610 1
6091 0
6609 1
6608 0
4518 1
6609 0
6610 0
7334 0
5332 1
5333 0
1327 1
4518 0
1327 0
5211 1
6187 1
6188 1
6187 0
32 1
6188 0
5332 0
5210 1
5211 0
32 0
6762 1
1865 1
6762 0
6757 1
5210 0
6756 1
6757 0
6821 1
6756 0
6821 0
4868 1
1865 0
1896 1
1896 0
1895 1
697 1
1895 0
1892 1
4868 0
2283 1
697 0
2283 0
2919 1
1892 0
1891 1
2918 1
2919 0
1891 0
5026 1
2918 0
1469 1
5026 0
5825 1
6979 1
1469 0
4534 1
5825 0
6979 0
1173 1
4534 0
4533 1
1174 1
1173 0
1457 1
4533 0
657 1
6975 1
4245 1
4246 1
1174 0
4245 0
6975 0
657 0
2079 1
1457 0
3866 1
2079 0
6013 1
4246 0
544 1
6013 0
7788 1
544 0
3866 0
3384 1
1453 1
2087 1
2087 0
3384 0
44 1
1703 1
44 0
1703 0
291 1
7788 0
291 0
2124 1
1453 0
7200 1
4858 1
2124 0
7200 0
2101 1
2101 0
1805 1
4858 0
4005 1
4005 0
2566 1
1805 0
6484 1
2566 0
6033 1
6485 1
6484 0
6033 0
6032 1
6485 0
2698 1
2443 1
6032 0
244 1
2698 0
2450 1
2443 0
2450 0
2930 1
909 1
244 0
4689 1
2930 0
2512 1
99 1
909 0
3984 1
3984 0
2512 0
1315 1
4689 0
1315 0
4684 1
99 0
819 1
196 1
4684 0
819 0
1978 1
1978 0
1993 1
196 0
1605 1
2009 1
1993 0
1605 0
7702 1
7702 0
331 1
2009 0
296 1
7676 1
331 0
898 1
296 0
7676 0
603 1
898 0
6999 1
603 0
7666 1
2176 1
7666 0
2176 0
1910 1
6999 0
1998 1
1998 0
1992 1
577 1
2439 1
577 0
1910 0
1735 1
1735 0
5625 1
2439 0
1992 0
895 1
1929 1
5625 0
895 0
6973 1
3628 1
1929 0
5291 1
6973 0
7686 1
3628 0
917 1
5291 0
7686 0
514 1
1550 1
3256 1
1500 1
3256 0
1550 0
1500 0
917 0
916 1
6696 1
916 0
3257 1
6696 0
513 1
514 0
513 0
1349 1
1349 0
5135 1
2805 1
3257 0
3623 1
5135 0
3622 1
3623 0
2805 0
2806 1
1371 1
2806 0
3510 1
1371 0
1343 1
3622 0
1343 0
3589 1
3589 0
1014 1
451 1
3510 0
3604 1
2125 1
3604 0
3597 1
3597 0
6357 1
1014 0
3599 1
3599 0
451 0
693 1
693 0
688 1
2125 0
687 1
688 0
6357 0
3527 1
3527 0
1610 1
687 0
2385 1
1610 0
1611 1
694 1
2385 0
1611 0
861 1
2386 1
694 0
861 0
3530 1
2386 0
5189 1
969 1
3530 0
3588 1
5189 0
969 0
5121 1
3587 1
3588 0
3587 0
5121 0
