6501 1
2066 1
6501 0
5882 1
2066 0
5688 1
5882 0
4221 1
5688 0
3151 1
4221 0
4079 1
3151 0
3152 1
4079 0
1633 1
4211 1
3152 0
5302 1
5821 1
4211 0
5589 1
2020 1
1832 1
1832 0
1633 0
5589 0
5302 0
1490 1
5821 0
5820 1
1490 0
4216 1
5820 0
4214 1
4216 0
2020 0
2021 1
2778 1
4214 0
2778 0
4217 1
2021 0
2568 1
4217 0
5583 1
6939 1
5583 0
6939 0
2592 1
2568 0
4232 1
4232 0
7082 1
7082 0
7083 1
7084 1
2063 1
7087 1
2063 0
96 1
2592 0
96 0
97 1
7084 0
6381 1
6381 0
6382 1
6382 0
7083 0
7830 1
7830 0
7829 1
7085 1
7829 0
7087 0
97 0
7085 0
