1618 1
1278 1
579 1
1618 0
246 1
579 0
1278 0
7074 1
7074 0
7072 1
246 0
1494 1
6459 1
1494 0
1264 1
7072 0
1264 0
241 1
6457 1
6459 0
241 0
7075 1
6458 1
6457 0
20 1
7075 0
6458 0
1295 1
431 1
20 0
1294 1
1295 0
826 1
431 0
1294 0
1835 1
760 1
826 0
1835 0
2243 1
760 0
1316 1
2243 0
7646 1
6687 1
1245 1
109 1
1255 1
1255 0
1316 0
1245 0
6687 0
257 1
7646 0
1303 1
257 0
109 0
6798 1
4387 1
4387 0
7167 1
1518 1
2769 1
2769 0
3334 1
6798 0
1518 0
7167 0
4747 1
1303 0
4747 0
7333 1
7333 0
853 1
852 1
853 0
1409 1
852 0
3334 0
3244 1
295 1
1409 0
3244 0
5465 1
295 0
1460 1
5465 0
1241 1
1326 1
1241 0
1460 0
1461 1
7596 1
1461 0
1326 0
6058 1
123 1
6058 0
7596 0
7701 1
7701 0
6359 1
6359 0
6360 1
5105 1
123 0
5105 0
830 1
6012 1
6360 0
830 0
6062 1
6062 0
320 1
201 1
6012 0
320 0
1320 1
2447 1
85 1
2197 1
4639 1
900 1
900 0
85 0
177 1
2447 0
6022 1
177 0
6022 0
1948 1
2197 0
201 0
1572 1
1320 0
1576 1
6031 1
4639 0
1948 0
1949 1
4675 1
6031 0
1481 1
1572 0
1949 0
4666 1
4674 1
4675 0
4666 0
4638 1
1313 1
1481 0
1576 0
6103 1
1868 1
1868 0
3821 1
3821 0
4671 1
1856 1
1856 0
4671 0
4674 0
4680 1
569 1
6103 0
6099 1
4638 0
3131 1
6099 0
4680 0
4679 1
3131 0
2559 1
4678 1
4679 0
2559 0
2136 1
2136 0
6874 1
4677 1
569 0
445 1
4688 1
4688 0
4687 1
4678 0
411 1
411 0
4677 0
4676 1
4676 0
1313 0
1482 1
6873 1
6874 0
4877 1
6873 0
445 0
4006 1
1482 0
1549 1
4652 1
4877 0
6885 1
4687 0
6885 0
6886 1
4651 1
4652 0
1549 0
6971 1
4651 0
2610 1
6888 1
6886 0
2610 0
4887 1
6044 1
4006 0
4887 0
4888 1
6888 0
6232 1
6235 1
4888 0
4885 1
6235 0
6232 0
7502 1
7502 0
34 1
4884 1
4885 0
6971 0
6089 1
4884 0
4691 1
34 0
7852 1
6089 0
6045 1
1084 1
3033 1
4075 1
4075 0
4722 1
3033 0
4691 0
1083 1
7852 0
1779 1
1084 0
1083 0
7462 1
4722 0
2337 1
7462 0
7461 1
7461 0
1779 0
7055 1
3335 1
6044 0
6812 1
6812 0
7055 0
4002 1
255 1
4002 0
2337 0
255 0
6045 0
7289 1
2811 1
3335 0
2811 0
3852 1
3852 0
6446 1
7289 0
1853 1
7703 1
6446 0
7703 0
528 1
528 0
6461 1
6461 0
5726 1
1853 0
904 1
5709 1
5726 0
659 1
659 0
5709 0
7618 1
7552 1
7552 0
7375 1
904 0
7395 1
7618 0
7395 0
7067 1
7376 1
7375 0
7067 0
2556 1
7376 0
1584 1
2556 0
3935 1
6550 1
1584 0
1975 1
6550 0
7692 1
7692 0
2466 1
3935 0
2294 1
2294 0
5433 1
5437 1
5437 0
1975 0
407 1
2466 0
3516 1
5430 1
5433 0
3516 0
407 0
4084 1
4084 0
4066 1
4066 0
4067 1
3643 1
5430 0
3513 1
4067 0
3643 0
3616 1
4149 1
3616 0
4149 0
4148 1
3513 0
3512 1
5288 1
3512 0
2583 1
4148 0
2583 0
6531 1
5288 0
5289 1
7336 1
5289 0
6531 0
7248 1
7249 1
7248 0
7336 0
910 1
3490 1
7766 1
910 0
3491 1
3495 1
3495 0
7766 0
3490 0
3492 1
3492 0
7249 0
3203 1
3202 1
3203 0
1019 1
3491 0
1019 0
3543 1
3526 1
3202 0
3542 1
3543 0
65 1
3526 0
3478 1
3542 0
3478 0
6444 1
1115 1
65 0
6444 0
3578 1
1115 0
1114 1
1220 1
3578 0
1114 0
3477 1
966 1
1220 0
966 0
7291 1
7291 0
1222 1
3545 1
1222 0
5871 1
3477 0
5872 1
5871 0
6502 1
5872 0
3544 1
3545 0
3544 0
254 1
6502 0
6503 1
6503 0
3654 1
3584 1
254 0
3653 1
3652 1
3583 1
3584 0
3652 0
3654 0
3416 1
3583 0
3416 0
3417 1
976 1
976 0
3417 0
3653 0
3469 1
3469 0
3468 1
3468 0
