4185 1
4173 1
2716 1
4173 0
4165 1
2716 0
4184 1
4185 0
4184 0
10 1
4165 0
654 1
5048 1
654 0
10 0
4589 1
5048 0
2834 1
4589 0
2269 1
2269 0
2904 1
2476 1
2904 0
2834 0
2835 1
2835 0
4521 1
2698 1
2476 0
4168 1
4521 0
2698 0
4911 1
4911 0
4445 1
673 1
673 0
5373 1
4615 1
5373 0
3648 1
4168 0
4615 0
3648 0
2717 1
2632 1
4445 0
2794 1
2717 0
4201 1
2632 0
4201 0
1250 1
2794 0
3029 1
1250 0
2542 1
2549 1
2542 0
2549 0
4087 1
4087 0
3806 1
2534 1
5421 1
3029 0
92 1
92 0
311 1
3806 0
2535 1
5421 0
3154 1
2535 0
2534 0
3355 1
3154 0
311 0
2531 1
2531 0
3804 1
576 1
3355 0
2538 1
3804 0
1738 1
5387 1
169 1
1738 0
2538 0
2537 1
230 1
169 0
230 0
285 1
3789 1
1327 1
5388 1
5387 0
513 1
1327 0
5388 0
3789 0
2792 1
285 0
3149 1
2537 0
2278 1
576 0
2812 1
2792 0
2842 1
2278 0
3149 0
5476 1
2812 0
1485 1
2842 0
2536 1
1485 0
3063 1
2500 1
5476 0
2536 0
577 1
4084 1
513 0
2769 1
4084 0
3063 0
3363 1
3363 0
3362 1
5064 1
2500 0
2769 0
3349 1
3349 0
3362 0
5190 1
5064 0
578 1
577 0
5190 0
2888 1
2711 1
2888 0
2940 1
2711 0
702 1
578 0
702 0
2595 1
1024 1
2940 0
1024 0
4101 1
1449 1
4101 0
2595 0
4966 1
2350 1
1449 0
1599 1
2350 0
4966 0
5460 1
2959 1
1599 0
3164 1
5460 0
3164 0
4342 1
3064 1
2959 0
3822 1
3064 0
4342 0
620 1
3822 0
2043 1
1453 1
2043 0
703 1
620 0
1453 0
555 1
117 1
555 0
117 0
1028 1
1101 1
1028 0
1502 1
1101 0
3142 1
703 0
1223 1
866 1
3142 0
4715 1
1223 0
1502 0
1761 1
4871 1
4871 0
865 1
866 0
4715 0
3218 1
3222 1
3168 1
3168 0
3221 1
3218 0
3221 0
3223 1
3136 1
3222 0
3151 1
3136 0
3025 1
3223 0
3167 1
3151 0
3167 0
3800 1
3025 0
3870 1
865 0
4516 1
1470 1
1761 0
3226 1
3226 0
379 1
1575 1
1470 0
3145 1
4356 1
4355 1
3800 0
4355 0
4356 0
379 0
4110 1
3870 0
4516 0
5281 1
4110 0
3046 1
5281 0
4574 1
3046 0
4576 1
4579 1
4574 0
4580 1
4579 0
3621 1
3145 0
3621 0
4577 1
4580 0
5428 1
757 1
1575 0
4577 0
5428 0
4576 0
1373 1
1522 1
1373 0
757 0
548 1
3171 1
1522 0
548 0
1405 1
1405 0
465 1
3171 0
100 1
791 1
100 0
1936 1
465 0
5231 1
791 0
1477 1
1936 0
431 1
3872 1
3040 1
1477 0
2037 1
2037 0
5231 0
352 1
352 0
1966 1
431 0
4456 1
3872 0
4456 0
1746 1
3040 0
1324 1
1746 0
1980 1
1966 0
1324 0
1329 1
4249 1
1329 0
5265 1
2189 1
2097 1
2080 1
2038 1
1992 1
1992 0
1980 0
426 1
2068 1
2038 0
2189 0
2072 1
1135 1
1135 0
2068 0
635 1
2080 0
2091 1
2097 0
860 1
5265 0
635 0
1971 1
2091 0
1971 0
4249 0
4248 1
859 1
1857 1
1858 1
860 0
3544 1
1857 0
859 0
3544 0
3045 1
4248 0
3045 0
3953 1
1858 0
1856 1
1856 0
3112 1
5279 1
426 0
3112 0
418 1
2072 0
1523 1
5116 1
418 0
5497 1
1523 0
5278 1
5279 0
5497 0
659 1
3953 0
1328 1
540 1
1328 0
540 0
1349 1
1023 1
4498 1
4497 1
5278 0
4654 1
4654 0
2173 1
2048 1
2048 0
4655 1
4655 0
1060 1
4498 0
1060 0
2894 1
2894 0
1091 1
1023 0
4701 1
30 1
30 0
4497 0
5502 1
1334 1
4701 0
1054 1
1334 0
1054 0
1091 0
1089 1
2451 1
5116 0
218 1
1089 0
218 0
1090 1
1099 1
2185 1
2451 0
5464 1
1099 0
4582 1
658 1
1236 1
658 0
659 0
1090 0
597 1
4149 1
2173 0
1378 1
1349 0
5378 1
5464 0
5290 1
597 0
2185 0
4275 1
5104 1
4275 0
4532 1
5290 0
5502 0
919 1
4149 0
2125 1
4278 1
2127 1
636 1
4532 0
507 1
919 0
636 0
5182 1
5103 1
4278 0
1236 0
5104 0
4596 1
2125 0
2187 1
3948 1
5103 0
2127 0
3948 0
4582 0
2296 1
5182 0
4944 1
5378 0
949 1
507 0
4596 0
4095 1
2295 1
2296 0
2295 0
5004 1
3928 1
5004 0
4944 0
4945 1
4945 0
4594 1
4594 0
4095 0
4593 1
2600 1
2187 0
1280 1
3928 0
2600 0
3915 1
1280 0
1305 1
1378 0
3252 1
3915 0
1202 1
949 0
1305 0
1255 1
4593 0
2183 1
3252 0
4566 1
4619 1
1338 1
1202 0
3917 1
4566 0
246 1
4619 0
2183 0
2106 1
2105 1
2105 0
2106 0
1958 1
1346 1
1255 0
1338 0
3118 1
3917 0
3925 1
1347 1
1346 0
3118 0
318 1
32 1
1347 0
1958 0
4515 1
318 0
1274 1
1516 1
4515 0
32 0
31 1
1274 0
99 1
246 0
99 0
924 1
31 0
924 0
3925 0
833 1
1516 0
1515 1
1515 0
2180 1
1203 1
833 0
2836 1
1203 0
3340 1
2180 0
2140 1
2836 0
2140 0
3932 1
3340 0
2385 1
4055 1
3932 0
4055 0
4054 1
2385 0
3433 1
4054 0
4363 1
3433 0
872 1
4053 1
4363 0
4053 0
4057 1
4057 0
4056 1
872 0
3536 1
908 1
67 1
67 0
830 1
830 0
4739 1
4739 0
5277 1
4056 0
908 0
2681 1
5277 0
4089 1
2681 0
4089 0
4724 1
3518 1
3536 0
4724 0
266 1
3518 0
3535 1
266 0
35 1
3535 0
2386 1
2386 0
111 1
4790 1
35 0
4406 1
871 1
871 0
4969 1
111 0
3612 1
3612 0
870 1
870 0
2373 1
2373 0
4406 0
3523 1
4790 0
3523 0
3524 1
3524 0
5117 1
4455 1
4969 0
2862 1
4455 0
2862 0
3597 1
322 1
5117 0
2492 1
3597 0
2492 0
4725 1
3414 1
322 0
4725 0
3414 0
