1554 1
7334 1
6091 1
7334 0
1554 0
707 1
6091 0
5333 1
5333 0
5332 1
707 0
7331 1
6188 1
5332 0
7332 1
7331 0
1299 1
6188 0
2052 1
1299 0
2052 0
3341 1
5777 1
7332 0
6813 1
6813 0
719 1
719 0
6403 1
1431 1
3341 0
6402 1
6403 0
6402 0
5775 1
5775 0
5776 1
5777 0
5778 1
5778 0
5779 1
5776 0
1430 1
1431 0
1430 0
1240 1
5779 0
1287 1
4786 1
1240 0
6143 1
1287 0
4786 0
4785 1
4317 1
4785 0
6142 1
6143 0
726 1
4317 0
2378 1
6142 0
2378 0
1986 1
7399 1
726 0
6822 1
1986 0
768 1
6822 0
7399 0
6977 1
769 1
768 0
6977 0
6978 1
769 0
3449 1
6978 0
6975 1
6975 0
657 1
3450 1
3449 0
5671 1
657 0
3450 0
2081 1
5670 1
5671 0
264 1
2081 0
2106 1
264 0
1048 1
5670 0
5943 1
2106 0
1048 0
6018 1
5943 0
6335 1
859 1
6018 0
201 1
6335 0
1572 1
201 0
1572 0
4880 1
6435 1
4857 1
4857 0
4855 1
1314 1
1314 0
859 0
6435 0
1693 1
1693 0
4856 1
4855 0
4856 0
1955 1
4880 0
4031 1
4031 0
6093 1
1955 0
4667 1
6093 0
6108 1
4667 0
5675 1
5675 0
2542 1
6108 0
580 1
2542 0
72 1
7845 1
72 0
580 0
3582 1
7844 1
7845 0
803 1
3582 0
4681 1
7844 0
940 1
803 0
4681 0
1605 1
117 1
940 0
1605 0
7702 1
7702 0
1931 1
4055 1
117 0
7678 1
1931 0
4055 0
905 1
7678 0
439 1
439 0
440 1
905 0
156 1
5673 1
5673 0
5674 1
24 1
440 0
24 0
25 1
25 0
7552 1
5674 0
7618 1
7552 0
7618 0
7395 1
7395 0
2406 1
156 0
219 1
7681 1
2406 0
219 0
965 1
5431 1
7681 0
965 0
512 1
512 0
4716 1
5438 1
5431 0
4716 0
1987 1
5438 0
5138 1
6816 1
1987 0
5138 0
270 1
6816 0
3507 1
3507 0
3506 1
270 0
1938 1
1938 0
4064 1
3506 0
7694 1
4064 0
1578 1
1578 0
4070 1
7695 1
7694 0
4070 0
1816 1
7695 0
3502 1
1816 0
2847 1
3600 1
2847 0
1249 1
3502 0
3600 0
3608 1
1250 1
1249 0
1096 1
3608 0
1254 1
1250 0
1254 0
1253 1
3486 1
1253 0
3614 1
7298 1
1096 0
3606 1
3606 0
3607 1
3607 0
3609 1
3609 0
405 1
3614 0
7298 0
3485 1
3486 0
420 1
3485 0
420 0
3484 1
3475 1
405 0
3476 1
3475 0
3484 0
3483 1
3480 1
3483 0
3476 0
5499 1
5499 0
5500 1
3480 0
3479 1
5500 0
5501 1
3465 1
3479 0
3465 0
3464 1
2719 1
5501 0
3464 0
4065 1
5853 1
4065 0
3418 1
3419 1
3418 0
3419 0
1059 1
1059 0
5853 0
2719 0
7300 1
7300 0
