2702 1
3693 1
2701 1
2702 0
2701 0
4472 1
3950 1
3693 0
2742 1
4472 0
2416 1
3950 0
2742 0
3458 1
2694 1
2416 0
3458 0
1263 1
1263 0
3635 1
2694 0
265 1
3807 1
265 0
3653 1
3807 0
1784 1
3635 0
1783 1
1784 0
1783 0
3636 1
4895 1
3653 0
1811 1
3636 0
4895 0
2220 1
170 1
1811 0
965 1
2220 0
965 0
1762 1
4645 1
1762 0
3219 1
4645 0
170 0
1145 1
3219 0
3551 1
3551 0
2486 1
2486 0
4670 1
1778 1
1145 0
3642 1
1778 0
3451 1
3642 0
4670 0
1290 1
4387 1
1290 0
3451 0
3986 1
1850 1
3986 0
5162 1
4835 1
1820 1
5162 0
4835 0
2729 1
5124 1
1820 0
4831 1
854 1
4387 0
4831 0
2729 0
4967 1
5203 1
5124 0
3387 1
5203 0
4967 0
4968 1
1423 1
4968 0
4993 1
1423 0
4994 1
4993 0
341 1
1675 1
1675 0
1538 1
1075 1
1075 0
854 0
341 0
1850 0
1928 1
1043 1
1928 0
590 1
3387 0
4742 1
1043 0
5346 1
4994 0
3991 1
4742 0
5346 0
3874 1
4129 1
590 0
2288 1
1538 0
3874 0
209 1
2288 0
1233 1
4129 0
903 1
1819 1
3991 0
1233 0
4143 1
4143 0
209 0
903 0
3004 1
4135 1
1819 0
3004 0
5395 1
5365 1
4135 0
5394 1
5395 0
5365 0
4237 1
3618 1
5394 0
4237 0
1816 1
3618 0
2338 1
1816 0
2338 0
4494 1
298 1
572 1
373 1
298 0
572 0
694 1
971 1
373 0
971 0
2378 1
951 1
5393 1
951 0
5393 0
4493 1
2378 0
693 1
694 0
4647 1
4494 0
4647 0
1624 1
1041 1
1041 0
1080 1
1804 1
1068 1
4493 0
4621 1
1804 0
3379 1
4621 0
1381 1
1381 0
1624 0
5386 1
1080 0
3263 1
1185 1
1068 0
4015 1
693 0
1184 1
5386 0
1803 1
1803 0
5385 1
5385 0
189 1
4015 0
5144 1
189 0
4199 1
3379 0
3270 1
3270 0
1185 0
395 1
393 1
393 0
1018 1
1625 1
3263 0
1018 0
1625 0
3989 1
4199 0
1184 0
4588 1
3989 0
1297 1
4588 0
3820 1
395 0
1 1
1297 0
2328 1
3820 0
1602 1
1016 1
1016 0
5144 0
3533 1
1031 1
3533 0
1241 1
1241 0
2328 0
1180 1
1558 1
1602 0
1632 1
1558 0
1557 1
5147 1
1868 1
4333 1
4333 0
4364 1
5147 0
1 0
1868 0
1632 0
4409 1
1031 0
1107 1
4409 0
1588 1
1557 0
3994 1
3664 1
642 1
1180 0
652 1
1944 1
1944 0
2030 1
2030 0
3664 0
3994 0
1569 1
1569 0
1588 0
1570 1
1589 1
1589 0
642 0
4364 0
2033 1
1107 0
4408 1
2033 0
984 1
4117 1
4408 0
1573 1
1570 0
984 0
2306 1
652 0
2079 1
4117 0
4115 1
1556 1
1573 0
3996 1
2079 0
4115 0
1076 1
2306 0
4006 1
1556 0
1604 1
4006 0
998 1
3996 0
3995 1
785 1
998 0
1604 0
1544 1
4527 1
785 0
59 1
1544 0
1076 0
1934 1
4527 0
4525 1
1932 1
1934 0
458 1
4525 0
3995 0
2028 1
2028 0
2006 1
4529 1
458 0
4530 1
4529 0
3482 1
2006 0
1932 0
88 1
88 0
5029 1
1587 1
59 0
4393 1
4530 0
5029 0
5402 1
2348 1
3482 0
3557 1
1587 0
3559 1
4393 0
1597 1
3557 0
2348 0
5498 1
3484 1
1134 1
5498 0
4980 1
3559 0
5315 1
2841 1
3484 0
2841 0
1134 0
4549 1
4549 0
4756 1
5402 0
4548 1
4548 0
1597 0
1598 1
4980 0
2403 1
1814 1
5315 0
1814 0
3573 1
4401 1
1598 0
4400 1
4401 0
4400 0
3560 1
3573 0
3579 1
3568 1
3560 0
573 1
2403 0
4756 0
3250 1
3579 0
1045 1
1046 1
1045 0
1046 0
5152 1
4357 1
3250 0
3568 0
4398 1
4398 0
4399 1
5152 0
5017 1
573 0
3056 1
4729 1
4730 1
4127 1
4127 0
4399 0
5017 0
4729 0
4730 0
4218 1
4357 0
5173 1
3056 0
435 1
4218 0
435 0
2244 1
2239 1
2244 0
1993 1
5173 0
4816 1
1993 0
4881 1
4816 0
2239 0
1537 1
4880 1
4881 0
5323 1
1537 0
5323 0
2995 1
4882 1
4880 0
1906 1
2995 0
4698 1
4882 0
3684 1
4698 0
1906 0
2399 1
3011 1
2998 1
320 1
320 0
2998 0
2997 1
2997 0
5053 1
2399 0
3011 0
3684 0
3676 1
5053 0
445 1
1594 1
445 0
1594 0
1593 1
3676 0
3710 1
3009 1
1593 0
3711 1
3710 0
3009 0
223 1
3711 0
3553 1
4681 1
223 0
4681 0
3734 1
3731 1
3734 0
3701 1
3553 0
3731 0
5131 1
5133 1
5131 0
4391 1
3701 0
4568 1
5133 0
4391 0
1699 1
1698 1
1699 0
1254 1
1698 0
4569 1
2404 1
2404 0
241 1
4568 0
4924 1
4924 0
4569 0
242 1
241 0
1254 0
1253 1
242 0
1253 0
