2214 1
7826 1
7826 0
7726 1
7726 0
1296 1
3939 1
759 1
759 0
3940 1
3940 0
3939 0
298 1
1296 0
2215 1
2214 0
298 0
3644 1
2923 1
2215 0
2825 1
3644 0
3945 1
2923 0
3944 1
3945 0
1336 1
3944 0
2825 0
788 1
1336 0
756 1
788 0
789 1
756 0
755 1
6134 1
789 0
755 0
586 1
6135 1
6134 0
6135 0
2630 1
586 0
1473 1
1473 0
742 1
2630 0
5336 1
742 0
8 1
6211 1
8 0
1413 1
1330 1
5336 0
1369 1
2204 1
2204 0
6803 1
6803 0
1413 0
5335 1
1508 1
6211 0
5335 0
1508 0
5793 1
5793 0
6222 1
1330 0
1331 1
5175 1
1968 1
5174 1
1369 0
5175 0
1968 0
1331 0
6222 0
5952 1
5174 0
5024 1
7296 1
5024 0
7295 1
7296 0
795 1
7295 0
829 1
795 0
2171 1
5952 0
6545 1
2171 0
6544 1
6545 0
829 0
4090 1
6544 0
6543 1
4089 1
4090 0
1415 1
6543 0
1415 0
6546 1
4089 0
3251 1
6546 0
7176 1
3251 0
1460 1
6984 1
7176 0
1460 0
1461 1
6160 1
6984 0
1461 0
761 1
6160 0
4705 1
6976 1
761 0
543 1
543 0
4705 0
6268 1
6268 0
6170 1
6170 0
4807 1
5969 1
5969 0
6987 1
4057 1
4056 1
4057 0
1424 1
4056 0
7460 1
7316 1
7460 0
1423 1
1424 0
6987 0
7315 1
7316 0
6671 1
1423 0
6778 1
7315 0
6671 0
7285 1
6779 1
6778 0
2134 1
7285 0
6284 1
6284 0
6659 1
5646 1
5646 0
1350 1
1350 0
6779 0
5645 1
6659 0
4807 0
7121 1
2134 0
4356 1
4357 1
7121 0
6064 1
6976 0
6401 1
6064 0
4356 0
2169 1
4357 0
7809 1
7351 1
6401 0
6237 1
5645 0
2169 0
6023 1
6023 0
6024 1
7352 1
7351 0
7464 1
6237 0
2173 1
2172 1
7807 1
7809 0
4700 1
4700 0
4701 1
4701 0
6024 0
6149 1
2172 0
5708 1
7464 0
7795 1
7806 1
7807 0
7794 1
2173 0
4703 1
6148 1
6148 0
6149 0
6150 1
6150 0
7794 0
7795 0
5416 1
5708 0
5416 0
3980 1
3980 0
3979 1
3242 1
7806 0
4427 1
3979 0
4427 0
2160 1
2160 0
2159 1
3242 0
4455 1
7793 1
4703 0
2159 0
3177 1
4668 1
4455 0
3177 0
4297 1
7711 1
7793 0
7352 0
4850 1
6890 1
7891 1
4297 0
7890 1
7891 0
3231 1
7890 0
7706 1
7711 0
7367 1
6890 0
4850 0
4846 1
4668 0
5280 1
7366 1
5280 0
7367 0
7706 0
4836 1
3307 1
3231 0
335 1
3307 0
7366 0
5140 1
6057 1
4836 0
5139 1
5140 0
6400 1
6057 0
4843 1
6400 0
4846 0
4102 1
6423 1
335 0
102 1
6423 0
6422 1
6422 0
4737 1
4737 0
4036 1
5139 0
4842 1
4843 0
4036 0
4010 1
4842 0
3847 1
3848 1
3847 0
102 0
443 1
3848 0
4001 1
6566 1
4010 0
1692 1
4102 0
4025 1
4001 0
4645 1
443 0
6261 1
6566 0
4645 0
4137 1
5126 1
4137 0
3782 1
4025 0
6261 0
6262 1
1692 0
5983 1
3782 0
4894 1
5361 1
6262 0
5983 0
384 1
5350 1
4894 0
5125 1
5126 0
5361 0
6694 1
5350 0
5351 1
5124 1
1653 1
5125 0
2970 1
2970 0
5124 0
3816 1
5351 0
3816 0
4878 1
1653 0
5419 1
5115 1
5419 0
5115 0
5737 1
384 0
2868 1
5737 0
7130 1
195 1
4878 0
4017 1
6694 0
7130 0
7129 1
2868 0
1528 1
4017 0
4016 1
7698 1
7129 0
195 0
7778 1
1577 1
4016 0
4936 1
7778 0
7698 0
7699 1
3641 1
1577 0
7700 1
7699 0
4935 1
4936 0
7700 0
7731 1
7775 1
4935 0
1673 1
7731 0
1672 1
1673 0
7775 0
7776 1
6038 1
1672 0
7767 1
7776 0
7767 0
7777 1
6038 0
7777 0
1528 0
1635 1
3819 1
3642 1
5429 1
1635 0
3642 0
3819 0
3641 0
4021 1
4021 0
4022 1
5349 1
5349 0
5284 1
4022 0
5429 0
5432 1
5284 0
5285 1
5432 0
3305 1
369 1
5285 0
4069 1
3305 0
7689 1
369 0
7689 0
7690 1
4069 0
3613 1
7690 0
1567 1
5767 1
1567 0
4331 1
3613 0
4861 1
5767 0
611 1
2043 1
2043 0
2584 1
6530 1
611 0
6530 0
4861 0
6356 1
4331 0
7299 1
6356 0
7299 0
3528 1
2569 1
3528 0
4146 1
2584 0
1053 1
4146 0
4145 1
365 1
1053 0
365 0
7373 1
4145 0
1212 1
1212 0
3547 1
7373 0
1516 1
3574 1
3547 0
3574 0
247 1
1516 0
1502 1
247 0
7756 1
307 1
1502 0
7755 1
7756 0
3555 1
7755 0
306 1
307 0
3555 0
3554 1
1067 1
306 0
1067 0
2551 1
6682 1
3554 0
7902 1
6682 0
3161 1
105 1
105 0
2551 0
7533 1
3162 1
3161 0
7902 0
3557 1
3162 0
3493 1
3557 0
934 1
1030 1
1030 0
968 1
968 0
3493 0
3539 1
3581 1
934 0
7534 1
7533 0
3581 0
2027 1
7534 0
5951 1
2027 0
3539 0
7763 1
873 1
5951 0
1915 1
2569 0
1915 0
3220 1
997 1
997 0
7763 0
873 0
3430 1
4152 1
3220 0
5207 1
3430 0
4152 0
4155 1
3423 1
5207 0
4155 0
3415 1
3424 1
3423 0
7753 1
3415 0
3424 0
1741 1
7753 0
7754 1
313 1
313 0
178 1
178 0
7754 0
3461 1
4167 1
4167 0
1741 0
984 1
984 0
983 1
983 0
5492 1
3433 1
3432 1
3433 0
3432 0
3461 0
3460 1
5492 0
3460 0
