4185 1
4173 1
4185 0
4173 0
5425 1
4184 1
234 1
234 0
5425 0
5121 1
5121 0
1668 1
1668 0
1701 1
4184 0
10 1
4589 1
10 0
4589 0
2269 1
3339 1
1701 0
2269 0
2904 1
3339 0
2835 1
4521 1
2835 0
4658 1
2904 0
4658 0
5030 1
4172 1
5030 0
3338 1
4521 0
2698 1
4172 0
3338 0
2779 1
2779 0
4913 1
2698 0
4911 1
4911 0
673 1
4445 1
673 0
896 1
4913 0
4445 0
2632 1
896 0
2735 1
2632 0
4201 1
2735 0
3029 1
4201 0
2687 1
2687 0
2583 1
2550 1
2583 0
2550 0
2570 1
3029 0
5421 1
2570 0
4921 1
5421 0
3154 1
3154 0
3355 1
311 1
92 1
2531 1
3804 1
1359 1
1359 0
4921 0
2611 1
2531 0
311 0
92 0
576 1
3355 0
2538 1
1644 1
1644 0
2721 1
2721 0
2611 0
3804 0
3352 1
576 0
5387 1
1738 1
3047 1
1738 0
285 1
3047 0
5387 0
5388 1
285 0
3149 1
5388 0
1327 1
2537 1
2538 0
2537 0
2278 1
3149 0
5434 1
690 1
5434 0
4624 1
3352 0
1466 1
690 0
4624 0
4551 1
2278 0
2842 1
1327 0
513 1
2594 1
2842 0
4084 1
513 0
4551 0
3063 1
1466 0
643 1
3363 1
3063 0
95 1
643 0
2594 0
2275 1
3363 0
4625 1
2960 1
391 1
391 0
4084 0
2263 1
2960 0
2769 1
3349 1
3349 0
2769 0
4625 0
4626 1
4626 0
2263 0
95 0
2888 1
2888 0
2711 1
1209 1
2275 0
1024 1
3875 1
3875 0
1445 1
3876 1
1445 0
3876 0
2711 0
2940 1
2940 0
1209 0
3746 1
4101 1
1024 0
4101 0
4875 1
321 1
3746 0
321 0
2119 1
2748 1
4875 0
2119 0
3881 1
2748 0
3 1
2211 1
3 0
4429 1
3881 0
3988 1
4429 0
2211 0
5255 1
3988 0
631 1
5255 0
4097 1
2909 1
4097 0
3753 1
631 0
2043 1
1452 1
1452 0
1453 1
2909 0
3822 1
2043 0
3822 0
555 1
1453 0
3752 1
3753 0
555 0
117 1
1432 1
117 0
3144 1
3752 0
1432 0
4871 1
3144 0
865 1
1761 1
4871 0
1761 0
1470 1
3168 1
3221 1
3223 1
3221 0
3168 0
3169 1
3169 0
744 1
744 0
1670 1
3870 1
865 0
4516 1
1470 0
1413 1
3885 1
2335 1
2341 1
3223 0
2335 0
2341 0
3025 1
3025 0
3870 0
5189 1
1670 0
4356 1
5189 0
1413 0
1264 1
4653 1
4516 0
1264 0
760 1
4355 1
4356 0
4337 1
3885 0
757 1
760 0
2128 1
4653 0
1373 1
4337 0
4574 1
2128 0
743 1
4355 0
4579 1
4574 0
548 1
757 0
743 0
627 1
1373 0
1522 1
628 1
627 0
4578 1
4579 0
628 0
4578 0
1412 1
548 0
3171 1
1522 0
5242 1
4003 1
4003 0
100 1
3171 0
1401 1
1412 0
100 0
1401 0
3662 1
5242 0
5243 1
3662 0
1071 1
4818 1
5243 0
4818 0
352 1
1071 0
2699 1
1746 1
2699 0
352 0
2037 1
1746 0
1324 1
1323 1
1324 0
1966 1
2056 1
2056 0
4182 1
599 1
599 0
404 1
2037 0
2193 1
2193 0
4182 0
1980 1
1966 0
1992 1
1980 0
1992 0
5299 1
1323 0
5299 0
4248 1
3045 1
4248 0
404 0
5279 1
3045 0
1501 1
5278 1
2048 1
5278 0
5279 0
1501 0
1328 1
540 1
1328 0
2048 0
4655 1
1091 1
1207 1
1207 0
4498 1
1091 0
1089 1
4498 0
4497 1
4497 0
30 1
1089 0
749 1
749 0
930 1
930 0
597 1
30 0
5502 1
5290 1
597 0
1349 1
540 0
498 1
5290 0
919 1
5502 0
4655 0
4654 1
2296 1
498 0
2295 1
2296 0
2295 0
5004 1
3928 1
5004 0
919 0
1208 1
1317 1
1317 0
1314 1
1208 0
5256 1
5256 0
507 1
507 0
1280 1
3928 0
4149 1
2173 1
4654 0
2173 0
2113 1
4149 0
1280 0
3915 1
3252 1
3915 0
2113 0
2112 1
1349 0
5005 1
4783 1
3252 0
1314 0
4519 1
4020 1
4783 0
1344 1
5005 0
4607 1
4020 0
2112 0
2106 1
2106 0
2105 1
1344 0
1255 1
2408 1
2105 0
4519 0
3600 1
1255 0
1346 1
1062 1
3600 0
2408 0
2109 1
2223 1
1062 0
4608 1
4607 0
32 1
1347 1
1347 0
4608 0
1495 1
1695 1
2109 0
3845 1
2223 0
769 1
911 1
769 0
912 1
912 0
911 0
4892 1
1346 0
32 0
1695 0
4602 1
4602 0
1285 1
3844 1
3845 0
4892 0
1221 1
3844 0
4023 1
1220 1
1221 0
1220 0
4023 0
1495 0
5024 1
5024 0
2411 1
2133 1
1285 0
5158 1
2133 0
2411 0
3871 1
3871 0
4055 1
4054 1
4055 0
2934 1
5158 0
4363 1
4054 0
1866 1
974 1
678 1
678 0
974 0
1866 0
4053 1
4363 0
2934 0
2303 1
4057 1
4053 0
4057 0
4056 1
4056 0
4739 1
5403 1
5404 1
4739 0
830 1
830 0
5403 0
5404 0
4259 1
4259 0
261 1
261 0
38 1
872 1
3506 1
2303 0
3506 0
3518 1
3536 1
872 0
3536 0
38 0
4027 1
4027 0
430 1
3535 1
3518 0
3535 0
3534 1
4159 1
430 0
3534 0
3612 1
4159 0
3523 1
3612 0
870 1
3523 0
3524 1
871 1
870 0
871 0
4423 1
1216 1
4423 0
1216 0
2862 1
322 1
3526 1
3525 1
3525 0
3524 0
806 1
2214 1
2214 0
806 0
5117 1
5117 0
322 0
2492 1
3597 1
2862 0
3597 0
2492 0
3516 1
3526 0
3520 1
3520 0
3516 0
