1132 1
4062 1
2702 1
1132 0
2702 0
2701 1
4018 1
4062 0
2701 0
4472 1
4472 0
2742 1
4018 0
286 1
3458 1
2742 0
3458 0
1263 1
286 0
1756 1
1263 0
3635 1
3635 0
1784 1
1172 1
1756 0
1784 0
1783 1
1172 0
1638 1
1638 0
965 1
428 1
4556 1
428 0
3636 1
1811 1
1783 0
3636 0
4556 0
965 0
1762 1
1811 0
170 1
4645 1
1762 0
1510 1
4645 0
1145 1
170 0
1510 0
4761 1
1145 0
1778 1
4761 0
4695 1
4238 1
4695 0
4831 1
4831 0
1290 1
2177 1
1290 0
4387 1
4238 0
4387 0
3642 1
1778 0
103 1
2177 0
3642 0
3451 1
4836 1
2160 1
663 1
103 0
1715 1
4836 0
1715 0
4269 1
2282 1
5221 1
2282 0
4269 0
4268 1
4778 1
4778 0
2161 1
2161 0
2160 0
1395 1
5221 0
4703 1
663 0
1801 1
3451 0
1395 0
4772 1
4703 0
4774 1
4268 0
2823 1
2823 0
1820 1
5124 1
1820 0
1687 1
4772 0
4774 0
1687 0
5124 0
2749 1
2371 1
2749 0
2371 0
47 1
3443 1
1801 0
3436 1
3443 0
47 0
3613 1
3613 0
902 1
536 1
1819 1
1819 0
4742 1
4742 0
2340 1
3436 0
3991 1
3991 0
535 1
536 0
535 0
902 0
903 1
3004 1
903 0
4759 1
2340 0
5264 1
3004 0
5264 0
4755 1
4758 1
1939 1
2339 1
4759 0
4237 1
4237 0
5365 1
5365 0
4758 0
1939 0
4755 0
3519 1
3519 0
2339 0
4090 1
3993 1
373 1
4090 0
373 0
971 1
1245 1
176 1
3993 0
1245 0
4015 1
176 0
2378 1
971 0
2378 0
4647 1
4494 1
4647 0
4199 1
4494 0
4015 0
189 1
4199 0
3989 1
3069 1
5144 1
5144 0
189 0
1016 1
3069 0
3974 1
3989 0
1297 1
5224 1
1297 0
1804 1
1068 1
480 1
1804 0
1068 0
1185 1
480 0
5382 1
1229 1
1185 0
1229 0
1287 1
5382 0
5383 1
5420 1
5383 0
5224 0
642 1
3974 0
3973 1
1031 1
1031 0
4409 1
1016 0
3973 0
1540 1
1287 0
1540 0
1539 1
5420 0
4483 1
642 0
3664 1
1107 1
4409 0
1584 1
1539 0
3664 0
3994 1
4408 1
1107 0
4485 1
4483 0
1584 0
1569 1
4485 0
1260 1
1570 1
1569 0
3895 1
3994 0
4117 1
4408 0
1573 1
1570 0
5499 1
3895 0
1260 0
846 1
2031 1
5499 0
1157 1
4117 0
1573 0
1188 1
1585 1
1188 0
1813 1
846 0
1585 0
1586 1
4194 1
1157 0
3418 1
1813 0
1586 0
2045 1
4832 1
3418 0
2031 0
4346 1
2159 1
4194 0
2159 0
146 1
4346 0
4239 1
4832 0
1605 1
4239 0
2027 1
3977 1
146 0
1291 1
2045 0
3557 1
1291 0
3977 0
1134 1
1597 1
3557 0
3913 1
1605 0
2301 1
2301 0
5343 1
5498 1
5498 0
2027 0
2348 1
2348 0
3482 1
3482 0
1598 1
1597 0
1134 0
2841 1
1598 0
1590 1
3913 0
1814 1
1590 0
3567 1
1814 0
3573 1
2768 1
5343 0
3577 1
3573 0
2841 0
3484 1
3567 0
3561 1
3577 0
3578 1
3561 0
490 1
573 1
2768 0
3484 0
152 1
1908 1
3578 0
4729 1
490 0
1908 0
4730 1
4729 0
4730 0
573 0
3056 1
3056 0
5173 1
1993 1
5173 0
152 0
4357 1
4218 1
4357 0
1612 1
4218 0
1612 0
2326 1
4816 1
1993 0
2326 0
1537 1
4816 0
4881 1
4880 1
4881 0
1537 0
5323 1
4882 1
4880 0
4882 0
3686 1
2995 1
2995 0
2344 1
5323 0
2345 1
2327 1
2327 0
3686 0
3712 1
3672 1
3712 0
445 1
2344 0
5053 1
5053 0
3011 1
3011 0
4599 1
5484 1
4599 0
5484 0
2345 0
1594 1
445 0
5083 1
3672 0
1886 1
1594 0
3710 1
5083 0
1886 0
4680 1
3711 1
3710 0
1337 1
4680 0
5132 1
1337 0
3703 1
3711 0
2400 1
5132 0
3703 0
3704 1
493 1
2400 0
3704 0
2259 1
4925 1
2259 0
4925 0
668 1
668 0
4567 1
493 0
4567 0
