415 1
6675 1
1769 1
415 0
6675 0
4230 1
4231 1
4230 0
6500 1
1769 0
4231 0
5366 1
2149 1
5874 1
6500 0
5874 0
5365 1
5366 0
2149 0
787 1
2374 1
4157 1
2374 0
5365 0
786 1
787 0
4157 0
4186 1
786 0
3656 1
4186 0
4185 1
4181 1
4185 0
3656 0
6314 1
6314 0
1497 1
4288 1
4181 0
1497 0
5428 1
4288 0
5818 1
413 1
5428 0
413 0
4255 1
5572 1
5818 0
5572 0
5568 1
2049 1
4256 1
4256 0
4255 0
6715 1
6716 1
6715 0
2004 1
2049 0
2004 0
5568 0
1820 1
6716 0
7747 1
1819 1
1820 0
2262 1
1819 0
7817 1
2262 0
7747 0
4249 1
4424 1
4249 0
7817 0
7819 1
7819 0
7823 1
6761 1
4424 0
6473 1
6761 0
7822 1
6472 1
6473 0
7822 0
5106 1
7823 0
1823 1
2384 1
2384 0
2398 1
2398 0
5106 0
6471 1
6472 0
6471 0
5243 1
6288 1
5243 0
1823 0
1796 1
1796 0
7833 1
4267 1
6288 0
7833 0
651 1
4267 0
4266 1
4266 0
650 1
651 0
650 0
