3072 1
3073 1
3073 0
510 1
510 0
2179 1
2638 1
3072 0
2179 0
5364 1
3756 1
2638 0
3756 0
2676 1
4450 1
5364 0
4450 0
4453 1
4453 0
4694 1
2676 0
2397 1
2646 1
2397 0
2646 0
1163 1
4334 1
1163 0
4459 1
4452 1
4694 0
4697 1
4697 0
4696 1
1766 1
4696 0
4460 1
4459 0
4452 0
1736 1
3649 1
4478 1
4477 1
1766 0
4477 0
4334 0
1061 1
1736 0
4460 0
2659 1
1061 0
271 1
2659 0
2444 1
2648 1
2444 0
4478 0
1072 1
1072 0
4371 1
3649 0
271 0
2433 1
2648 0
2434 1
2433 0
2434 0
4256 1
4256 0
4254 1
4371 0
4965 1
2967 1
4254 0
4964 1
4965 0
3016 1
2967 0
184 1
3016 0
5381 1
4710 1
2770 1
2851 1
2770 0
4964 0
5148 1
5148 0
4710 0
5381 0
184 0
183 1
2851 0
2852 1
5344 1
2852 0
183 0
2428 1
226 1
5344 0
762 1
2428 0
5074 1
1178 1
2557 1
2557 0
5074 0
5453 1
226 0
2146 1
762 0
4223 1
5453 0
2146 0
4223 0
1430 1
1429 1
1430 0
2780 1
1429 0
1179 1
1178 0
3468 1
1179 0
3468 0
522 1
1702 1
2780 0
307 1
522 0
1702 0
1805 1
1805 0
1794 1
3964 1
1794 0
307 0
941 1
3962 1
3964 0
3962 0
3659 1
3059 1
941 0
3660 1
3659 0
3660 0
3153 1
4616 1
3153 0
2580 1
3059 0
4616 0
4617 1
4617 0
5137 1
5137 0
1663 1
3061 1
2580 0
1663 0
1530 1
3828 1
3061 0
3828 0
5467 1
4846 1
1530 0
5467 0
2298 1
4846 0
1704 1
2298 0
632 1
1704 0
4473 1
716 1
632 0
4473 0
3176 1
716 0
3239 1
4958 1
3176 0
3116 1
3066 1
126 1
3116 0
166 1
126 0
2483 1
3066 0
2483 0
3490 1
3239 0
2129 1
166 0
217 1
3490 0
2061 1
2129 0
3076 1
2510 1
217 0
2061 0
2053 1
745 1
2510 0
3076 0
3106 1
1931 1
4958 0
745 0
616 1
2053 0
5000 1
616 0
4504 1
1931 0
3273 1
5000 0
1815 1
3273 0
3304 1
251 1
3106 0
4504 0
3438 1
251 0
4689 1
1266 1
3304 0
3924 1
3370 1
2052 1
2496 1
3370 0
1815 0
2496 0
3924 0
273 1
274 1
273 0
274 0
4690 1
4689 0
869 1
3438 0
3067 1
3100 1
869 0
3105 1
3067 0
3105 0
4690 0
3100 0
1266 0
1567 1
1567 0
454 1
1997 1
2052 0
1840 1
3269 1
3269 0
1015 1
3268 1
454 0
1015 0
3268 0
1391 1
1841 1
1840 0
1841 0
1546 1
3374 1
1997 0
2022 1
3374 0
1546 0
1391 0
1118 1
2023 1
2022 0
495 1
1118 0
281 1
2023 0
495 0
1388 1
489 1
281 0
4706 1
489 0
1606 1
1606 0
3093 1
3093 0
1614 1
1388 0
4706 0
2551 1
1614 0
1615 1
1615 0
1616 1
3256 1
1616 0
1977 1
1977 0
1974 1
1974 0
4088 1
2551 0
1880 1
4088 0
87 1
3256 0
1685 1
87 0
3767 1
1880 0
3767 0
3656 1
3655 1
3656 0
2009 1
3655 0
4860 1
2009 0
3301 1
1685 0
1982 1
947 1
1771 1
1771 0
3329 1
1985 1
766 1
766 0
4860 0
1983 1
1982 0
3890 1
5241 1
5240 1
5241 0
3329 0
5240 0
1983 0
1011 1
3890 0
819 1
947 0
819 0
1618 1
1618 0
3236 1
1011 0
400 1
3292 1
3301 0
438 1
400 0
3236 0
3384 1
462 1
438 0
462 0
1240 1
1240 0
1865 1
1865 0
4340 1
1050 1
3384 0
1258 1
4340 0
4936 1
1985 0
486 1
3381 1
1050 0
134 1
134 0
413 1
413 0
1258 0
1257 1
2805 1
2805 0
486 0
3292 0
3291 1
4936 0
5165 1
1864 1
1257 0
361 1
1864 0
5164 1
5165 0
3291 0
3616 1
361 0
4140 1
2228 1
4140 0
3381 0
3564 1
3799 1
3616 0
5164 0
4712 1
4368 1
2228 0
3812 1
3564 0
3812 0
37 1
4712 0
4183 1
3799 0
1273 1
1273 0
3615 1
37 0
14 1
4368 0
5134 1
4517 1
14 0
5134 0
959 1
4517 0
3325 1
3607 1
5205 1
4183 0
1964 1
3603 1
3615 0
2941 1
3603 0
3606 1
3606 0
3607 0
4233 1
1964 0
5205 0
3609 1
3325 0
2942 1
2942 0
2941 0
3609 0
552 1
959 0
4233 0
4901 1
552 0
4125 1
4943 1
4901 0
4125 0
1891 1
5200 1
1891 0
4942 1
4943 0
3718 1
4942 0
3718 0
3717 1
5200 0
1042 1
1243 1
1042 0
1243 0
3666 1
432 1
3666 0
3683 1
3717 0
2218 1
3683 0
432 0
3392 1
2218 0
2388 1
5161 1
2388 0
5269 1
5161 0
1038 1
3410 1
4258 1
3392 0
4258 0
3410 0
3403 1
1038 0
3402 1
3402 0
1301 1
1301 0
5269 0
5052 1
3403 0
1790 1
1500 1
1790 0
2562 1
5052 0
3401 1
1500 0
5284 1
3401 0
424 1
5118 1
906 1
5118 0
2370 1
2562 0
906 0
2664 1
2664 0
3668 1
5282 1
5284 0
5035 1
424 0
2369 1
2370 0
4533 1
5282 0
4533 0
4534 1
4534 0
4535 1
282 1
3668 0
4952 1
282 0
5034 1
5035 0
5249 1
4952 0
2353 1
4540 1
4540 0
5034 0
4535 0
1869 1
1869 0
5249 0
2394 1
2353 0
2342 1
2392 1
2342 0
2369 0
2389 1
2389 0
4193 1
2377 1
2395 1
2394 0
2395 0
4193 0
2392 0
2377 0
