2421 1
5089 1
5112 1
4351 1
3619 1
3619 0
3183 1
5112 0
4351 0
2421 0
5089 0
3975 1
3975 0
3900 1
561 1
3900 0
3183 0
1757 1
560 1
561 0
610 1
1757 0
2423 1
610 0
2044 1
2044 0
4834 1
560 0
2620 1
2423 0
2620 0
4160 1
1782 1
1782 0
4834 0
2465 1
4983 1
2465 0
4983 0
3031 1
4010 1
4908 1
564 1
4908 0
4010 0
3341 1
2673 1
564 0
3032 1
3031 0
2673 0
2672 1
3341 0
3342 1
2672 0
1785 1
3760 1
1785 0
5436 1
4604 1
3342 0
2578 1
2578 0
2573 1
2573 0
5436 0
3760 0
2723 1
4160 0
3854 1
3854 0
2437 1
2555 1
3032 0
4604 0
2635 1
2723 0
1842 1
4197 1
2635 0
1754 1
2437 0
1754 0
2637 1
2637 0
4197 0
2555 0
3776 1
1842 0
4495 1
3776 0
2563 1
3921 1
4495 0
3921 0
1039 1
3026 1
2563 0
3026 0
3902 1
2330 1
3902 0
1039 0
2131 1
1030 1
2330 0
2131 0
2728 1
568 1
1030 0
4765 1
4765 0
4915 1
568 0
4915 0
4888 1
56 1
2728 0
2832 1
56 0
4887 1
4888 0
2832 0
1700 1
2501 1
4887 0
5201 1
2501 0
3419 1
1700 0
4889 1
3419 0
4059 1
5201 0
3956 1
4889 0
4059 0
1494 1
1494 0
3421 1
3956 0
5324 1
4061 1
5324 0
2494 1
895 1
2494 0
3421 0
2495 1
288 1
288 0
1933 1
1933 0
895 0
4061 0
262 1
2495 0
5039 1
262 0
3289 1
5039 0
5011 1
3547 1
3289 0
3899 1
5011 0
3899 0
3197 1
1414 1
3547 0
1414 0
3761 1
3197 0
3229 1
3761 0
1533 1
1533 0
579 1
3300 1
4893 1
2286 1
3300 0
2101 1
4893 0
1759 1
2101 0
2286 0
5461 1
5461 0
5462 1
3229 0
885 1
5294 1
1759 0
604 1
3378 1
3377 1
3377 0
604 0
5294 0
885 0
3225 1
29 1
5462 0
3103 1
3225 0
3378 0
3373 1
3120 1
29 0
1642 1
3373 0
3120 0
1435 1
3030 1
579 0
3103 0
1197 1
619 1
1435 0
1642 0
630 1
3158 1
1197 0
3114 1
619 0
630 0
77 1
3130 1
3158 0
3130 0
1198 1
1198 0
3114 0
3371 1
77 0
4826 1
3030 0
4037 1
4826 0
2450 1
227 1
227 0
2195 1
2195 0
3371 0
3372 1
3372 0
3296 1
4037 0
2011 1
2450 0
2196 1
2011 0
3296 0
1144 1
563 1
2196 0
563 0
3981 1
1144 0
1457 1
3998 1
3981 0
1411 1
1457 0
2964 1
3998 0
1406 1
1411 0
4884 1
2964 0
4884 0
4885 1
4885 0
2034 1
1406 0
1065 1
1967 1
2034 0
1967 0
3654 1
1065 0
3303 1
3654 0
3431 1
3431 0
2368 1
3851 1
3303 0
2368 0
2235 1
2235 0
2236 1
180 1
2236 0
989 1
3851 0
180 0
4927 1
455 1
989 0
4926 1
4927 0
16 1
455 0
3057 1
4926 0
16 0
4762 1
3057 0
427 1
4762 0
2883 1
3182 1
427 0
2579 1
3182 0
2883 0
5416 1
5416 0
4766 1
4766 0
929 1
5305 1
2579 0
5305 0
3545 1
5179 1
929 0
5178 1
5179 0
1741 1
5178 0
1799 1
3545 0
1799 0
225 1
5170 1
1741 0
4082 1
5170 0
4147 1
225 0
901 1
4082 0
3739 1
901 0
3739 0
3743 1
1972 1
4147 0
2088 1
3743 0
1972 0
4156 1
2088 0
2094 1
641 1
2094 0
1973 1
4156 0
1549 1
1973 0
439 1
641 0
957 1
439 0
437 1
957 0
1549 0
5234 1
437 0
4660 1
4659 1
4660 0
2771 1
4659 0
5234 0
3245 1
2771 0
595 1
3245 0
4873 1
595 0
4073 1
4873 0
4874 1
4071 1
4073 0
4874 0
249 1
4071 0
4077 1
249 0
2093 1
3850 1
2093 0
4077 0
5327 1
5327 0
63 1
973 1
3850 0
63 0
523 1
4361 1
973 0
523 0
1230 1
398 1
1230 0
4361 0
2379 1
398 0
3749 1
3121 1
3749 0
4668 1
2379 0
4668 0
3094 1
3759 1
3094 0
3121 0
3748 1
239 1
3759 0
5489 1
3748 0
239 0
992 1
992 0
5456 1
5489 0
1352 1
1352 0
890 1
5044 1
5260 1
5044 0
3791 1
3941 1
3941 0
5456 0
5260 0
220 1
890 0
3791 0
1927 1
220 0
2970 1
4788 1
1927 0
2970 0
208 1
208 0
4788 0
