3950 1
2702 1
4018 1
3950 0
3693 1
3693 0
1132 1
1132 0
4062 1
4062 0
2702 0
2701 1
4472 1
2701 0
4472 0
2742 1
286 1
4018 0
286 0
1756 1
2742 0
3458 1
3458 0
1263 1
1263 0
3635 1
1756 0
1172 1
3635 0
1784 1
1172 0
1638 1
1784 0
1783 1
1638 0
965 1
1783 0
3636 1
1811 1
3636 0
965 0
1762 1
170 1
1811 0
4645 1
1762 0
170 0
1145 1
4645 0
1510 1
1510 0
2486 1
1778 1
1145 0
2486 0
4670 1
4670 0
1290 1
1290 0
4387 1
1778 0
3642 1
4387 0
4831 1
3451 1
3642 0
2177 1
103 1
4836 1
2160 1
103 0
854 1
854 0
4993 1
663 1
4831 0
4993 0
4269 1
1715 1
4268 1
4269 0
4268 0
2823 1
4836 0
1801 1
3451 0
2160 0
2161 1
1715 0
2161 0
4778 1
2823 0
1820 1
5124 1
1820 0
2177 0
4772 1
1395 1
1395 0
2749 1
5124 0
1423 1
4771 1
1423 0
4968 1
4968 0
4778 0
663 0
4703 1
2749 0
2371 1
4774 1
4703 0
4772 0
2371 0
47 1
4774 0
1687 1
1692 1
1691 1
1687 0
4771 0
1691 0
1692 0
3443 1
1801 0
3436 1
3443 0
3613 1
47 0
3436 0
4742 1
902 1
3613 0
4742 0
3991 1
1819 1
3991 0
903 1
902 0
2340 1
1819 0
903 0
3004 1
2340 0
4759 1
4759 0
5365 1
5264 1
3004 0
5365 0
4237 1
4755 1
5264 0
3519 1
4755 0
2339 1
4237 0
2339 0
3519 0
4090 1
3993 1
4090 0
373 1
572 1
3993 0
373 0
971 1
572 0
694 1
693 1
694 0
2378 1
971 0
693 0
4015 1
4647 1
2378 0
4494 1
4647 0
4199 1
4494 0
4015 0
189 1
4199 0
3989 1
5144 1
189 0
1016 1
5144 0
1297 1
3989 0
1804 1
1068 1
1804 0
480 1
5382 1
480 0
1068 0
1185 1
1229 1
1185 0
1287 1
1229 0
1297 0
5224 1
5420 1
5383 1
5420 0
5383 0
4486 1
4486 0
4483 1
3270 1
3270 0
3263 1
1080 1
1080 0
3263 0
5382 0
642 1
5224 0
1016 0
1031 1
1540 1
1539 1
1540 0
1287 0
4409 1
1031 0
1558 1
1539 0
1558 0
1557 1
642 0
3664 1
4409 0
1107 1
1588 1
1557 0
1569 1
1588 0
3994 1
3664 0
4485 1
4483 0
4408 1
1107 0
1570 1
1569 0
4408 0
4117 1
1570 0
1573 1
1260 1
846 1
3895 1
3895 0
5499 1
2079 1
2079 0
652 1
652 0
3994 0
3996 1
5499 0
2031 1
2251 1
2251 0
4485 0
3286 1
2307 1
2307 0
2031 0
1260 0
4117 0
1157 1
1573 0
1188 1
1188 0
1585 1
1586 1
1585 0
3286 0
3418 1
4525 1
4527 1
4527 0
4525 0
846 0
1813 1
1813 0
1586 0
2045 1
1157 0
4194 1
3996 0
3995 1
4194 0
2159 1
2028 1
3995 0
3418 0
4832 1
4832 0
1605 1
59 1
2045 0
2006 1
2028 0
3482 1
2006 0
2159 0
146 1
3977 1
146 0
1587 1
59 0
1587 0
3557 1
1134 1
3977 0
2348 1
3482 0
1597 1
3557 0
5498 1
2348 0
1605 0
3913 1
1597 0
1598 1
2841 1
1134 0
1814 1
3913 0
1590 1
1598 0
5498 0
4980 1
2403 1
4980 0
3484 1
2841 0
3573 1
1814 0
2403 0
573 1
3567 1
1590 0
3577 1
3573 0
3561 1
3567 0
3577 0
3578 1
3484 0
152 1
3561 0
490 1
3578 0
1908 1
4729 1
490 0
4730 1
1908 0
4730 0
4729 0
3056 1
573 0
152 0
4357 1
3056 0
5173 1
4357 0
4218 1
5173 0
1993 1
4218 0
1612 1
2326 1
1612 0
1537 1
2326 0
1993 0
4816 1
4881 1
4816 0
4881 0
4880 1
5323 1
1537 0
4880 0
4882 1
5323 0
2995 1
4882 0
3686 1
2995 0
2344 1
3686 0
3712 1
2344 0
3011 1
3011 0
5053 1
5053 0
445 1
3712 0
3672 1
1594 1
445 0
5083 1
3672 0
3710 1
5083 0
1886 1
1594 0
4680 1
1886 0
3710 0
3711 1
4680 0
1337 1
5131 1
1337 0
5131 0
5133 1
3711 0
3703 1
4391 1
3703 0
5133 0
4568 1
4568 0
4569 1
1699 1
4391 0
1699 0
1698 1
1254 1
1698 0
1254 0
4925 1
4925 0
668 1
241 1
4569 0
241 0
242 1
668 0
242 0
