1282 1
1282 0
641 1
641 0
579 1
1618 1
579 0
1618 0
1278 1
246 1
7074 1
1278 0
7074 0
7072 1
1494 1
246 0
1264 1
7072 0
1494 0
6459 1
6459 0
6457 1
1264 0
241 1
7075 1
241 0
6457 0
6458 1
7075 0
20 1
20 0
431 1
1295 1
6458 0
1294 1
1295 0
826 1
431 0
1294 0
1835 1
827 1
827 0
1246 1
1246 0
760 1
760 0
1316 1
826 0
1245 1
1316 0
2243 1
1835 0
7646 1
2243 0
1245 0
6687 1
109 1
6687 0
257 1
7646 0
257 0
1303 1
6798 1
109 0
6798 0
7167 1
7167 0
4387 1
3334 1
4387 0
4747 1
1303 0
4747 0
7333 1
7333 0
853 1
853 0
852 1
1409 1
852 0
3334 0
3244 1
295 1
1409 0
1460 1
295 0
3244 0
5465 1
1241 1
5465 0
1241 0
1326 1
1461 1
1460 0
1461 0
7596 1
1326 0
6058 1
123 1
6058 0
1310 1
6359 1
6359 0
7701 1
6360 1
7701 0
7596 0
1310 0
5105 1
123 0
5105 0
830 1
6012 1
6360 0
6062 1
830 0
6062 0
320 1
201 1
6012 0
177 1
2197 1
1320 1
320 0
6022 1
2447 1
177 0
6022 0
2447 0
4639 1
2197 0
1948 1
4639 0
6031 1
1320 0
1576 1
1572 1
201 0
1949 1
1948 0
1949 0
4666 1
1572 0
1481 1
956 1
2112 1
1868 1
4674 1
4674 0
6031 0
4675 1
4675 0
956 0
2112 0
4666 0
4638 1
1546 1
3821 1
1868 0
6099 1
4638 0
1481 0
1313 1
1546 0
5807 1
6103 1
1576 0
569 1
6103 0
4680 1
3821 0
5807 0
3131 1
6099 0
4679 1
4680 0
3131 0
2559 1
4679 0
4678 1
2559 0
2136 1
6874 1
2136 0
4678 0
4676 1
445 1
569 0
4677 1
4676 0
4687 1
4677 0
1482 1
1313 0
4446 1
6873 1
6874 0
4877 1
6873 0
445 0
4006 1
1482 0
1549 1
4877 0
4652 1
6885 1
4687 0
4651 1
4652 0
6886 1
6885 0
4651 0
2610 1
1549 0
6971 1
4446 0
6044 1
4006 0
2610 0
4887 1
6235 1
4888 1
4888 0
4887 0
4946 1
4646 1
4946 0
6884 1
6886 0
6888 1
6232 1
6888 0
4883 1
6233 1
4883 0
6884 0
4646 0
4885 1
6235 0
1773 1
6236 1
1773 0
6233 0
6236 0
6232 0
7502 1
7502 0
34 1
6971 0
6089 1
7779 1
5950 1
7779 0
4885 0
4691 1
1084 1
4884 1
4691 0
4884 0
5950 0
7852 1
34 0
6089 0
6045 1
2337 1
6044 0
4722 1
1083 1
1083 0
1084 0
1779 1
7852 0
2337 0
4002 1
4002 0
255 1
7462 1
4722 0
7461 1
7462 0
7461 0
1779 0
255 0
3335 1
7289 1
6045 0
2811 1
3335 0
2811 0
3852 1
1853 1
7289 0
6446 1
3852 0
7704 1
912 1
6461 1
6461 0
7703 1
7703 0
528 1
528 0
6446 0
5726 1
912 0
7704 0
1853 0
904 1
5709 1
5726 0
5709 0
659 1
7375 1
904 0
659 0
7618 1
7395 1
7618 0
7395 0
7067 1
7375 0
7376 1
7067 0
2556 1
3935 1
2556 0
7376 0
1584 1
1584 0
6550 1
1975 1
6550 0
3935 0
7692 1
2466 1
7692 0
1975 0
407 1
5433 1
2466 0
5430 1
5433 0
3516 1
407 0
4066 1
3516 0
4066 0
4067 1
5430 0
3643 1
3616 1
3643 0
4067 0
3513 1
4149 1
3616 0
4148 1
4149 0
3513 0
3512 1
3512 0
5288 1
5976 1
3481 1
3481 0
4148 0
2583 1
6531 1
2583 0
596 1
5976 0
596 0
7337 1
7337 0
7336 1
5289 1
5289 0
5288 0
7248 1
6531 0
7336 0
910 1
7248 0
7249 1
910 0
3490 1
3490 0
3492 1
3203 1
7249 0
3203 0
3202 1
3540 1
3543 1
1019 1
1019 0
3491 1
3492 0
3491 0
3541 1
3540 0
3541 0
3202 0
3526 1
3543 0
3542 1
3526 0
65 1
3478 1
3542 0
3478 0
6444 1
6444 0
3578 1
7412 1
1220 1
3578 0
1115 1
1115 0
3477 1
65 0
1114 1
1114 0
7412 0
378 1
378 0
3406 1
966 1
1220 0
12 1
13 1
13 0
1222 1
7291 1
966 0
7291 0
1222 0
3545 1
12 0
3405 1
3411 1
3406 0
3405 0
5871 1
5872 1
5872 0
6502 1
3477 0
5871 0
3411 0
3544 1
3545 0
254 1
3544 0
6503 1
6502 0
3654 1
6503 0
254 0
3584 1
3653 1
3652 1
3654 0
3652 0
3583 1
3584 0
3583 0
3416 1
3417 1
3416 0
3653 0
976 1
3417 0
976 0
