1749 1
4417 1
5156 1
1749 0
3780 1
4416 1
3780 0
4417 0
4414 1
4414 0
4240 1
1140 1
1140 0
4416 0
2513 1
5156 0
2513 0
2426 1
2426 0
2691 1
1534 1
4240 0
1534 0
3978 1
2691 0
2692 1
3978 0
2872 1
2692 0
2693 1
2872 0
945 1
5031 1
2693 0
1572 1
945 0
5031 0
950 1
1572 0
896 1
3336 1
950 0
2735 1
896 0
4203 1
2589 1
4203 0
2410 1
4206 1
4206 0
4202 1
3336 0
3452 1
3452 0
2410 0
2735 0
5080 1
2589 0
4200 1
5065 1
4202 0
4200 0
5080 0
5214 1
5214 0
2914 1
3347 1
2914 0
3326 1
2559 1
11 1
11 0
5065 0
5321 1
3326 0
5321 0
2560 1
2574 1
2560 0
2574 0
2864 1
3347 0
2864 0
2916 1
2838 1
2916 0
2054 1
2559 0
2889 1
4271 1
5245 1
4809 1
5245 0
5426 1
2054 0
4270 1
5426 0
4813 1
4813 0
2892 1
4271 0
1743 1
4809 0
4270 0
3264 1
1743 0
4822 1
3264 0
5357 1
2889 0
267 1
4822 0
5474 1
2892 0
5475 1
5474 0
2509 1
5357 0
2895 1
2838 0
267 0
4812 1
2509 0
4106 1
2924 1
2895 0
5246 1
4661 1
5246 0
2202 1
4662 1
2202 0
5475 0
4661 0
2924 0
2772 1
4736 1
4812 0
4106 0
2951 1
2289 1
2556 1
2556 0
2289 0
4107 1
4107 0
1129 1
4736 0
2896 1
2772 0
1129 0
5339 1
3889 1
4662 0
2548 1
2951 0
2896 0
1595 1
1595 0
1596 1
193 1
1596 0
592 1
5339 0
592 0
4328 1
4328 0
4957 1
3889 0
1464 1
193 0
4957 0
1525 1
2548 0
1525 0
4098 1
1464 0
1512 1
4099 1
4098 0
1512 0
2945 1
4096 1
4099 0
2945 0
115 1
115 0
4989 1
4096 0
4004 1
4989 0
5016 1
4004 0
5016 0
4345 1
3383 1
204 1
4795 1
1671 1
547 1
3383 0
1671 0
204 0
844 1
547 0
1465 1
541 1
541 0
1403 1
4345 0
4982 1
1465 0
4795 0
3198 1
844 0
4982 0
5223 1
5222 1
5223 0
5222 0
3878 1
4508 1
3878 0
4920 1
4508 0
3199 1
3198 0
1437 1
4920 0
754 1
3199 0
1431 1
1437 0
1451 1
1403 0
1398 1
1398 0
1451 0
4187 1
4187 0
3193 1
837 1
837 0
754 0
1431 0
386 1
731 1
4785 1
4784 1
4785 0
731 0
727 1
2827 1
386 0
726 1
5410 1
5188 1
5410 0
5188 0
4849 1
763 1
966 1
966 0
494 1
494 0
727 0
2532 1
726 0
2532 0
3622 1
3622 0
4784 0
5480 1
76 1
5480 0
4907 1
76 0
5141 1
763 0
1210 1
4849 0
5141 0
2828 1
4435 1
4907 0
2828 0
1490 1
538 1
2057 1
2057 0
5110 1
2827 0
538 0
1490 0
3208 1
3193 0
4753 1
1210 0
4435 0
1473 1
3208 0
542 1
5110 0
5076 1
1473 0
5332 1
4753 0
3202 1
5332 0
4877 1
5077 1
5076 0
707 1
542 0
5268 1
3202 0
5077 0
5109 1
4877 0
4876 1
2266 1
5109 0
4876 0
2051 1
5268 0
1251 1
5003 1
707 0
3572 1
2266 0
1377 1
1251 0
3572 0
3570 1
2051 0
4103 1
1377 0
3104 1
4103 0
4891 1
3210 1
5211 1
5211 0
717 1
5003 0
717 0
2527 1
414 1
4891 0
2527 0
5022 1
414 0
3570 0
3914 1
4644 1
3104 0
1008 1
3914 0
195 1
3210 0
195 0
3101 1
2041 1
5022 0
3735 1
4644 0
4296 1
3101 0
3736 1
3735 0
4296 0
4130 1
2041 0
4011 1
775 1
4130 0
775 0
776 1
4704 1
776 0
781 1
781 0
985 1
4705 1
4704 0
4011 0
2024 1
3736 0
1088 1
4705 0
4306 1
1088 0
3389 1
985 0
780 1
914 1
916 1
916 0
915 1
915 0
1084 1
3389 0
780 0
914 0
1008 0
928 1
2024 0
2114 1
3805 1
1084 0
50 1
3805 0
5252 1
50 0
904 1
2114 0
5252 0
3022 1
2740 1
3022 0
4306 0
4302 1
4302 0
23 1
2740 0
1318 1
2257 1
23 0
3021 1
1318 0
928 0
4738 1
3021 0
1325 1
1517 1
904 0
2994 1
1325 0
5455 1
2257 0
2994 0
3027 1
4702 1
4738 0
2098 1
1517 0
1712 1
5455 0
1712 0
917 1
4702 0
2200 1
2098 0
5169 1
695 1
917 0
4305 1
695 0
782 1
3027 0
3833 1
782 0
25 1
4305 0
2025 1
2200 0
1961 1
5169 0
5289 1
2025 0
3833 0
313 1
994 1
313 0
5289 0
5288 1
4104 1
5288 0
4029 1
4029 0
4034 1
4034 0
25 0
3228 1
2758 1
2758 0
4707 1
1961 0
3842 1
3540 1
3540 0
4520 1
994 0
2461 1
4104 0
3842 0
4520 0
1277 1
2461 0
3952 1
1277 0
1009 1
3952 0
444 1
4707 0
5466 1
444 0
2157 1
1009 0
5367 1
2157 0
5367 0
3228 0
1901 1
1901 0
1213 1
1213 0
2318 1
5466 0
2362 1
4036 1
2318 0
2955 1
5488 1
802 1
4906 1
2956 1
4906 0
2956 0
2955 0
2143 1
2362 0
4030 1
4036 0
877 1
5488 0
818 1
802 0
4030 0
4031 1
2726 1
4028 1
4028 0
877 0
4031 0
34 1
2726 0
34 0
2142 1
2143 0
2142 0
3531 1
312 1
818 0
3531 0
3504 1
5501 1
312 0
5501 0
4650 1
3504 0
302 1
302 0
2148 1
853 1
2148 0
5043 1
4650 0
5043 0
2214 1
2214 0
806 1
806 0
3521 1
3515 1
3521 0
3528 1
853 0
3528 0
203 1
3526 1
3520 1
3526 0
3525 1
3515 0
203 0
3529 1
3529 0
3514 1
3514 0
3525 0
3520 0
