4417 1
1749 1
4416 1
4417 0
1749 0
1750 1
1750 0
5195 1
5195 0
5193 1
4416 0
3780 1
5193 0
1721 1
4411 1
3780 0
1721 0
4454 1
4454 0
2167 1
4411 0
4412 1
4413 1
4412 0
407 1
2167 0
4413 0
3338 1
2779 1
3338 0
5027 1
407 0
945 1
2779 0
1572 1
945 0
5027 0
2111 1
896 1
1572 0
2712 1
2111 0
950 1
2712 0
2735 1
896 0
3336 1
950 0
3336 0
4203 1
2589 1
4203 0
2735 0
5080 1
5080 0
5214 1
4202 1
2589 0
4200 1
4202 0
5421 1
3154 1
5421 0
3154 0
2914 1
2847 1
5214 0
3347 1
3347 0
2914 0
1478 1
5065 1
5065 0
4200 0
2560 1
1478 0
2561 1
2561 0
2847 0
4810 1
2574 1
2560 0
2574 0
2831 1
4270 1
4820 1
4270 0
5426 1
4820 0
3783 1
4821 1
3783 0
4810 0
2838 1
4821 0
4805 1
2054 1
5426 0
2831 0
5357 1
2054 0
2887 1
2509 1
5357 0
2895 1
2838 0
2895 0
2924 1
4804 1
4805 0
5246 1
2887 0
2509 0
1312 1
5246 0
4661 1
4804 0
2846 1
2772 1
2924 0
1007 1
4661 0
2896 1
2772 0
571 1
1312 0
571 0
3801 1
2943 1
2846 0
4107 1
3801 0
3368 1
2896 0
2893 1
2943 0
3367 1
3368 0
2893 0
3353 1
3366 1
3367 0
3353 0
3365 1
3364 1
3365 0
3364 0
3366 0
4107 0
2951 1
5061 1
1007 0
2951 0
2548 1
5061 0
5062 1
1525 1
2548 0
4098 1
1525 0
1808 1
1464 1
1464 0
1512 1
1512 0
5062 0
2952 1
1808 0
554 1
4098 0
4586 1
554 0
2952 0
2962 1
4586 0
3232 1
2962 0
4990 1
528 1
4990 0
528 0
527 1
3062 1
953 1
953 0
4995 1
2151 1
3647 1
4995 0
3647 0
978 1
978 0
3232 0
527 0
2147 1
3062 0
2147 0
2946 1
2151 0
2982 1
1127 1
5398 1
3868 1
5336 1
5398 0
3868 0
2946 0
5370 1
1127 0
5370 0
2982 0
2981 1
4745 1
5336 0
2981 0
3230 1
4745 0
4746 1
3162 1
3230 0
4746 0
1447 1
1467 1
3162 0
1446 1
1447 0
5222 1
1446 0
3878 1
5222 0
3878 0
1442 1
1442 0
1443 1
370 1
1443 0
3883 1
370 0
2406 1
3883 0
4303 1
3189 1
817 1
3189 0
1467 0
816 1
817 0
816 0
2983 1
387 1
2406 0
2983 0
3217 1
731 1
727 1
731 0
727 0
5410 1
726 1
3217 0
3194 1
4303 0
726 0
2532 1
5188 1
5410 0
387 0
1192 1
2532 0
76 1
4849 1
5188 0
4907 1
76 0
4849 0
5141 1
1192 0
2828 1
4907 0
4435 1
1490 1
2828 0
5141 0
1210 1
1473 1
4435 0
4753 1
1210 0
5451 1
1490 0
5332 1
1473 0
1679 1
5451 0
3201 1
3083 1
623 1
3083 0
3160 1
3160 0
3205 1
3205 0
3194 0
3201 0
3200 1
330 1
330 0
4753 0
5372 1
197 1
5372 0
4877 1
5332 0
5371 1
197 0
1679 0
5236 1
5236 0
4752 1
5371 0
3204 1
623 0
3204 0
4012 1
4876 1
4877 0
4876 0
2051 1
2051 0
5020 1
4012 0
2356 1
5109 1
5109 0
2266 1
2266 0
4752 0
3572 1
5308 1
5308 0
2356 0
3200 0
5021 1
5020 0
3570 1
3572 0
3914 1
3570 0
5022 1
5021 0
5022 0
2041 1
1008 1
3914 0
2056 1
4011 1
4011 0
2024 1
2041 0
2056 0
4182 1
4352 1
1962 1
4122 1
5470 1
864 1
5470 0
4310 1
4310 0
4326 1
4326 0
4352 0
1962 0
928 1
1008 0
4121 1
4122 0
2058 1
403 1
599 1
2058 0
403 0
2114 1
2114 0
2107 1
2024 0
904 1
904 0
4704 1
4121 0
864 0
834 1
4182 0
599 0
4705 1
4704 0
551 1
102 1
913 1
4705 0
914 1
551 0
102 0
913 0
4301 1
834 0
1084 1
780 1
780 0
914 0
3805 1
1084 0
4164 1
3343 1
4164 0
3343 0
5252 1
50 1
3805 0
50 0
3022 1
5252 0
4301 0
4300 1
3022 0
2740 1
5018 1
4300 0
2740 0
1318 1
1318 0
3021 1
3020 1
3021 0
5455 1
5018 0
2104 1
2107 0
3020 0
5276 1
2104 0
5102 1
928 0
4738 1
5455 0
1712 1
4702 1
4738 0
5102 0
2213 1
4702 0
2200 1
5275 1
5276 0
4020 1
1712 0
3841 1
5275 0
4020 0
4607 1
4607 0
4608 1
4137 1
3841 0
3288 1
4974 1
5169 1
2213 0
2098 1
2098 0
5169 0
3288 0
4608 0
4305 1
2200 0
2025 1
2025 0
5289 1
4137 0
4136 1
25 1
4305 0
5289 0
2479 1
4136 0
942 1
2479 0
912 1
25 0
2758 1
3842 1
942 0
912 0
911 1
4104 1
911 0
4974 0
1591 1
4520 1
3842 0
2461 1
4104 0
4520 0
1277 1
2461 0
3952 1
1591 0
5472 1
1277 0
1009 1
3952 0
444 1
1009 0
5367 1
444 0
2157 1
5367 0
2157 0
4843 1
2758 0
5472 0
5465 1
1943 1
4843 0
1942 1
1943 0
5138 1
5465 0
1942 0
1866 1
1866 0
974 1
4991 1
258 1
5488 1
4066 1
5488 0
2955 1
258 0
974 0
678 1
4991 0
4906 1
2956 1
2956 0
2955 0
127 1
678 0
3945 1
4031 1
4030 1
4069 1
4031 0
127 0
4030 0
1339 1
1339 0
4067 1
4066 0
802 1
818 1
802 0
312 1
818 0
4906 0
4069 0
4067 0
3945 0
4042 1
4042 0
2142 1
2143 1
2143 0
873 1
5138 0
2142 0
3077 1
1524 1
1524 0
3077 0
873 0
2073 1
302 1
2073 0
5501 1
312 0
5501 0
4650 1
302 0
2148 1
5043 1
4650 0
2214 1
5043 0
853 1
2148 0
853 0
3528 1
806 1
2214 0
3525 1
806 0
3526 1
3525 0
3526 0
3520 1
203 1
3528 0
3520 0
203 0
