5492 1
4961 1
3038 1
5114 1
5114 0
5086 1
4962 1
4960 1
4960 0
5492 0
3038 0
4961 0
4962 0
3079 1
3080 1
3079 0
3080 0
5126 1
2564 1
2795 1
2678 1
3817 1
1818 1
3793 1
2564 0
3817 0
4338 1
2795 0
5126 0
5136 1
3041 1
5086 0
4338 0
3793 0
5300 1
2678 0
1818 0
2250 1
5300 0
2554 1
4557 1
2554 0
2617 1
5136 0
2250 0
1940 1
3041 0
3039 1
4558 1
4557 0
4048 1
1940 0
5007 1
4558 0
2617 0
4446 1
4048 0
512 1
5007 0
4195 1
4446 0
2876 1
2467 1
3039 0
512 0
1838 1
4195 0
2586 1
2467 0
2466 1
2876 0
2877 1
4499 1
4499 0
1838 0
1767 1
5322 1
5322 0
2586 0
5219 1
5219 0
2690 1
2690 0
2440 1
4726 1
2877 0
2440 0
3555 1
3024 1
5298 1
5298 0
3024 0
2277 1
2466 0
2276 1
1183 1
2276 0
1183 0
991 1
1767 0
4723 1
4726 0
2801 1
991 0
4721 1
4723 0
4721 0
4720 1
3555 0
4917 1
4917 0
4916 1
4720 0
4916 0
5111 1
2277 0
5111 0
2618 1
2801 0
5267 1
2799 1
5267 0
1710 1
2799 0
2621 1
2618 0
3982 1
2621 0
1710 0
1204 1
3982 0
2825 1
1204 0
2745 1
2745 0
5316 1
2825 0
2824 1
1792 1
5316 0
2824 0
2274 1
2274 0
2629 1
1792 0
1450 1
2629 0
2602 1
1450 0
4934 1
4934 0
5342 1
5183 1
5342 0
2604 1
2602 0
2604 0
2606 1
2606 0
2599 1
2985 1
2599 0
4108 1
5183 0
4108 0
5090 1
4537 1
2985 0
5204 1
5090 0
4538 1
4537 0
5204 0
591 1
4538 0
5429 1
5429 0
3628 1
4634 1
3628 0
4648 1
591 0
4652 1
4648 0
4652 0
3460 1
1764 1
3460 0
3233 1
4634 0
3159 1
3233 0
1764 0
2292 1
3159 0
3156 1
3156 0
3128 1
2759 1
2292 0
5363 1
2759 0
3135 1
3128 0
4264 1
5363 0
3135 0
626 1
2042 1
5319 1
612 1
2042 0
5320 1
5319 0
5320 0
617 1
5230 1
612 0
617 0
4572 1
4265 1
4264 0
626 0
335 1
4572 0
348 1
5230 0
2070 1
5095 1
2070 0
348 0
3227 1
5095 0
295 1
3227 0
986 1
335 0
3134 1
295 0
2965 1
3134 0
3127 1
986 0
3125 1
3127 0
3139 1
3147 1
3125 0
3139 0
3147 0
2472 1
284 1
284 0
603 1
2965 0
3633 1
603 0
3248 1
2472 0
3248 0
1397 1
4265 0
3626 1
1397 0
5025 1
3633 0
3626 0
4883 1
5025 0
5285 1
4883 0
3884 1
3884 0
534 1
5286 1
5285 0
5287 1
5286 0
5287 0
3181 1
4427 1
3181 0
4427 0
4796 1
4796 0
245 1
5093 1
245 0
5093 0
5108 1
534 0
317 1
317 0
526 1
526 0
1094 1
305 1
305 0
1513 1
1513 0
4941 1
2198 1
2582 1
2582 0
2198 0
4466 1
666 1
4466 0
5108 0
4941 0
4241 1
4241 0
1094 0
1093 1
2319 1
1093 0
666 0
667 1
3346 1
667 0
1341 1
2319 0
3345 1
3346 0
3345 0
2186 1
5051 1
1341 0
5051 0
1166 1
2201 1
2186 0
828 1
2201 0
1166 0
4711 1
2891 1
828 0
3951 1
3951 0
4764 1
4711 0
4734 1
4734 0
2784 1
2784 0
900 1
4764 0
5081 1
5081 0
2891 0
787 1
5217 1
787 0
315 1
900 0
362 1
315 0
5463 1
5217 0
3918 1
362 0
3918 0
4998 1
4148 1
5463 0
4998 0
5135 1
5135 0
4175 1
4148 0
2181 1
4175 0
2761 1
2760 1
2761 0
2181 0
4274 1
2760 0
4367 1
4595 1
4274 0
4367 0
4369 1
3922 1
4369 0
4289 1
4595 0
3919 1
3922 0
4046 1
4289 0
4046 0
4052 1
3919 0
3852 1
1655 1
2753 1
2753 0
4052 0
4290 1
4290 0
609 1
609 0
375 1
1655 0
5362 1
5362 0
1235 1
3852 0
1234 1
1235 0
3933 1
1234 0
3933 0
1960 1
3422 1
375 0
1960 0
3839 1
3422 0
3429 1
4024 1
4076 1
4024 0
3839 0
4656 1
4074 1
4074 0
4068 1
4068 0
4025 1
4025 0
4075 1
4076 0
4075 0
1409 1
3429 0
1409 0
2489 1
4656 0
5041 1
2489 0
4787 1
58 1
27 1
210 1
210 0
58 0
2793 1
5041 0
213 1
2793 0
27 0
4728 1
4787 0
213 0
70 1
70 0
86 1
86 0
69 1
4080 1
3614 1
1493 1
4728 0
706 1
1493 0
3614 0
4080 0
4284 1
69 0
4284 0
4285 1
4070 1
706 0
2376 1
2393 1
2393 0
2376 0
3944 1
3944 0
4404 1
4070 0
4285 0
1256 1
2243 1
1256 0
4404 0
1907 1
2243 0
264 1
1907 0
3940 1
156 1
264 0
3940 0
3946 1
156 0
20 1
263 1
3946 0
20 0
96 1
96 0
263 0
