7726 1
7826 1
7726 0
2214 1
7826 0
876 1
2214 0
2215 1
2215 0
308 1
308 0
557 1
3945 1
557 0
2923 1
2923 0
876 0
2224 1
5686 1
2224 0
5686 0
5687 1
3945 0
3944 1
788 1
5687 0
3944 0
2924 1
2924 0
2925 1
789 1
788 0
2925 0
755 1
5334 1
789 0
755 0
586 1
586 0
1473 1
135 1
5334 0
6803 1
135 0
742 1
1473 0
742 0
8 1
6803 0
2204 1
2706 1
8 0
2204 0
1369 1
2706 0
5792 1
5792 0
5793 1
1369 0
1968 1
5175 1
1968 0
5793 0
6222 1
5175 0
5174 1
5952 1
6222 0
5174 0
5024 1
5952 0
2749 1
5024 0
5023 1
2092 1
5023 0
5019 1
2092 0
5019 0
829 1
2749 0
7168 1
7168 0
6544 1
829 0
4090 1
6544 0
6543 1
4089 1
4090 0
6543 0
1415 1
1415 0
6546 1
4089 0
3251 1
3251 0
1460 1
6984 1
7176 1
7176 0
6984 0
3015 1
5465 1
1241 1
1241 0
5465 0
6160 1
6546 0
3015 0
1460 0
1461 1
4705 1
6160 0
1461 0
761 1
6170 1
4705 0
761 0
6976 1
6170 0
6268 1
6976 0
6025 1
4057 1
4056 1
7460 1
4056 0
543 1
6268 0
7460 0
1344 1
4057 0
2659 1
1344 0
6771 1
6771 0
6778 1
2658 1
2659 0
6779 1
6778 0
2658 0
4710 1
6662 1
4710 0
6661 1
6662 0
6779 0
1350 1
2134 1
6661 0
543 0
7471 1
1350 0
5646 1
6025 0
7353 1
4356 1
2134 0
4356 0
2169 1
7471 0
240 1
2169 0
2179 1
7464 1
6237 1
7464 0
5646 0
4620 1
7463 1
5275 1
4620 0
5275 0
5645 1
6237 0
2178 1
2179 0
5645 0
239 1
240 0
7353 0
7352 1
4701 1
4701 0
145 1
4700 1
145 0
1551 1
1551 0
2178 0
7463 0
5464 1
7812 1
239 0
4700 0
6149 1
6150 1
6149 0
159 1
7812 0
143 1
5464 0
143 0
7570 1
3994 1
6150 0
7570 0
7569 1
159 0
7420 1
3994 0
4699 1
4621 1
7569 0
4699 0
1268 1
7420 0
4340 1
7352 0
4850 1
4621 0
2827 1
2577 1
2827 0
2150 1
2577 0
5280 1
1268 0
6147 1
7366 1
5140 1
5141 1
1081 1
1081 0
4340 0
4848 1
4848 0
5280 0
7366 0
5140 0
1163 1
6147 0
2150 0
4561 1
6420 1
4561 0
1163 0
1628 1
4850 0
4846 1
3954 1
6420 0
5505 1
3954 0
1628 0
1270 1
5141 0
6084 1
1270 0
4843 1
4102 1
4846 0
6084 0
4035 1
4843 0
4842 1
3847 1
4842 0
6229 1
5505 0
3848 1
3847 0
4035 0
4010 1
6566 1
4010 0
3848 0
4001 1
4001 0
4025 1
6087 1
4102 0
6566 0
4002 1
6228 1
7524 1
571 1
6229 0
6227 1
571 0
6227 0
1456 1
6228 0
3782 1
6087 0
6088 1
6203 1
6203 0
6201 1
6201 0
4894 1
4025 0
3696 1
3696 0
3782 0
4002 0
255 1
5361 1
255 0
5350 1
4894 0
5126 1
7524 0
3327 1
3917 1
3327 0
1456 0
5125 1
2970 1
5126 0
5125 0
2970 0
5350 0
5351 1
3816 1
5351 0
5361 0
6694 1
3816 0
4878 1
5115 1
3917 0
5737 1
5115 0
4878 0
195 1
7781 1
5737 0
7780 1
7781 0
7778 1
195 0
2868 1
384 1
2868 0
1945 1
1945 0
1528 1
6088 0
4220 1
4220 0
7780 0
7698 1
384 0
7778 0
4936 1
7698 0
7699 1
7699 0
7700 1
7700 0
7731 1
4935 1
4936 0
6694 0
3817 1
1672 1
1673 1
7775 1
4935 0
1673 0
7731 0
7776 1
7775 0
3824 1
3817 0
7776 0
7767 1
1672 0
6038 1
7777 1
7767 0
6038 0
7777 0
3824 0
4022 1
4022 0
4021 1
1528 0
1635 1
5429 1
1635 0
5349 1
4021 0
5432 1
5429 0
5349 0
5284 1
5285 1
5284 0
5432 0
3305 1
4069 1
3305 0
369 1
7689 1
385 1
386 1
5285 0
385 0
386 0
369 0
7690 1
7689 0
3613 1
4069 0
7690 0
1567 1
3613 0
4331 1
5767 1
1567 0
5767 0
611 1
611 0
6530 1
4331 0
1772 1
2043 1
6530 0
3482 1
1772 0
3482 0
7365 1
7365 0
7364 1
7364 0
7335 1
249 1
2043 0
3579 1
7335 0
7685 1
249 0
3579 0
3565 1
7373 1
7685 0
7373 0
1516 1
1502 1
1516 0
3564 1
3565 0
3537 1
3564 0
3537 0
7756 1
307 1
1502 0
7755 1
7756 0
306 1
307 0
7755 0
1216 1
1216 0
1217 1
1067 1
306 0
3554 1
1217 0
2551 1
1067 0
3554 0
6682 1
6682 0
7902 1
7902 0
3557 1
2551 0
105 1
3557 0
3493 1
105 0
7533 1
3493 0
968 1
7533 0
7534 1
1030 1
968 0
7534 0
2027 1
1029 1
1030 0
1029 0
997 1
5951 1
873 1
5951 0
4164 1
54 1
54 0
4164 0
3430 1
2027 0
873 0
3220 1
997 0
3220 0
4152 1
3430 0
5207 1
3415 1
4155 1
4155 0
4152 0
7760 1
4151 1
4151 0
7753 1
7760 0
3415 0
3431 1
5207 0
2753 1
3431 0
2753 0
984 1
7754 1
7753 0
7754 0
178 1
313 1
178 0
983 1
984 0
313 0
314 1
983 0
5492 1
3460 1
314 0
3460 0
5492 0
