6497 1
6675 1
6675 0
4230 1
4231 1
4230 0
5366 1
4231 0
6497 0
6500 1
5874 1
6500 0
5366 0
5365 1
2149 1
5874 0
5365 0
2374 1
787 1
2149 0
2374 0
4157 1
4186 1
4157 0
787 0
786 1
786 0
3656 1
6314 1
3656 0
4181 1
4185 1
4288 1
4288 0
4186 0
5818 1
4185 0
4181 0
5819 1
1207 1
5817 1
5819 0
1207 0
6314 0
1497 1
5817 0
4292 1
2430 1
2004 1
413 1
413 0
1497 0
4255 1
4255 0
5428 1
5428 0
2430 0
5572 1
5818 0
4292 0
5568 1
5572 0
2049 1
2004 0
5568 0
1820 1
416 1
2048 1
1820 0
2049 0
4249 1
7747 1
6716 1
6716 0
7747 0
416 0
2047 1
2048 0
7816 1
2047 0
4424 1
4249 0
7827 1
7816 0
7827 0
7822 1
6470 1
6470 0
4233 1
6472 1
6472 0
6473 1
6473 0
6761 1
6761 0
4424 0
6471 1
7822 0
5106 1
4233 0
5106 0
1823 1
5243 1
6471 0
1823 0
1796 1
526 1
5243 0
7833 1
1796 0
651 1
7833 0
650 1
526 0
650 0
651 0
