4458 1
3771 1
4458 0
2084 1
3771 0
446 1
3779 1
2084 0
5042 1
446 0
3779 0
4440 1
5042 0
3487 1
4440 0
684 1
3487 0
3488 1
684 0
2710 1
3002 1
3488 0
2709 1
2710 0
3002 0
3003 1
2688 1
2709 0
3003 0
5055 1
2688 0
334 1
2280 1
334 0
1147 1
2280 0
1147 0
3911 1
5055 0
4564 1
4563 1
4564 0
4563 0
4912 1
3911 0
6 1
5 1
6 0
4464 1
4912 0
4464 0
1739 1
5 0
2654 1
2653 1
2654 0
4674 1
2653 0
4674 0
557 1
557 0
558 1
3733 1
1739 0
558 0
2662 1
4174 1
3733 0
2647 1
2662 0
1173 1
2647 0
1173 0
153 1
2447 1
4174 0
153 0
3997 1
3997 0
2958 1
2958 0
2144 1
2144 0
5329 1
5329 0
5435 1
1654 1
4242 1
1654 0
1928 1
2447 0
4242 0
1928 0
1043 1
1361 1
4800 1
4801 1
4800 0
3078 1
1361 0
1043 0
4842 1
1375 1
3078 0
4801 0
2412 1
3152 1
2412 0
4842 0
4841 1
3960 1
3960 0
1957 1
1458 1
1956 1
1956 0
1458 0
519 1
1375 0
519 0
3424 1
1957 0
5435 0
4282 1
3152 0
3696 1
4841 0
5414 1
5415 1
5414 0
5415 0
3361 1
4282 0
4890 1
3361 0
3360 1
3696 0
3730 1
3728 1
3360 0
3730 0
1837 1
1543 1
3728 0
3424 0
2859 1
441 1
3732 1
441 0
1543 0
3724 1
3724 0
2287 1
1837 0
2287 0
3732 0
4890 0
4861 1
4339 1
2859 0
4339 0
3963 1
4109 1
4861 0
3963 0
1674 1
4109 0
3808 1
1674 0
1833 1
1834 1
1833 0
1660 1
1834 0
3055 1
3808 0
3054 1
3055 0
1022 1
1662 1
1022 0
1660 0
1659 1
1279 1
1279 0
1662 0
3054 0
5401 1
1659 0
1658 1
5401 0
2663 1
3853 1
1658 0
1653 1
3853 0
2663 0
1064 1
125 1
1064 0
1653 0
4482 1
3068 1
125 0
1364 1
4482 0
1365 1
1364 0
1069 1
1365 0
3241 1
1925 1
1069 0
3241 0
3070 1
3068 0
3242 1
4128 1
4128 0
3369 1
1930 1
1930 0
4353 1
1925 0
4353 0
3517 1
3369 0
4347 1
4347 0
5254 1
5254 0
1335 1
704 1
841 1
1528 1
1528 0
2670 1
2670 0
4505 1
1335 0
4505 0
5123 1
2430 1
841 0
2430 0
704 0
843 1
843 0
842 1
842 0
4687 1
5351 1
5123 0
4688 1
5351 0
4688 0
3788 1
1332 1
4687 0
3517 0
2704 1
5159 1
3242 0
4375 1
4325 1
1332 0
5352 1
3788 0
5352 0
2018 1
4638 1
4375 0
4638 0
4325 0
4575 1
4575 0
186 1
613 1
5159 0
3267 1
186 0
2015 1
2018 0
4343 1
2704 0
4343 0
742 1
2017 1
2015 0
1647 1
742 0
1017 1
3267 0
3275 1
2019 1
2017 0
269 1
5259 1
5259 0
613 0
4205 1
1017 0
3275 0
5325 1
4205 0
4939 1
5325 0
3237 1
2014 1
3071 1
3071 0
2019 0
2005 1
1012 1
1012 0
3395 1
3395 0
2014 0
1689 1
3237 0
1647 0
3498 1
3015 1
1689 0
3498 0
4344 1
4344 0
1331 1
3070 0
1117 1
3015 0
1998 1
2005 0
1526 1
4939 0
269 0
3095 1
1559 1
1526 0
1999 1
1998 0
570 1
1117 0
1331 0
1565 1
1114 1
1114 0
570 0
3095 0
3258 1
697 1
1559 0
697 0
3258 0
1613 1
1565 0
1987 1
1999 0
1613 0
1622 1
1621 1
1622 0
1621 0
1623 1
1974 1
1987 0
1977 1
1974 0
411 1
1977 0
1051 1
1288 1
5291 1
1288 0
2587 1
5291 0
5292 1
1035 1
1035 0
1623 0
1604 1
5292 0
1034 1
1051 0
1034 0
5354 1
5355 1
5354 0
5355 0
145 1
1544 1
1604 0
422 1
411 0
2587 0
4609 1
422 0
5503 1
231 1
5503 0
145 0
429 1
4609 0
5040 1
219 1
429 0
219 0
1029 1
1006 1
1544 0
1029 0
2 1
2 0
3591 1
3591 0
1448 1
1979 1
231 0
2597 1
5040 0
1896 1
1448 0
3583 1
2597 0
5036 1
1896 0
5036 0
3330 1
3330 0
4396 1
3417 1
4396 0
1006 0
4683 1
3417 0
1269 1
2026 1
4909 1
3583 0
4851 1
2026 0
4851 0
1982 1
1985 1
1985 0
4936 1
4852 1
4936 0
1979 0
1982 0
3565 1
4683 0
4972 1
1269 0
3243 1
4972 0
2448 1
3243 0
4848 1
4852 0
4909 0
2234 1
4366 1
3565 0
4848 0
1970 1
4142 1
2234 0
3602 1
4366 0
1970 0
90 1
3589 1
2448 0
975 1
4142 0
3588 1
3589 0
657 1
90 0
3582 1
3602 0
3582 0
3604 1
2216 1
3588 0
975 0
4138 1
4379 1
3604 0
4141 1
4138 0
2216 0
3594 1
501 1
657 0
3594 0
372 1
4747 1
4141 0
4229 1
4379 0
3382 1
4229 0
2222 1
372 0
3382 0
1037 1
2222 0
2221 1
501 0
3184 1
2221 0
1037 0
374 1
4747 0
374 0
2674 1
3196 1
3184 0
1231 1
2674 0
3196 0
5237 1
1231 0
4677 1
3584 1
4677 0
5237 0
1639 1
3584 0
4678 1
3858 1
1639 0
3238 1
4678 0
3858 0
3669 1
3238 0
1878 1
3669 0
3716 1
3005 1
1878 0
655 1
3005 0
3716 0
3699 1
655 0
3775 1
3001 1
3007 1
3006 1
3007 0
3402 1
3402 0
3403 1
1790 1
1790 0
3398 1
3775 0
3403 0
3013 1
3398 0
3006 0
3699 0
4955 1
3001 0
1121 1
1121 0
3013 0
4192 1
179 1
4192 0
4190 1
179 0
316 1
5314 1
5314 0
4840 1
761 1
4190 0
761 0
3008 1
316 0
1100 1
3008 0
1100 0
4280 1
4840 0
4280 0
3688 1
3688 0
3674 1
3715 1
3674 0
4955 0
4354 1
3715 0
4699 1
4699 0
4700 1
3685 1
4700 0
129 1
3685 0
4354 0
1892 1
3707 1
129 0
1892 0
839 1
839 0
2665 1
3707 0
3681 1
3691 1
2665 0
3691 0
3692 1
301 1
3681 0
301 0
2358 1
3692 0
118 1
2358 0
2359 1
2359 0
118 0
