5369 1
5206 1
5369 0
810 1
809 1
809 0
4664 1
4664 0
4663 1
2917 1
5206 0
2917 0
810 0
5247 1
784 1
3053 1
1313 1
1313 0
5247 0
784 0
827 1
4376 1
4663 0
827 0
4376 0
1547 1
3481 1
3053 0
1547 0
1319 1
1319 0
2264 1
3481 0
5500 1
5500 0
821 1
192 1
821 0
1003 1
2264 0
1003 0
720 1
5335 1
5304 1
4013 1
720 0
4963 1
2978 1
5304 0
2978 0
4260 1
736 1
736 0
2232 1
4013 0
4263 1
4263 0
5376 1
5375 1
5376 0
2232 0
3133 1
5347 1
5335 0
192 0
376 1
376 0
5213 1
5347 0
2774 1
3133 0
1417 1
2226 1
2226 0
4260 0
1416 1
2774 0
1417 0
3049 1
4963 0
774 1
4751 1
3049 0
5449 1
774 0
5196 1
1416 0
5449 0
2979 1
5213 0
5088 1
5197 1
5196 0
5088 0
796 1
94 1
2979 0
41 1
5197 0
94 0
2975 1
796 0
2991 1
2990 1
2991 0
64 1
2975 0
5375 0
5028 1
2989 1
2990 0
2992 1
64 0
2992 0
2989 0
5028 0
1471 1
4751 0
4119 1
41 0
3510 1
4119 0
3511 1
1471 0
3510 0
3511 0
