2871 1
2875 1
2875 0
2874 1
2871 0
2818 1
2878 1
2818 0
2737 1
2878 0
4405 1
2874 0
4405 0
3936 1
121 1
3936 0
2737 0
1798 1
2718 1
1798 0
122 1
2868 1
2901 1
2900 1
2820 1
2820 0
2868 0
2901 0
4209 1
121 0
4209 0
122 0
2718 0
2719 1
2719 0
2865 1
2865 0
3084 1
2813 1
3084 0
2900 0
2158 1
4620 1
2158 0
2813 0
2814 1
5079 1
2814 0
5079 0
4255 1
995 1
4255 0
4620 0
2864 1
5033 1
995 0
2916 1
2864 0
2916 0
2809 1
2310 1
2809 0
2720 1
5033 0
562 1
2720 0
2850 1
562 0
2918 1
2310 0
2918 0
2930 1
2936 1
2915 1
2915 0
2880 1
2880 0
2850 0
268 1
2853 1
268 0
2853 0
2316 1
2930 0
347 1
2316 0
2936 0
2932 1
2314 1
347 0
2932 0
2910 1
2314 0
2910 0
1487 1
3970 1
1505 1
1489 1
1489 0
2083 1
5349 1
2089 1
5349 0
1487 0
1505 0
4632 1
2083 0
3970 0
3969 1
3969 0
2089 0
826 1
826 0
5341 1
4510 1
4632 0
5340 1
5341 0
4512 1
4510 0
1938 1
5340 0
1938 0
3848 1
3848 0
4243 1
4511 1
4512 0
4839 1
4243 0
4511 0
3170 1
4839 0
5417 1
3170 0
4350 1
2923 1
4350 0
3835 1
1935 1
1935 0
798 1
4403 1
798 0
5417 0
2923 0
1795 1
1796 1
1795 0
1796 0
3834 1
3835 0
3814 1
718 1
4500 1
3814 0
935 1
624 1
718 0
4500 0
1755 1
786 1
935 0
786 0
3834 0
829 1
829 0
907 1
2839 1
624 0
4272 1
4403 0
1755 0
723 1
2839 0
4491 1
5439 1
4491 0
824 1
907 0
4272 0
790 1
4178 1
824 0
2175 1
723 0
5439 0
260 1
4292 1
260 0
2175 0
2174 1
3444 1
4178 0
3751 1
4292 0
3444 0
936 1
874 1
936 0
4434 1
2261 1
2911 1
394 1
790 0
2911 0
2261 0
2963 1
5337 1
2963 0
4434 0
5337 0
4606 1
1996 1
1996 0
2174 0
3751 0
4327 1
3838 1
874 0
4327 0
1092 1
4049 1
1092 0
3838 0
468 1
4606 0
4979 1
468 0
1336 1
823 1
4049 0
4979 0
3823 1
823 0
891 1
1336 0
800 1
394 0
2802 1
891 0
2036 1
4956 1
3823 0
4312 1
2036 0
257 1
800 0
2802 0
665 1
665 0
159 1
2980 1
257 0
159 0
158 1
4312 0
832 1
2980 0
2974 1
158 0
2977 1
1322 1
2974 0
4956 0
1181 1
3896 1
1322 0
2977 0
470 1
5380 1
1181 0
5379 1
5380 0
1386 1
5379 0
4570 1
470 0
1224 1
3896 0
1222 1
4570 0
3089 1
1224 0
2987 1
1830 1
1222 0
1830 0
514 1
4311 1
832 0
4902 1
5198 1
5198 0
4311 0
4323 1
3089 0
2972 1
2987 0
2972 0
2971 1
514 0
2971 0
4047 1
4323 0
1386 0
1385 1
4047 0
1385 0
2126 1
4321 1
2126 0
4902 0
4903 1
4321 0
4051 1
3253 1
4051 0
3253 0
4038 1
4903 0
4035 1
4038 0
4040 1
4035 0
788 1
4318 1
4040 0
788 0
4318 0
