5099 1
2154 1
5099 0
861 1
2879 1
2154 0
2906 1
2879 0
804 1
861 0
4866 1
1917 1
2906 0
4224 1
1917 0
4297 1
4866 0
803 1
2311 1
2806 1
803 0
2806 0
804 0
4224 0
4297 0
2311 0
5206 1
2917 1
1885 1
1890 1
810 1
2917 0
827 1
810 0
5247 1
5247 0
1890 0
1885 0
5206 0
5369 1
2684 1
827 0
784 1
5369 0
1547 1
4376 1
4376 0
4663 1
4663 0
2684 0
784 0
3053 1
1319 1
1547 0
3481 1
3053 0
3481 0
5500 1
821 1
5500 0
1319 0
2264 1
192 1
821 0
1003 1
2264 0
5303 1
3999 1
3999 0
845 1
5303 0
736 1
845 0
5180 1
720 1
1003 0
260 1
5180 0
4292 1
260 0
2774 1
192 0
4751 1
4292 0
2232 1
736 0
2774 0
5347 1
4963 1
720 0
3133 1
2232 0
3049 1
4751 0
3049 0
1417 1
1417 0
1416 1
5335 1
5347 0
793 1
4963 0
5196 1
1416 0
2979 1
793 0
5375 1
3133 0
5335 0
2511 1
796 1
2511 0
94 1
2979 0
5196 0
5197 1
796 0
2991 1
5375 0
5028 1
94 0
2975 1
2990 1
2991 0
2975 0
64 1
2990 0
2989 1
2992 1
64 0
2989 0
2992 0
1471 1
5028 0
5197 0
4308 1
4308 0
2237 1
2237 0
4315 1
3511 1
1471 0
4320 1
4039 1
4316 1
4320 0
3511 0
4315 0
3510 1
3510 0
4039 0
4316 0
