7826 1
876 1
7826 0
7726 1
2214 1
2215 1
2214 0
5212 1
5213 1
5213 0
5212 0
2224 1
7726 0
876 0
308 1
2215 0
308 0
557 1
5686 1
2224 0
3945 1
3944 1
5686 0
5687 1
557 0
2924 1
638 1
638 0
637 1
637 0
3945 0
3944 0
2925 1
2924 0
789 1
788 1
788 0
5687 0
789 0
5334 1
5334 0
135 1
2925 0
1244 1
436 1
1244 0
135 0
6803 1
1473 1
436 0
6803 0
2204 1
742 1
1473 0
742 0
8 1
8 0
2706 1
1369 1
2204 0
1369 0
1968 1
2706 0
5792 1
5175 1
1968 0
6688 1
5792 0
6688 0
2749 1
5175 0
5174 1
5174 0
5024 1
5024 0
5023 1
2092 1
5023 0
7168 1
2749 0
5019 1
2092 0
7167 1
7168 0
848 1
5019 0
4387 1
7167 0
4089 1
848 0
1415 1
4387 0
3251 1
4089 0
1415 0
6546 1
6546 0
5465 1
3251 0
1460 1
1241 1
5465 0
3015 1
1241 0
1461 1
1460 0
3015 0
5681 1
5681 0
1954 1
1461 0
7596 1
7596 0
1310 1
1954 0
6170 1
1310 0
6025 1
6170 0
6268 1
1344 1
1345 1
2659 1
1345 0
6268 0
6060 1
6771 1
1344 0
4362 1
1350 1
176 1
176 0
6771 0
4362 0
4363 1
4363 0
6060 0
6061 1
2659 0
2658 1
6779 1
6778 1
2658 0
4710 1
6779 0
6778 0
6662 1
4710 0
7353 1
6025 0
6662 0
6661 1
6061 0
240 1
5646 1
1350 0
6660 1
6661 0
5275 1
5646 0
6660 0
2179 1
240 0
239 1
4620 1
5275 0
2179 0
2178 1
1551 1
2178 0
239 0
7347 1
5464 1
145 1
1551 0
7463 1
4620 0
1312 1
1312 0
329 1
329 0
3977 1
7463 0
5464 0
7347 0
5474 1
7353 0
7352 1
145 0
144 1
144 0
4631 1
3977 0
4619 1
5474 0
5829 1
4623 1
4619 0
7352 0
4850 1
5829 0
1081 1
4631 0
3994 1
4699 1
3994 0
4623 0
4622 1
4699 0
4632 1
53 1
4622 0
1081 0
4848 1
4632 0
4633 1
4134 1
3309 1
53 0
4563 1
5720 1
5720 0
4134 0
3309 0
4633 0
7020 1
7020 0
7791 1
5141 1
4563 0
4628 1
4848 0
4849 1
4849 0
4030 1
6084 1
4030 0
5141 0
4627 1
4628 0
7790 1
7791 0
7667 1
7790 0
4846 1
4850 0
4102 1
4846 0
1270 1
6229 1
3954 1
5505 1
4842 1
5505 0
6229 0
4843 1
4842 0
7667 0
4000 1
4000 0
3847 1
4843 0
1270 0
4627 0
6096 1
6096 0
6097 1
6227 1
6097 0
3954 0
4102 0
6087 1
4035 1
6084 0
2337 1
4035 0
3847 0
3848 1
6227 0
571 1
4879 1
3848 0
4879 0
6201 1
2337 0
4002 1
6203 1
6201 0
6088 1
6087 0
6203 0
3696 1
5573 1
5956 1
5956 0
571 0
6263 1
6263 0
7415 1
7415 0
1456 1
3327 1
1456 0
255 1
4002 0
3327 0
3696 0
560 1
559 1
560 0
5361 1
255 0
3816 1
559 0
7786 1
5573 0
5361 0
6694 1
3816 0
4878 1
7781 1
7786 0
1945 1
6088 0
195 1
4878 0
7778 1
195 0
7781 0
7780 1
7780 0
7774 1
1945 0
4220 1
7778 0
4936 1
3733 1
7774 0
4936 0
4935 1
999 1
3733 0
7775 1
7776 1
3817 1
6694 0
1000 1
999 0
7775 0
4935 0
7767 1
7776 0
1000 0
1672 1
1672 0
6038 1
7777 1
7767 0
7777 0
6038 0
3824 1
3817 0
3824 0
4022 1
4022 0
4021 1
324 1
4220 0
5435 1
324 0
4021 0
5349 1
5349 0
7266 1
7266 0
6914 1
385 1
6914 0
5435 0
7375 1
7375 0
7376 1
7376 0
6994 1
6994 0
4069 1
385 0
386 1
7689 1
386 0
7690 1
7689 0
7690 0
1567 1
4069 0
3613 1
3613 0
4331 1
5767 1
1567 0
5767 0
611 1
4331 0
1772 1
6530 1
611 0
1772 0
3482 1
2043 1
6530 0
7365 1
3482 0
7365 0
7364 1
2043 0
249 1
7364 0
7335 1
249 0
7685 1
7335 0
3579 1
3579 0
3565 1
7685 0
7113 1
3565 0
3564 1
7372 1
7113 0
3537 1
3564 0
7372 0
1502 1
7756 1
3537 0
7756 0
7755 1
1502 0
307 1
7755 0
1216 1
306 1
307 0
1217 1
1216 0
306 0
1067 1
1067 0
2551 1
7902 1
7902 0
6682 1
6682 0
3554 1
3496 1
3496 0
3557 1
7762 1
7762 0
1217 0
3554 0
2551 0
105 1
3493 1
3557 0
968 1
3493 0
105 0
7533 1
7534 1
7533 0
1030 1
968 0
1029 1
1030 0
2027 1
7534 0
54 1
2027 0
1029 0
997 1
4164 1
54 0
3220 1
997 0
4152 1
3220 0
4151 1
4152 0
5207 1
3430 1
5207 0
3431 1
4164 0
4168 1
4168 0
3430 0
4151 0
7760 1
7753 1
7760 0
2753 1
3431 0
178 1
7754 1
7754 0
7753 0
2753 0
984 1
178 0
313 1
983 1
984 0
313 0
314 1
1226 1
983 0
1225 1
314 0
1225 0
1226 0
