7258 1
3981 1
1847 1
22 1
3981 0
22 0
7259 1
7259 0
2089 1
7257 1
7258 0
572 1
2089 0
2104 1
1846 1
4293 1
1846 0
1847 0
2104 0
7257 0
5132 1
2691 1
572 0
573 1
2691 0
4293 0
2082 1
573 0
2082 0
608 1
5132 0
4882 1
4882 0
3676 1
3676 0
6039 1
5128 1
6039 0
608 0
4039 1
5128 0
609 1
4040 1
4039 0
6015 1
609 0
5621 1
4040 0
6015 0
6016 1
4047 1
5621 0
4047 0
4046 1
2493 1
6016 0
5845 1
4046 0
2493 0
2492 1
6551 1
800 1
2492 0
6551 0
4093 1
6552 1
2040 1
5845 0
2040 0
5844 1
5844 0
4093 0
6028 1
800 0
4269 1
6552 0
6028 0
6048 1
4270 1
4269 0
2093 1
6048 0
4270 0
2434 1
1947 1
2093 0
2434 0
2433 1
810 1
2433 0
1947 0
1969 1
810 0
811 1
332 1
1969 0
1259 1
811 0
5556 1
1259 0
332 0
6652 1
832 1
5556 0
832 0
1654 1
6652 0
1909 1
705 1
1909 0
7100 1
1654 0
1958 1
7100 0
1958 0
1556 1
1557 1
1655 1
1655 0
4670 1
705 0
1557 0
1556 0
1878 1
1878 0
417 1
6923 1
6923 0
6924 1
1871 1
4669 1
119 1
4670 0
4669 0
119 0
1870 1
6924 0
1870 0
417 0
3429 1
3429 0
458 1
1871 0
1858 1
1995 1
1962 1
459 1
1994 1
1962 0
459 0
458 0
1995 0
1858 0
1857 1
7109 1
1857 0
1994 0
2001 1
2001 0
2000 1
1997 1
2000 0
7109 0
2662 1
1997 0
1862 1
5066 1
2662 0
5066 0
1939 1
871 1
1119 1
1863 1
1863 0
7000 1
1862 0
871 0
5314 1
5314 0
1939 0
3636 1
7006 1
3636 0
1936 1
7006 0
1988 1
6972 1
7007 1
7000 0
6972 0
6100 1
6100 0
1988 0
1119 0
1937 1
1936 0
4473 1
7007 0
4473 0
6056 1
1937 0
3601 1
3585 1
3601 0
6056 0
2088 1
303 1
2088 0
3585 0
2199 1
3635 1
2199 0
303 0
304 1
3637 1
3635 0
3631 1
3637 0
67 1
304 0
5313 1
167 1
3632 1
6223 1
5313 0
5312 1
5312 0
6223 0
3632 0
3631 0
67 0
167 0
