3185 1
4946 1
2505 1
4628 1
4949 1
4978 1
4946 0
2667 1
2668 1
2667 0
2398 1
4212 1
2668 0
2397 1
2398 0
510 1
3073 1
4212 0
3073 0
2397 0
2646 1
510 0
2652 1
4978 0
3901 1
4614 1
4614 0
2455 1
3901 0
4948 1
2521 1
4948 0
4949 0
5129 1
5129 0
2521 0
4627 1
3098 1
2652 0
2666 1
3856 1
2646 0
2645 1
3856 0
4628 0
3098 0
3019 1
2645 0
2666 0
4856 1
4856 0
1769 1
3185 0
2505 0
3959 1
1937 1
3959 0
2455 0
5199 1
4161 1
5199 0
4161 0
2443 1
3019 0
1769 0
4696 1
2439 1
4627 0
2444 1
2443 0
1766 1
4696 0
1766 0
4477 1
2444 0
2648 1
2515 1
2439 0
4477 0
93 1
2515 0
1637 1
2648 0
81 1
4546 1
1937 0
4250 1
81 0
1238 1
4116 1
2333 1
4546 0
4118 1
4118 0
331 1
1103 1
1637 0
331 0
4116 0
1103 0
4250 0
933 1
93 0
1238 0
3348 1
4864 1
4865 1
4865 0
4864 0
933 0
4859 1
3348 0
918 1
2441 1
2333 0
918 0
713 1
2441 0
1404 1
713 0
4859 0
5452 1
5068 1
5452 0
4222 1
5068 0
4794 1
1404 0
4222 0
4221 1
4220 1
4221 0
1179 1
3468 1
4794 0
5054 1
5054 0
733 1
3468 0
1179 0
2775 1
4220 0
2596 1
733 0
893 1
2596 0
2775 0
3965 1
3965 0
360 1
4637 1
893 0
4402 1
360 0
4637 0
1664 1
4402 0
3967 1
3967 0
3968 1
1664 0
2507 1
4616 1
4616 0
3153 1
3968 0
1123 1
1123 0
1371 1
588 1
588 0
3153 0
2507 0
492 1
492 0
3596 1
1531 1
1371 0
3596 0
3575 1
1531 0
3375 1
3375 0
682 1
3574 1
3575 0
2413 1
3574 0
682 0
3632 1
632 1
2413 0
3632 0
4631 1
3490 1
365 1
3123 1
1788 1
365 0
716 1
632 0
3123 0
126 1
2483 1
3490 0
3066 1
3781 1
3781 0
1788 0
963 1
3066 0
2483 0
217 1
166 1
166 0
126 0
1151 1
716 0
1126 1
217 0
606 1
1126 0
1994 1
963 0
5000 1
1994 0
4631 0
1931 1
611 1
606 0
611 0
3108 1
5000 0
1815 1
3195 1
1151 0
3273 1
1931 0
1815 0
3370 1
3195 0
4691 1
3108 0
162 1
3273 0
3274 1
4691 0
1249 1
3370 0
2496 1
3107 1
1249 0
3107 0
162 0
3272 1
3274 0
2686 1
2496 0
1408 1
3272 0
2076 1
2686 0
3268 1
1408 0
3268 0
3269 1
3374 1
2076 0
3269 0
1015 1
2022 1
3374 0
1014 1
1015 0
2023 1
2022 0
385 1
1014 0
2023 0
281 1
385 0
2253 1
4706 1
281 0
2090 1
4706 0
2253 0
3323 1
3323 0
520 1
4088 1
2090 0
520 0
863 1
4088 0
1880 1
1880 0
3767 1
3259 1
863 0
3259 0
3298 1
3767 0
3656 1
3298 0
3299 1
3656 0
3655 1
2009 1
3655 0
3299 0
3819 1
3282 1
3320 1
3282 0
1619 1
887 1
887 0
819 1
3320 0
648 1
819 0
1618 1
1618 0
946 1
1771 1
3329 1
1771 0
3329 0
946 0
356 1
356 0
216 1
3319 1
3319 0
648 0
2009 0
4860 1
4860 0
766 1
983 1
3819 0
1619 0
5251 1
766 0
3074 1
4649 1
216 0
4649 0
5468 1
2321 1
5468 0
983 0
980 1
1000 1
2321 0
5251 0
585 1
3955 1
1000 0
585 0
3331 1
980 0
497 1
438 1
3955 0
410 1
3074 0
438 0
462 1
5165 1
410 0
1240 1
462 0
1865 1
1240 0
1865 0
134 1
497 0
4976 1
2805 1
134 0
413 1
2805 0
5164 1
5165 0
413 0
574 1
5164 0
4712 1
574 0
1991 1
4976 0
4360 1
3331 0
4262 1
4360 0
3312 1
1991 0
482 1
4262 0
3315 1
4183 1
4712 0
1300 1
3315 0
1300 0
326 1
4368 1
482 0
2942 1
3603 1
3428 1
3312 0
3313 1
2273 1
3428 0
3313 0
3603 0
2941 1
2941 0
2942 0
2273 0
326 0
4153 1
4183 0
4368 0
5134 1
4152 1
4153 0
959 1
5134 0
4152 0
5232 1
552 1
959 0
5232 0
2733 1
552 0
4125 1
4125 0
1891 1
5057 1
2733 0
5200 1
1042 1
5200 0
4026 1
4132 1
1891 0
4026 0
4845 1
4845 0
1042 0
5057 0
569 1
4131 1
4132 0
569 0
3720 1
4131 0
3595 1
2246 1
3720 0
3595 0
1038 1
2218 1
2246 0
2218 0
2388 1
4919 1
2388 0
4258 1
1038 0
4919 0
622 1
622 0
2387 1
3410 1
4258 0
2387 0
290 1
85 1
3410 0
85 0
436 1
290 0
2389 1
2342 1
2389 0
436 0
1500 1
3401 1
1500 0
1881 1
3401 0
2374 1
5119 1
3538 1
2375 1
2392 1
2374 0
3538 0
2377 1
2375 0
2394 1
2377 0
2392 0
2372 1
2372 0
2395 1
2391 1
2391 0
2342 0
5258 1
5119 0
2394 0
2395 0
1036 1
5258 0
4533 1
1881 0
4533 0
4534 1
4534 0
3843 1
1628 1
1036 0
3843 0
1926 1
1628 0
4294 1
1926 0
4294 0
