2084 1
4458 1
4451 1
3771 1
2689 1
4451 0
3766 1
3766 0
4458 0
446 1
3771 0
2084 0
3779 1
3779 0
2552 1
4439 1
2552 0
2689 0
4439 0
4440 1
5042 1
446 0
5042 0
3487 1
684 1
4440 0
684 0
2710 1
3488 1
3487 0
3002 1
3488 0
2710 0
2709 1
3003 1
3002 0
2709 0
2688 1
334 1
2688 0
3003 0
5055 1
334 0
2280 1
1147 1
2280 0
3911 1
1147 0
4564 1
4563 1
4912 1
5153 1
5153 0
3824 1
3824 0
3825 1
3825 0
5055 0
4563 0
4564 0
3911 0
6 1
6 0
5 1
4912 0
4464 1
4464 0
1739 1
2654 1
5 0
2654 0
2653 1
2653 0
4674 1
557 1
4674 0
558 1
557 0
3733 1
1739 0
2662 1
558 0
2662 0
2647 1
4174 1
3733 0
2647 0
1173 1
1173 0
153 1
2447 1
4174 0
3997 1
153 0
3997 0
2958 1
2958 0
5329 1
2144 1
5329 0
2447 0
1928 1
1043 1
1928 0
5435 1
2144 0
4800 1
1361 1
4842 1
1043 0
1361 0
3078 1
4801 1
4800 0
3078 0
1375 1
4801 0
2412 1
3152 1
2412 0
4842 0
4841 1
519 1
1375 0
3152 0
3696 1
1458 1
519 0
1458 0
1956 1
5435 0
4282 1
4841 0
5414 1
5414 0
5415 1
5415 0
3361 1
4282 0
4890 1
3360 1
3361 0
1956 0
3424 1
3730 1
3696 0
3360 0
3728 1
1837 1
3730 0
3728 0
1543 1
4861 1
4890 0
3724 1
1837 0
2287 1
3724 0
2287 0
1543 0
2859 1
3424 0
2859 0
4339 1
4339 0
3963 1
4861 0
4109 1
3808 1
4109 0
1674 1
1674 0
1833 1
4612 1
1834 1
143 1
143 0
3963 0
4612 0
1833 0
1834 0
1660 1
3808 0
3055 1
3054 1
3055 0
1660 0
1279 1
5401 1
3054 0
1659 1
1279 0
1658 1
1659 0
5401 0
2663 1
3853 1
1064 1
2663 0
3853 0
1929 1
1653 1
3617 1
1658 0
1929 0
3617 0
1064 0
125 1
4482 1
1653 0
3068 1
125 0
4482 0
1364 1
1364 0
1365 1
1069 1
1365 0
1925 1
1069 0
3068 0
4128 1
4128 0
3242 1
4353 1
1925 0
1930 1
4353 0
3517 1
1930 0
1335 1
704 1
1335 0
2670 1
1528 1
2670 0
1528 0
4505 1
843 1
704 0
843 0
842 1
4505 0
5123 1
842 0
4687 1
5351 1
4688 1
5123 0
5351 0
4688 0
3788 1
1332 1
4687 0
3517 0
2704 1
5159 1
3242 0
1332 0
4325 1
5352 1
3788 0
2018 1
5352 0
4325 0
4575 1
4575 0
186 1
5159 0
613 1
2704 0
4343 1
3267 1
186 0
2015 1
2018 0
742 1
4343 0
2015 0
2017 1
742 0
1647 1
2017 0
2019 1
3267 0
3275 1
613 0
5259 1
269 1
5259 0
2019 0
3395 1
3275 0
5325 1
5325 0
3237 1
3071 1
3395 0
3071 0
1012 1
1689 1
3237 0
3498 1
1647 0
1689 0
3015 1
1012 0
2005 1
3498 0
4344 1
1117 1
3015 0
269 0
3095 1
1331 1
4344 0
1998 1
2005 0
1114 1
3095 0
1114 0
570 1
570 0
1117 0
1999 1
1998 0
1565 1
1331 0
1613 1
1565 0
1987 1
1999 0
1613 0
1622 1
1621 1
1622 0
1987 0
1974 1
1623 1
1621 0
1977 1
1974 0
411 1
1977 0
1623 0
1604 1
1051 1
1288 1
5291 1
2587 1
1288 0
4609 1
3260 1
350 1
350 0
3260 0
5291 0
2587 0
1051 0
1034 1
5354 1
1034 0
1544 1
1604 0
422 1
411 0
5354 0
5355 1
422 0
5503 1
145 1
5355 0
5503 0
231 1
429 1
145 0
1544 0
1006 1
219 1
429 0
4609 0
5040 1
1029 1
219 0
2 1
1029 0
3591 1
2 0
1448 1
3591 0
5040 0
2597 1
1979 1
231 0
1896 1
1448 0
5036 1
1896 0
299 1
299 0
4981 1
3719 1
3719 0
4981 0
3330 1
5036 0
2597 0
3583 1
3330 0
4396 1
4396 0
3417 1
1006 0
4683 1
3417 0
1269 1
1982 1
1979 0
4909 1
3583 0
1982 0
1985 1
3565 1
4683 0
4936 1
1985 0
4852 1
4936 0
4972 1
1269 0
3920 1
3388 1
3388 0
2449 1
2449 0
2448 1
3920 0
4972 0
3243 1
3243 0
4366 1
3565 0
4848 1
4852 0
4909 0
2234 1
4848 0
1970 1
2234 0
4142 1
3602 1
4366 0
1970 0
90 1
2448 0
3589 1
4142 0
975 1
3589 0
3588 1
90 0
657 1
3602 0
3582 1
3588 0
2216 1
3582 0
3604 1
4379 1
3604 0
975 0
4138 1
4138 0
4141 1
2216 0
3594 1
4747 1
4141 0
501 1
657 0
3594 0
372 1
4379 0
4229 1
4229 0
3382 1
372 0
2222 1
3184 1
501 0
3382 0
1037 1
2222 0
2221 1
2221 0
1037 0
4747 0
374 1
2674 1
374 0
3184 0
3196 1
1231 1
2674 0
5237 1
3196 0
4677 1
1231 0
4677 0
3584 1
1639 1
5237 0
3584 0
4678 1
3858 1
1639 0
3238 1
4678 0
3858 0
3669 1
3716 1
3669 0
3238 0
1878 1
1878 0
3005 1
655 1
3005 0
3716 0
3699 1
3775 1
655 0
3402 1
3775 0
3403 1
3402 0
3403 0
1790 1
3398 1
1790 0
3013 1
3398 0
4955 1
3699 0
4192 1
3013 0
4192 0
1121 1
1121 0
179 1
179 0
4190 1
5314 1
4190 0
761 1
4840 1
761 0
5314 0
4840 0
4280 1
3688 1
4280 0
3674 1
3688 0
3674 0
3715 1
3715 0
4699 1
4700 1
4699 0
4354 1
4955 0
3685 1
4700 0
1892 1
4354 0
3685 0
129 1
1892 0
839 1
129 0
3707 1
2665 1
839 0
3691 1
3681 1
3707 0
2665 0
2382 1
2382 0
2381 1
2381 0
3692 1
2380 1
2380 0
3691 0
301 1
3681 0
2358 1
301 0
3692 0
118 1
2359 1
2358 0
2359 0
118 0
