3981 1
22 1
7259 1
2089 1
7259 0
3981 0
2089 0
3428 1
1847 1
22 0
1846 1
1847 0
4882 1
3676 1
1846 0
4882 0
2714 1
3428 0
2714 0
1901 1
3676 0
6039 1
1901 0
5622 1
6578 1
6039 0
6578 0
6579 1
5622 0
5847 1
5846 1
5847 0
6579 0
6015 1
6015 0
6016 1
5844 1
5846 0
2493 1
6016 0
2040 1
5844 0
6552 1
4269 1
4269 0
6552 0
7555 1
2040 0
4239 1
4240 1
4240 0
5020 1
5020 0
7555 0
2493 0
2492 1
2492 0
776 1
776 0
6049 1
4239 0
793 1
6048 1
6049 0
2432 1
793 0
6048 0
2093 1
6095 1
2093 0
2432 0
811 1
1259 1
811 0
333 1
6095 0
6453 1
1259 0
4380 1
6453 0
1876 1
4380 0
333 0
5697 1
832 1
1876 0
5697 0
63 1
832 0
1654 1
7100 1
1654 0
63 0
64 1
64 0
1899 1
1958 1
7100 0
1958 0
1957 1
1957 0
1877 1
1899 0
4669 1
4669 0
119 1
1877 0
1561 1
1561 0
7709 1
119 0
1871 1
7709 0
459 1
1871 0
1858 1
1857 1
1858 0
1962 1
459 0
1857 0
5103 1
1962 0
1961 1
815 1
1961 0
5103 0
1924 1
815 0
814 1
1924 0
2663 1
3926 1
814 0
2663 0
5949 1
3926 0
3927 1
3927 0
7002 1
5949 0
4409 1
7002 0
6100 1
1852 1
4409 0
6100 0
6972 1
720 1
6972 0
107 1
6090 1
6090 0
5644 1
1852 0
107 0
1377 1
720 0
7027 1
1377 0
7041 1
7027 0
5644 0
915 1
7218 1
7041 0
915 0
914 1
7217 1
7218 0
3633 1
914 0
7377 1
7217 0
7038 1
7036 1
7377 0
6224 1
3633 0
7038 0
6225 1
7036 0
6225 0
6224 0
