1618 1
1278 1
1618 0
579 1
1278 0
7074 1
7072 1
2072 1
7074 0
1281 1
2072 0
579 0
246 1
7072 0
1494 1
246 0
1494 0
6459 1
2586 1
6459 0
797 1
1281 0
796 1
797 0
2587 1
2586 0
796 0
7075 1
7075 0
20 1
6141 1
2587 0
6141 0
1836 1
431 1
431 0
826 1
794 1
872 1
872 0
20 0
760 1
794 0
826 0
1836 0
7647 1
7646 1
7647 0
760 0
1316 1
1255 1
1316 0
257 1
7646 0
1255 0
109 1
109 0
6798 1
1303 1
257 0
2769 1
6798 0
1303 0
4747 1
2769 0
1518 1
4747 0
7333 1
1518 0
3334 1
853 1
7333 0
853 0
1410 1
1409 1
1410 0
3244 1
3334 0
295 1
1409 0
3244 0
1443 1
1443 0
6348 1
4698 1
295 0
1326 1
6348 0
4698 0
3212 1
7701 1
3212 0
6058 1
1326 0
7701 0
6359 1
123 1
6058 0
5105 1
123 0
2106 1
6359 0
5105 0
830 1
6062 1
830 0
5943 1
2106 0
6335 1
5943 0
6335 0
201 1
320 1
6062 0
320 0
1320 1
1572 1
201 0
1576 1
1320 0
900 1
899 1
900 0
85 1
907 1
85 0
1481 1
1572 0
899 0
4654 1
6103 1
1576 0
2200 1
907 0
1313 1
1481 0
4654 0
4655 1
2200 0
602 1
4655 0
6974 1
569 1
6103 0
4671 1
602 0
128 1
6974 0
1856 1
4671 0
1856 0
1855 1
129 1
128 0
1864 1
1313 0
2080 1
129 0
445 1
569 0
411 1
2080 0
838 1
4688 1
411 0
6887 1
6887 0
4688 0
5326 1
4685 1
1855 0
4685 0
1864 0
6108 1
580 1
6108 0
838 0
4887 1
4888 1
4887 0
4006 1
445 0
4888 0
4664 1
5326 0
828 1
6098 1
580 0
6044 1
4006 0
7501 1
828 0
4664 0
4884 1
7501 0
2282 1
4691 1
3033 1
4691 0
4884 0
3033 0
4075 1
5651 1
2282 0
4075 0
5651 0
7055 1
6044 0
6812 1
7055 0
6045 1
6098 0
3335 1
6812 0
7289 1
6045 0
2811 1
3335 0
722 1
2811 0
935 1
722 0
7703 1
935 0
1853 1
7289 0
528 1
7703 0
904 1
1853 0
6461 1
528 0
5673 1
6461 0
5673 0
5674 1
7552 1
5674 0
7618 1
7552 0
7375 1
904 0
7618 0
7395 1
7375 0
7376 1
7067 1
7395 0
7376 0
1584 1
7067 0
2556 1
6550 1
1584 0
3935 1
2556 0
1975 1
6550 0
3935 0
2294 1
1975 0
407 1
5437 1
2294 0
4084 1
407 0
4084 0
4066 1
5430 1
4066 0
4067 1
3643 1
5437 0
4139 1
4139 0
4071 1
4071 0
5433 1
5430 0
5433 0
4067 0
3513 1
3616 1
3643 0
3512 1
3513 0
3616 0
4149 1
4148 1
4149 0
5288 1
3512 0
5288 0
5289 1
2583 1
4148 0
2583 0
6531 1
6531 0
7248 1
7249 1
7248 0
910 1
7336 1
910 0
3261 1
3261 0
7766 1
3260 1
3260 0
5289 0
7336 0
7249 0
7250 1
7766 0
3495 1
2123 1
7250 0
3491 1
3495 0
2123 0
967 1
3491 0
1019 1
3526 1
967 0
1019 0
1038 1
65 1
3526 0
1038 0
3478 1
65 0
1115 1
6444 1
3478 0
6444 0
2368 1
1115 0
1114 1
4129 1
2368 0
4129 0
7291 1
3477 1
1114 0
3477 0
5871 1
1222 1
7291 0
5871 0
5872 1
3545 1
1222 0
3545 0
3544 1
1462 1
5872 0
3584 1
3466 1
1462 0
3544 0
3583 1
4769 1
4769 0
6678 1
6678 0
254 1
3467 1
3466 0
3584 0
254 0
3468 1
3467 0
3583 0
3416 1
3416 0
3417 1
3468 0
3469 1
3469 0
3417 0
