2682 1
1750 1
5195 1
1750 0
2700 1
2682 0
5195 0
233 1
233 0
1160 1
4307 1
2700 0
4411 1
4307 0
1159 1
1160 0
1159 0
1721 1
1721 0
4454 1
4412 1
4411 0
4412 0
4413 1
2167 1
4454 0
4413 0
3338 1
3338 0
2779 1
407 1
2167 0
407 0
5027 1
5027 0
2111 1
2779 0
4913 1
896 1
4913 0
2712 1
2111 0
2735 1
896 0
4444 1
2712 0
4444 0
4442 1
4441 1
4442 0
4441 0
4203 1
5421 1
5080 1
5080 0
5214 1
2735 0
5214 0
3029 1
4203 0
2589 1
3029 0
2589 0
4437 1
3154 1
5421 0
1478 1
4437 0
2847 1
3154 0
2561 1
1478 0
4810 1
2847 0
2561 0
1644 1
2721 1
1644 0
2721 0
2622 1
2898 1
4814 1
3783 1
4814 0
4808 1
2898 0
4821 1
3783 0
4805 1
4821 0
4804 1
4805 0
691 1
4808 0
2477 1
2622 0
4810 0
3352 1
1312 1
2477 0
2886 1
691 0
4624 1
3352 0
4624 0
2924 1
2846 1
4804 0
643 1
2886 0
643 0
95 1
1312 0
571 1
2924 0
2772 1
2896 1
2772 0
95 0
2826 1
2896 0
3368 1
2846 0
2943 1
2943 0
2893 1
3801 1
571 0
2893 0
3353 1
3368 0
3367 1
3367 0
3366 1
3353 0
3365 1
3365 0
3364 1
3366 0
3364 0
3801 0
5248 1
3875 1
2826 0
1007 1
5061 1
1007 0
3876 1
3875 0
3876 0
5248 0
847 1
5061 0
5062 1
1808 1
5062 0
847 0
4586 1
2952 1
1808 0
3232 1
4586 0
2952 0
2962 1
2949 1
2962 0
3062 1
3232 0
2950 1
2949 0
3062 0
3155 1
2950 0
1127 1
3155 0
3630 1
5370 1
1127 0
3630 0
3971 1
5370 0
5336 1
2497 1
3971 0
4745 1
5336 0
4745 0
4746 1
2497 0
4786 1
2840 1
4786 0
4100 1
5301 1
4746 0
531 1
1446 1
1447 1
1447 0
1446 0
4100 0
5302 1
5302 0
5301 0
2840 0
3461 1
531 0
383 1
383 0
1442 1
3461 0
4855 1
1442 0
1443 1
370 1
1443 0
370 0
3883 1
3883 0
2406 1
4931 1
4855 0
3215 1
3169 1
744 1
3169 0
5410 1
744 0
2341 1
3215 0
2335 1
2341 0
387 1
2406 0
5410 0
5188 1
1192 1
387 0
3885 1
4337 1
3885 0
2532 1
76 1
2335 0
76 0
2532 0
4907 1
4337 0
4849 1
5188 0
5141 1
4849 0
4930 1
4435 1
4907 0
330 1
469 1
469 0
4931 0
3200 1
3200 0
3211 1
1196 1
1196 0
1503 1
1473 1
4435 0
2828 1
1192 0
4930 0
1503 0
2828 0
1490 1
1490 0
5451 1
5141 0
1210 1
1210 0
4753 1
5372 1
4753 0
1473 0
5332 1
197 1
5372 0
705 1
705 0
3211 0
5371 1
5371 0
3204 1
197 0
330 0
3204 0
623 1
623 0
5451 0
1679 1
4877 1
5332 0
5236 1
1679 0
4012 1
4877 0
5236 0
4752 1
2356 1
4752 0
4012 0
5020 1
5308 1
2356 0
5020 0
5021 1
5308 0
3572 1
3570 1
3572 0
3914 1
3570 0
2193 1
5021 0
2056 1
2193 0
4182 1
2056 0
1008 1
3914 0
4182 0
599 1
599 0
403 1
1008 0
928 1
403 0
2058 1
2050 1
913 1
4121 1
4121 0
4704 1
4704 0
4705 1
2365 1
4705 0
1048 1
1168 1
2050 0
1048 0
3930 1
1168 0
930 1
780 1
1084 1
1084 0
3343 1
3805 1
3805 0
102 1
551 1
749 1
749 0
930 0
551 0
914 1
914 0
780 0
3930 0
3343 0
4164 1
913 0
102 0
2107 1
2058 0
4352 1
1962 1
4352 0
2365 0
4164 0
3894 1
3894 0
3830 1
3747 1
1962 0
3830 0
777 1
4415 1
3747 0
1208 1
777 0
1208 0
1317 1
4489 1
4415 0
928 0
540 1
4489 0
5018 1
1317 0
3020 1
2104 1
2107 0
5276 1
3020 0
540 0
1349 1
5455 1
5018 0
1712 1
5455 0
5102 1
2104 0
5005 1
1349 0
1712 0
4020 1
3631 1
5276 0
2213 1
5102 0
3631 0
3841 1
4020 0
4607 1
3288 1
2213 0
3841 0
4137 1
4608 1
4607 0
3288 0
4974 1
4136 1
4137 0
5005 0
1344 1
2479 1
1344 0
4136 0
942 1
4974 0
1591 1
5024 1
1495 1
912 1
2479 0
1495 0
2758 1
25 1
4843 1
4608 0
4305 1
4305 0
25 0
2758 0
5024 0
911 1
912 0
1863 1
942 0
5442 1
1863 0
769 1
3952 1
4104 1
4104 0
911 0
2461 1
2461 0
3926 1
3952 0
769 0
1591 0
5472 1
3844 1
3926 0
3927 1
2436 1
1009 1
1009 0
1277 1
5442 0
1277 0
5367 1
5367 0
3844 0
4023 1
4023 0
3927 0
254 1
254 0
2436 0
4602 1
4843 0
1943 1
1285 1
4602 0
2133 1
1285 0
5465 1
5138 1
5138 0
3077 1
5465 0
5472 0
1943 0
1942 1
2133 0
1866 1
1942 0
1866 0
974 1
974 0
678 1
3077 0
1524 1
4991 1
258 1
4259 1
4991 0
4259 0
261 1
127 1
678 0
258 0
4066 1
261 0
3945 1
4069 1
1339 1
4066 0
4067 1
1339 0
127 0
4069 0
4067 0
3945 0
4042 1
1524 0
873 1
873 0
2073 1
302 1
2073 0
2148 1
302 0
54 1
250 1
54 0
4042 0
312 1
5043 1
312 0
4650 1
4650 0
5501 1
5501 0
250 0
366 1
2148 0
2214 1
5043 0
4424 1
366 0
4424 0
5006 1
2214 0
806 1
3525 1
806 0
3526 1
3525 0
3520 1
3526 0
5006 0
4423 1
3516 1
3520 0
3516 0
1216 1
4423 0
1216 0
