978 1
4206 1
978 0
991 1
4206 0
2376 1
991 0
4790 1
3624 1
2376 0
7040 1
3624 0
4790 0
4830 1
7040 0
7039 1
4178 1
7039 0
4830 0
4833 1
4177 1
4178 0
4832 1
4829 1
4832 0
4829 0
4828 1
4723 1
4833 0
4781 1
4780 1
4780 0
4723 0
4781 0
6340 1
4177 0
6340 0
6339 1
6339 0
2114 1
4828 0
4827 1
4827 0
4205 1
2114 0
3167 1
4205 0
4838 1
7155 1
3167 0
359 1
4838 0
1202 1
7155 0
7231 1
359 0
4601 1
1202 0
7230 1
7231 0
4600 1
4601 0
7672 1
7230 0
7672 0
4797 1
5515 1
4600 0
4797 0
41 1
41 0
4238 1
5865 1
6452 1
6452 0
5865 0
5515 0
5507 1
4238 0
2688 1
5507 0
1125 1
4213 1
1125 0
5352 1
2688 0
4279 1
5352 0
4295 1
4279 0
3170 1
4213 0
3170 0
4172 1
4273 1
4295 0
4273 0
4250 1
4250 0
4294 1
4294 0
2219 1
2694 1
4172 0
2694 0
4282 1
4282 0
4283 1
2219 0
938 1
939 1
938 0
2059 1
4283 0
2210 1
939 0
2059 0
136 1
2211 1
2210 0
2023 1
136 0
2211 0
4251 1
5758 1
2023 0
509 1
4251 0
509 0
6430 1
4351 1
5758 0
2494 1
4351 0
6431 1
6430 0
4783 1
6431 0
2494 0
2495 1
4752 1
4783 0
2495 0
2751 1
4752 0
689 1
689 0
3439 1
3439 0
3440 1
4969 1
3440 0
5885 1
2396 1
2396 0
5885 0
2751 0
2397 1
2752 1
435 1
2752 0
4305 1
4969 0
423 1
4306 1
4305 0
1679 1
1679 0
3228 1
4165 1
4165 0
423 0
7662 1
7662 0
4306 0
2403 1
2397 0
2407 1
2422 1
2422 0
2403 0
434 1
435 0
434 0
3228 0
3229 1
1825 1
1136 1
2407 0
1829 1
1825 0
3229 0
562 1
7392 1
7392 0
139 1
1136 0
1829 0
1830 1
5167 1
5166 1
7593 1
7593 0
7594 1
562 0
7594 0
5167 0
1830 0
140 1
139 0
140 0
5960 1
5143 1
1803 1
5143 0
5166 0
1804 1
1803 0
2641 1
5960 0
1804 0
1828 1
1771 1
2641 0
1771 0
1770 1
2791 1
1770 0
2791 0
1828 0
