1282 1
641 1
246 1
641 0
1278 1
1282 0
1278 0
7074 1
246 0
1494 1
7072 1
7074 0
7072 0
1264 1
6459 1
1494 0
6457 1
6459 0
1264 0
241 1
6458 1
6457 0
672 1
241 0
1275 1
672 0
1275 0
431 1
1295 1
6458 0
431 0
826 1
1295 0
1294 1
827 1
826 0
827 0
1246 1
1835 1
1294 0
2243 1
1835 0
1246 0
1245 1
1245 0
6687 1
2243 0
7646 1
7646 0
257 1
109 1
6687 0
1303 1
257 0
109 0
6798 1
6798 0
7167 1
1303 0
762 1
7167 0
4387 1
5023 1
762 0
2092 1
5023 0
7333 1
2092 0
4387 0
3334 1
7333 0
853 1
852 1
853 0
1409 1
852 0
3334 0
3244 1
1409 0
295 1
295 0
1460 1
5465 1
3244 0
5465 0
1241 1
1460 0
1461 1
1241 0
1326 1
1326 0
6058 1
1461 0
7596 1
123 1
6058 0
1310 1
7596 0
123 0
5105 1
6360 1
1310 0
830 1
5105 0
6360 0
6012 1
830 0
6062 1
320 1
6062 0
177 1
2197 1
2197 0
1948 1
177 0
6022 1
2447 1
6022 0
6661 1
6660 1
4367 1
1948 0
4639 1
2112 1
6031 1
6031 0
4639 0
2447 0
6662 1
6661 0
6660 0
6662 0
2156 1
4367 0
7382 1
1576 1
1320 1
1546 1
1576 0
1320 0
320 0
7382 0
4942 1
330 1
2156 0
6166 1
1572 1
201 1
1481 1
6012 0
1572 0
201 0
956 1
2112 0
330 0
4666 1
6166 0
1868 1
956 0
4638 1
4666 0
4638 0
6099 1
1868 0
3821 1
4942 0
1481 0
1313 1
3821 0
4680 1
1546 0
5807 1
6099 0
3131 1
4680 0
4679 1
5807 0
569 1
2559 1
3131 0
4678 1
4679 0
3814 1
2559 0
4676 1
4678 0
3815 1
3814 0
1313 0
1482 1
4446 1
3815 0
569 0
445 1
4677 1
4676 0
4687 1
4677 0
4006 1
445 0
4877 1
4446 0
4652 1
4877 0
6885 1
4687 0
1482 0
1549 1
4652 0
4651 1
6885 0
6886 1
4651 0
2610 1
4006 0
6044 1
1549 0
6971 1
6886 0
6884 1
2610 0
4946 1
4883 1
6884 0
4646 1
4946 0
4883 0
6233 1
6089 1
6971 0
5316 1
6233 0
6236 1
5978 1
5316 0
7779 1
4885 1
4885 0
4646 0
6235 1
6235 0
5978 0
1773 1
6236 0
2337 1
6044 0
1773 0
34 1
5950 1
7779 0
4002 1
2337 0
5950 0
1084 1
7852 1
34 0
255 1
4002 0
1084 0
1083 1
6045 1
6089 0
1083 0
4722 1
4722 0
7462 1
7852 0
1779 1
1779 0
7461 1
7461 0
7462 0
3335 1
255 0
6045 0
7289 1
2811 1
3335 0
3852 1
2811 0
1853 1
7289 0
6446 1
3852 0
912 1
6446 0
912 0
7704 1
5726 1
7704 0
1853 0
904 1
5709 1
5726 0
659 1
5709 0
904 0
7375 1
7618 1
659 0
7618 0
7395 1
7067 1
7395 0
7375 0
7376 1
6914 1
3935 1
3935 0
2556 1
2556 0
7692 1
7067 0
386 1
385 1
386 0
6914 0
385 0
6994 1
7376 0
6994 0
1975 1
2466 1
7692 0
1975 0
407 1
5433 1
2466 0
5430 1
5433 0
3516 1
407 0
3516 0
4066 1
4067 1
4066 0
5272 1
5272 0
3192 1
3616 1
3643 1
5430 0
4149 1
3643 0
3616 0
3192 0
4067 0
3513 1
3481 1
3513 0
4149 0
4148 1
4148 0
2583 1
5976 1
3481 0
2583 0
6531 1
5976 0
596 1
7337 1
596 0
249 1
6531 0
7336 1
7337 0
249 0
7685 1
7113 1
7685 0
7248 1
7113 0
910 1
7336 0
7248 0
7249 1
3490 1
910 0
3490 0
3492 1
7249 0
3203 1
3540 1
3492 0
3202 1
3203 0
3540 0
3541 1
3541 0
3543 1
3202 0
3526 1
3543 0
3542 1
65 1
3526 0
3496 1
3478 1
3478 0
3578 1
6444 1
6444 0
3542 0
7762 1
65 0
7412 1
3496 0
7762 0
7412 0
378 1
3578 0
1220 1
378 0
3406 1
1220 0
966 1
13 1
966 0
12 1
13 0
3406 0
3405 1
3411 1
3405 0
6502 1
3411 0
2570 1
2570 0
254 1
254 0
12 0
3544 1
3544 0
3545 1
3545 0
3559 1
6503 1
6502 0
3654 1
6503 0
3534 1
3559 0
3654 0
3652 1
3652 0
3653 1
3414 1
3462 1
3584 1
3583 1
3583 0
3534 0
3416 1
3584 0
3463 1
3414 0
3462 0
3463 0
976 1
3653 0
3416 0
3417 1
3417 0
976 0
