5870 1
2066 1
2066 0
6501 1
6501 0
5688 1
5882 1
3151 1
5688 0
4173 1
2053 1
1633 1
1490 1
4221 1
4221 0
5882 0
5870 0
1633 0
4079 1
4079 0
4209 1
2053 0
4211 1
3152 1
3151 0
3152 0
4173 0
4209 0
5821 1
4211 0
1490 0
5302 1
4216 1
5821 0
5820 1
5820 0
2051 1
4215 1
2051 0
4226 1
2778 1
4214 1
4216 0
4217 1
4214 0
2778 0
4226 0
4218 1
4215 0
2021 1
7087 1
2021 0
2020 1
2020 0
2568 1
2568 0
5302 0
4189 1
6938 1
6939 1
5583 1
4217 0
5583 0
4218 0
4189 0
7087 0
2063 1
7086 1
6938 0
96 1
97 1
96 0
97 0
2592 1
2592 0
6939 0
7085 1
7084 1
7084 0
7085 0
2063 0
7829 1
7829 0
7830 1
7830 0
7510 1
7086 0
7510 0
