3073 1
3072 1
510 1
3073 0
3072 0
2638 1
2638 0
2667 1
2667 0
2398 1
2398 0
2397 1
2179 1
5364 1
510 0
2652 1
2666 1
3240 1
2652 0
2666 0
4856 1
4856 0
5364 0
2179 0
2646 1
2397 0
2646 0
1163 1
1163 0
4334 1
4697 1
3240 0
4696 1
4697 0
3019 1
4334 0
4696 0
1766 1
3019 0
2443 1
2443 0
2444 1
1766 0
4477 1
2444 0
2648 1
4477 0
93 1
93 0
933 1
2648 0
81 1
4250 1
81 0
5014 1
5013 1
3348 1
933 0
5013 0
1683 1
5014 0
3737 1
3738 1
3737 0
2967 1
4256 1
4254 1
2967 0
4254 0
1103 1
4116 1
4250 0
1103 0
4256 0
4253 1
1238 1
3738 0
4253 0
1238 0
4116 0
3348 0
918 1
4819 1
1683 0
1156 1
1156 0
5140 1
4815 1
4819 0
2258 1
918 0
226 1
2258 0
5453 1
226 0
2557 1
4261 1
4261 0
5140 0
5074 1
4815 0
2557 0
5453 0
4223 1
1178 1
5074 0
1178 0
1179 1
1430 1
4223 0
4221 1
4220 1
4221 0
1430 0
1429 1
1429 0
2780 1
1179 0
3468 1
522 1
3468 0
1794 1
4220 0
3965 1
2775 1
2775 0
1805 1
1794 0
1702 1
1805 0
2780 0
1702 0
307 1
941 1
307 0
522 0
893 1
893 0
1664 1
4637 1
4637 0
3965 0
360 1
360 0
4402 1
3659 1
3059 1
3660 1
3659 0
3153 1
3967 1
3967 0
3968 1
3968 0
4402 0
3660 0
1664 0
2507 1
2580 1
2507 0
941 0
3059 0
3153 0
4616 1
4616 0
1371 1
1531 1
1371 0
3061 1
2580 0
3596 1
3061 0
3575 1
3596 0
3375 1
1531 0
3176 1
3575 0
2298 1
632 1
2298 0
4473 1
3176 0
3632 1
682 1
3375 0
682 0
4473 0
1704 1
1704 0
716 1
632 0
3116 1
3066 1
126 1
3116 0
166 1
126 0
2483 1
3066 0
3632 0
4631 1
2483 0
3490 1
166 0
217 1
1151 1
716 0
4631 0
1931 1
2510 1
217 0
3490 0
2061 1
2510 0
745 1
2053 1
2061 0
2053 0
5000 1
3195 1
1151 0
745 0
616 1
3106 1
3195 0
1815 1
5000 0
3273 1
1931 0
3106 0
251 1
4689 1
251 0
4690 1
4689 0
4504 1
3108 1
161 1
162 1
3108 0
162 0
616 0
3438 1
4504 0
1815 0
3370 1
3438 0
3304 1
3370 0
2496 1
3274 1
1408 1
3273 0
3272 1
3272 0
3274 0
3304 0
1266 1
1266 0
3100 1
4690 0
3100 0
161 0
2052 1
1408 0
3268 1
3374 1
2076 1
2496 0
2076 0
2686 1
2686 0
2052 0
1997 1
1997 0
3268 0
3269 1
3269 0
1015 1
3374 0
2022 1
1391 1
1015 0
2022 0
2023 1
1118 1
1391 0
1118 0
495 1
2023 0
281 1
1388 1
495 0
1388 0
1606 1
281 0
4706 1
4706 0
2090 1
1606 0
3093 1
2090 0
4088 1
3093 0
3257 1
1880 1
4088 0
3257 0
3958 1
3767 1
1880 0
3958 0
3299 1
3767 0
3656 1
3819 1
3299 0
3655 1
3656 0
3655 0
2009 1
2009 0
4860 1
1685 1
3819 0
947 1
1771 1
819 1
648 1
648 0
3320 1
3320 0
947 0
3329 1
1771 0
946 1
3329 0
1618 1
819 0
766 1
4860 0
946 0
3890 1
3890 0
1011 1
1619 1
1618 0
5251 1
1619 0
1685 0
3301 1
5251 0
585 1
1011 0
400 1
438 1
400 0
766 0
1985 1
3301 0
3292 1
3292 0
3291 1
462 1
438 0
4936 1
1985 0
3331 1
3331 0
4262 1
585 0
3381 1
1050 1
462 0
1240 1
1240 0
1865 1
3381 0
1050 0
4936 0
5165 1
134 1
1865 0
134 0
2805 1
2805 0
413 1
413 0
574 1
3799 1
5165 0
5164 1
3799 0
3616 1
497 1
497 0
3291 0
4976 1
4976 0
4360 1
3616 0
4712 1
5164 0
574 0
1991 1
482 1
1991 0
482 0
4368 1
4262 0
3315 1
432 1
4183 1
4712 0
3312 1
4360 0
3315 0
1300 1
3312 0
3603 1
4517 1
1300 0
4368 0
5134 1
2941 1
3603 0
2941 0
2942 1
4517 0
3325 1
3325 0
2942 0
4183 0
4153 1
4153 0
4152 1
959 1
5134 0
959 0
552 1
4233 1
4152 0
5232 1
5232 0
2733 1
4943 1
4901 1
4233 0
4901 0
4943 0
552 0
4125 1
4125 0
1891 1
2733 0
5057 1
1891 0
5200 1
5057 0
569 1
1042 1
5200 0
432 0
3666 1
3666 0
1243 1
4131 1
4132 1
4131 0
1042 0
4132 0
3595 1
1243 0
569 0
3720 1
2246 1
3720 0
2246 0
2218 1
3595 0
1038 1
2388 1
2218 0
4919 1
2388 0
4919 0
622 1
1038 0
4258 1
2387 1
622 0
4258 0
3410 1
1790 1
1790 0
3403 1
85 1
85 0
436 1
436 0
1500 1
3410 0
3403 0
2387 0
290 1
2389 1
290 0
1500 0
3401 1
2374 1
5119 1
2374 0
401 1
5118 1
424 1
5119 0
5118 0
1881 1
3401 0
2342 1
2389 0
4533 1
1881 0
2375 1
401 0
2394 1
2375 0
2392 1
2342 0
4533 0
4534 1
2395 1
2377 1
5035 1
424 0
2395 0
2394 0
2377 0
2392 0
4535 1
4534 0
5035 0
5034 1
4540 1
5034 0
4540 0
4535 0
