1769 1
6675 1
6500 1
1769 0
415 1
415 0
6497 1
4230 1
6675 0
6497 0
4231 1
4230 0
5366 1
4231 0
6500 0
5874 1
5874 0
2149 1
5365 1
5366 0
5365 0
2374 1
787 1
2149 0
4157 1
2374 0
787 0
786 1
4186 1
4157 0
3656 1
786 0
4185 1
4186 0
6314 1
3656 0
4181 1
4185 0
4288 1
4181 0
1497 1
6314 0
4288 0
5818 1
5428 1
1497 0
413 1
5428 0
413 0
4255 1
5818 0
5572 1
2004 1
4255 0
5572 0
5568 1
2049 1
2004 0
5568 0
1820 1
2049 0
6716 1
6716 0
7747 1
7747 0
4249 1
2048 1
7816 1
2047 1
2262 1
2262 0
1820 0
1819 1
1819 0
7817 1
2048 0
2047 0
4249 0
4424 1
7823 1
7817 0
7823 0
7819 1
7819 0
7822 1
7827 1
7816 0
7827 0
6761 1
4424 0
6473 1
6761 0
6473 0
6472 1
7822 0
5106 1
6471 1
6472 0
5106 0
1823 1
5243 1
6471 0
1796 1
1823 0
526 1
7833 1
1796 0
7833 0
651 1
526 0
650 1
4266 1
4267 1
4267 0
5243 0
6288 1
6288 0
4266 0
651 0
650 0
