410 1
2958 1
6625 1
2958 0
410 0
6714 1
6714 0
4750 1
4818 1
6625 0
4750 0
3221 1
4763 1
3221 0
4818 0
681 1
2212 1
4753 1
4756 1
5756 1
4763 0
4756 0
4755 1
4755 0
3157 1
6707 1
6708 1
642 1
681 0
642 0
3157 0
6707 0
4753 0
1739 1
4886 1
1739 0
4886 0
2212 0
6708 0
6709 1
5756 0
5755 1
5755 0
5980 1
1213 1
5980 0
6709 0
6373 1
6373 0
4820 1
6376 1
4820 0
6282 1
1213 0
4779 1
6282 0
6376 0
5665 1
5665 0
3781 1
3780 1
4984 1
3780 0
4984 0
4778 1
4779 0
3781 0
5320 1
5320 0
6837 1
4778 0
3178 1
3178 0
3156 1
2884 1
6837 0
179 1
3156 0
179 0
4787 1
7883 1
2884 0
4788 1
4787 0
7882 1
7883 0
3169 1
4788 0
3169 0
4803 1
6085 1
7882 0
6467 1
4803 0
4870 1
6085 0
6467 0
5108 1
7880 1
4870 0
5108 0
5112 1
7881 1
7880 0
7881 0
5873 1
542 1
5873 0
1594 1
5112 0
6823 1
1594 0
542 0
4309 1
6823 0
6824 1
4308 1
4309 0
4308 0
5880 1
6824 0
6981 1
5880 0
1801 1
4300 1
1801 0
2428 1
6981 0
4300 0
1552 1
2429 1
2213 1
2213 0
2428 0
957 1
4252 1
957 0
1641 1
2372 1
2429 0
2372 0
1552 0
4302 1
1641 0
4243 1
4302 0
4252 0
5991 1
4244 1
4243 0
5991 0
4260 1
1429 1
4244 0
1429 0
2613 1
2613 0
4123 1
6428 1
4260 0
2361 1
4123 0
3605 1
6428 0
2361 0
2360 1
6464 1
3605 0
804 1
1126 1
7752 1
7752 0
430 1
2360 0
1116 1
1116 0
804 0
1126 0
6462 1
6464 0
6462 0
2349 1
482 1
2349 0
430 0
2354 1
2354 0
2355 1
482 0
1624 1
2383 1
2355 0
1624 0
2046 1
2207 1
2383 0
2046 0
5579 1
5581 1
5579 0
5581 0
7124 1
474 1
2207 0
473 1
474 0
7393 1
7124 0
7393 0
5454 1
5454 0
5727 1
5727 0
981 1
473 0
6210 1
981 0
6520 1
6849 1
6210 0
6849 0
7849 1
6525 1
6520 0
649 1
6525 0
2657 1
649 0
7849 0
7850 1
2656 1
2657 0
7850 0
106 1
1788 1
2656 0
6186 1
106 0
6185 1
6186 0
5342 1
1788 0
5342 0
2227 1
6185 0
2874 1
2226 1
2227 0
2874 0
3919 1
2225 1
2226 0
3338 1
3919 0
2272 1
2225 0
2272 0
1781 1
1650 1
3338 0
1781 0
1780 1
2254 1
2255 1
2254 0
1780 0
2255 0
1650 0
