4173 1
4185 1
2716 1
4173 0
4165 1
2716 0
4185 0
4184 1
654 1
4165 0
4184 0
10 1
654 0
5048 1
4589 1
10 0
5048 0
2834 1
4589 0
2269 1
2269 0
2904 1
2834 0
2835 1
2476 1
2904 0
2835 0
4521 1
2476 0
2698 1
4168 1
4521 0
4911 1
2698 0
673 1
4911 0
4168 0
3648 1
4445 1
673 0
2794 1
2717 1
2717 0
896 1
896 0
4913 1
4913 0
3648 0
3029 1
2735 1
2735 0
2632 1
4445 0
4201 1
2632 0
2794 0
4201 0
1250 1
2542 1
1250 0
2542 0
2549 1
4087 1
2549 0
4087 0
3806 1
5421 1
3029 0
3806 0
92 1
3154 1
5421 0
92 0
311 1
3154 0
3355 1
2531 1
311 0
3804 1
2531 0
576 1
3355 0
3804 0
2538 1
5387 1
1738 1
169 1
1738 0
2538 0
2537 1
169 0
230 1
230 0
285 1
5388 1
5387 0
3149 1
285 0
5388 0
1327 1
2537 0
2278 1
513 1
1327 0
2842 1
2278 0
2812 1
3149 0
5476 1
1485 1
2812 0
1485 0
3063 1
3352 1
3352 0
4624 1
4551 1
4624 0
576 0
4551 0
2500 1
5476 0
2536 1
2842 0
577 1
2536 0
4084 1
513 0
3063 0
3363 1
2769 1
4084 0
3362 1
3363 0
2500 0
5064 1
2769 0
3349 1
3349 0
3362 0
5064 0
5190 1
2888 1
5190 0
578 1
577 0
2888 0
2711 1
2711 0
2940 1
702 1
578 0
702 0
2595 1
2940 0
1024 1
1024 0
4101 1
4966 1
2595 0
1449 1
1449 0
2350 1
4875 1
4875 0
4101 0
2748 1
2350 0
1599 1
4966 0
5460 1
1599 0
2211 1
3 1
2748 0
2211 0
3 0
5255 1
5255 0
2959 1
3164 1
5460 0
4342 1
3164 0
2959 0
3064 1
3822 1
3064 0
620 1
4342 0
3822 0
2043 1
1453 1
2043 0
1453 0
555 1
117 1
555 0
620 0
703 1
117 0
1028 1
1028 0
1101 1
1101 0
1502 1
3142 1
703 0
3142 0
866 1
4871 1
1502 0
865 1
866 0
1761 1
4871 0
3168 1
3221 1
3168 0
3222 1
3221 0
3223 1
3136 1
3222 0
3151 1
3136 0
3025 1
3223 0
3151 0
3167 1
3167 0
3800 1
1761 0
1470 1
3025 0
3870 1
4516 1
865 0
3800 0
4356 1
1575 1
1470 0
4356 0
4355 1
4516 0
5281 1
3870 0
4110 1
4110 0
3046 1
4355 0
3145 1
5281 0
4574 1
3046 0
4576 1
4579 1
4574 0
4579 0
4580 1
4576 0
1373 1
1575 0
757 1
3621 1
3145 0
3621 0
4577 1
5428 1
4580 0
5428 0
4577 0
757 0
548 1
1373 0
1522 1
1522 0
3171 1
548 0
1405 1
465 1
1405 0
100 1
3171 0
100 0
791 1
791 0
5231 1
1936 1
465 0
1936 0
1477 1
5231 0
352 1
1477 0
3040 1
2037 1
352 0
1966 1
2037 0
3040 0
1746 1
1746 0
1324 1
1966 0
1980 1
4248 1
5299 1
1323 1
1324 0
1323 0
5299 0
1329 1
4249 1
1329 0
4249 0
1980 0
1992 1
426 1
1992 0
2189 1
5265 1
860 1
5265 0
1135 1
2189 0
4248 0
3045 1
860 0
1858 1
2072 1
1135 0
1858 0
1856 1
3045 0
3953 1
658 1
659 1
5279 1
426 0
1856 0
3112 1
3112 0
418 1
1523 1
2072 0
5116 1
418 0
5278 1
5279 0
3953 0
1328 1
5497 1
1523 0
4692 1
659 0
5497 0
2048 1
5278 0
540 1
1328 0
4655 1
2048 0
4497 1
4498 1
540 0
1349 1
2894 1
4498 0
1207 1
1207 0
1091 1
1060 1
2894 0
1060 0
4654 1
4655 0
4497 0
30 1
5502 1
30 0
1091 0
1089 1
658 0
1236 1
808 1
4692 0
4654 0
2173 1
1089 0
218 1
4275 1
2185 1
5104 1
4275 0
2451 1
2185 0
808 0
2150 1
2150 0
5116 0
1090 1
218 0
1090 0
597 1
2451 0
5290 1
597 0
1236 0
5104 0
2173 0
4149 1
4532 1
5290 0
919 1
5502 0
4532 0
636 1
636 0
5182 1
507 1
919 0
2296 1
5182 0
1349 0
1378 1
4149 0
2125 1
2125 0
4596 1
2295 1
2296 0
2295 0
5004 1
4596 0
4095 1
3928 1
5004 0
507 0
949 1
4095 0
4594 1
1280 1
3928 0
1280 0
3915 1
4593 1
4594 0
1378 0
1305 1
3252 1
3915 0
1255 1
1305 0
949 0
1202 1
4593 0
2183 1
4566 1
3252 0
3917 1
4566 0
2183 0
2106 1
1338 1
1202 0
2105 1
2106 0
1338 0
3118 1
1346 1
1255 0
1958 1
2105 0
3917 0
3925 1
1347 1
1346 0
318 1
3118 0
1958 0
4515 1
32 1
1347 0
1274 1
318 0
4515 0
1516 1
1274 0
99 1
31 1
99 0
924 1
31 0
1221 1
1221 0
32 0
1220 1
924 0
4892 1
4892 0
1220 0
833 1
3925 0
1516 0
1515 1
2180 1
1515 0
1203 1
833 0
2836 1
1203 0
2180 0
3340 1
2140 1
2836 0
2385 1
3340 0
2140 0
3932 1
3932 0
4055 1
4054 1
4055 0
3433 1
2385 0
4054 0
4363 1
872 1
3433 0
4053 1
4363 0
4057 1
4053 0
4057 0
4056 1
3536 1
872 0
4739 1
4056 0
830 1
4739 0
830 0
5277 1
2681 1
5277 0
4089 1
2681 0
4724 1
4089 0
3518 1
3536 0
4724 0
266 1
3518 0
3535 1
35 1
266 0
2386 1
3535 0
2386 0
111 1
35 0
4790 1
3612 1
111 0
4790 0
3523 1
3612 0
870 1
871 1
870 0
871 0
4969 1
3523 0
3524 1
4455 1
4969 0
5117 1
3524 0
2862 1
4455 0
2862 0
3597 1
5117 0
322 1
2492 1
3597 0
4725 1
2492 0
322 0
3414 1
3414 0
4725 0
