7259 1
7258 1
7259 0
2089 1
7258 0
7257 1
572 1
2089 0
2104 1
4293 1
7257 0
2104 0
573 1
572 0
2691 1
4293 0
2691 0
5132 1
573 0
2082 1
2082 0
608 1
5131 1
5131 0
6358 1
4882 1
6039 1
5128 1
4882 0
3676 1
3676 0
6039 0
5132 0
6358 0
4039 1
608 0
609 1
5128 0
6015 1
609 0
4039 0
4040 1
6015 0
6016 1
4040 0
5621 1
4047 1
5621 0
4047 0
4046 1
6016 0
2493 1
5845 1
4046 0
2493 0
2492 1
800 1
2492 0
4093 1
5845 0
4093 0
6551 1
800 0
6028 1
124 1
1848 1
124 0
4269 1
4270 1
6551 0
6552 1
6552 0
4269 0
1848 0
6028 0
6048 1
6048 0
2093 1
4270 0
2434 1
1947 1
2093 0
2433 1
2434 0
810 1
2433 0
1947 0
1969 1
4795 1
332 1
1969 0
810 0
5556 1
811 1
811 0
1259 1
1259 0
1907 1
4795 0
1907 0
6652 1
332 0
5556 0
832 1
832 0
1654 1
1909 1
6652 0
1654 0
1655 1
1655 0
1557 1
705 1
1909 0
705 0
4670 1
4670 0
6923 1
1934 1
1556 1
417 1
1557 0
1556 0
1878 1
1878 0
1934 0
6923 0
6924 1
6924 0
1870 1
3429 1
417 0
1870 0
1871 1
3429 0
458 1
1871 0
1858 1
458 0
1995 1
1995 0
1994 1
1857 1
1858 0
1857 0
7109 1
2001 1
1994 0
2001 0
2000 1
1997 1
2000 0
7109 0
2662 1
1862 1
1997 0
2662 0
5066 1
5066 0
1939 1
1862 0
5314 1
5314 0
871 1
1119 1
871 0
1939 0
3636 1
1119 0
1988 1
3636 0
1936 1
7006 1
1988 0
7006 0
7007 1
1937 1
1936 0
4473 1
7007 0
3601 1
1937 0
6056 1
4473 0
3601 0
3585 1
6056 0
2088 1
3585 0
2199 1
2088 0
303 1
3635 1
2199 0
303 0
304 1
3635 0
3637 1
3637 0
3631 1
167 1
5313 1
304 0
67 1
6223 1
3632 1
5312 1
5313 0
5312 0
6223 0
3631 0
3632 0
67 0
167 0
