3693 1
2702 1
3950 1
3693 0
2701 1
2702 0
2701 0
4472 1
286 1
2742 1
4472 0
4018 1
286 0
2416 1
2694 1
3950 0
2694 0
1756 1
2416 0
2742 0
3458 1
4018 0
3458 0
1263 1
1263 0
3635 1
1756 0
1172 1
1638 1
1172 0
1784 1
3635 0
1638 0
3653 1
1783 1
1784 0
3636 1
1783 0
3653 0
4895 1
4895 0
2220 1
2220 0
965 1
1811 1
3636 0
1762 1
965 0
170 1
1811 0
1762 0
4645 1
170 0
1145 1
1510 1
2486 1
3551 1
4645 0
3551 0
3219 1
3219 0
1510 0
1145 0
1778 1
2486 0
4670 1
4670 0
1290 1
3642 1
1778 0
4387 1
1290 0
3451 1
3642 0
4387 0
4831 1
3451 0
1801 1
4836 1
2160 1
2823 1
4836 0
2160 0
2161 1
4831 0
854 1
2823 0
1820 1
2161 0
4778 1
1820 0
5124 1
4968 1
4778 0
854 0
4993 1
5203 1
5124 0
3387 1
5203 0
4968 0
1423 1
4993 0
663 1
4771 1
1423 0
4703 1
663 0
4703 0
1690 1
4771 0
1692 1
1691 1
1690 0
3443 1
1801 0
3387 0
47 1
1691 0
1692 0
3436 1
3443 0
4742 1
3436 0
47 0
3613 1
4742 0
3991 1
3613 0
902 1
902 0
903 1
1819 1
3991 0
903 0
3004 1
4759 1
4135 1
5365 1
4135 0
1819 0
2340 1
4759 0
2340 0
5395 1
3004 0
5365 0
4237 1
5394 1
5395 0
5394 0
3618 1
3618 0
3519 1
2339 1
4237 0
2339 0
3519 0
572 1
298 1
298 0
373 1
373 0
971 1
572 0
694 1
2378 1
971 0
694 0
693 1
2378 0
4647 1
4494 1
4647 0
693 0
4015 1
4199 1
4494 0
4015 0
189 1
5144 1
189 0
3989 1
4199 0
1068 1
1804 1
1041 1
1624 1
1041 0
1080 1
1804 0
1624 0
1185 1
1068 0
1297 1
3989 0
3263 1
1080 0
1185 0
1184 1
3270 1
3263 0
1016 1
5144 0
4588 1
1184 0
4588 0
3820 1
5224 1
1297 0
1016 0
1031 1
642 1
5224 0
3270 0
1632 1
395 1
395 0
1 1
1 0
4486 1
1602 1
3820 0
1602 0
1558 1
1031 0
4409 1
1558 0
1557 1
4409 0
1107 1
642 0
3664 1
1588 1
1557 0
3664 0
3994 1
1588 0
1569 1
4483 1
4486 0
4483 0
4485 1
2033 1
2033 0
4364 1
2307 1
4364 0
1632 0
4408 1
1107 0
4485 0
1569 0
1570 1
652 1
3994 0
4408 0
4117 1
1570 0
1573 1
2307 0
2251 1
2079 1
652 0
2079 0
3996 1
1157 1
4117 0
3286 1
2251 0
2045 1
1586 1
2045 0
1604 1
1604 0
59 1
1544 1
1544 0
1556 1
1556 0
1573 0
1585 1
1586 0
1585 0
1188 1
1188 0
4527 1
3286 0
4527 0
4525 1
3996 0
3995 1
4194 1
1157 0
1076 1
1076 0
1934 1
1932 1
1932 0
1934 0
2159 1
4194 0
3995 0
2028 1
458 1
4525 0
4529 1
458 0
4530 1
4529 0
2028 0
2006 1
2006 0
3482 1
2159 0
146 1
3977 1
146 0
59 0
1587 1
3977 0
1134 1
1587 0
3557 1
2348 1
3482 0
1597 1
3557 0
4393 1
4530 0
5498 1
2348 0
4393 0
3559 1
1134 0
2841 1
5315 1
3559 0
1597 0
1598 1
1814 1
5315 0
5498 0
4980 1
2841 0
3484 1
2403 1
4980 0
1598 0
1590 1
3573 1
1814 0
2403 0
573 1
3567 1
1590 0
3561 1
3567 0
3577 1
3573 0
152 1
3484 0
3578 1
3577 0
3578 0
5152 1
3561 0
490 1
5017 1
5152 0
4730 1
5017 0
4729 1
490 0
152 0
4357 1
4730 0
4729 0
573 0
3056 1
3056 0
5173 1
4357 0
4218 1
5173 0
1993 1
2326 1
2239 1
1537 1
435 1
4218 0
2244 1
2244 0
2239 0
435 0
1612 1
2326 0
1612 0
4816 1
1993 0
4816 0
4881 1
4881 0
4880 1
5323 1
1537 0
4880 0
4882 1
5323 0
2995 1
3686 1
4882 0
3686 0
3712 1
2995 0
1906 1
2399 1
2399 0
3011 1
1906 0
2344 1
2344 0
5053 1
3011 0
3712 0
3684 1
5053 0
445 1
445 0
1594 1
3684 0
3676 1
3676 0
3710 1
1594 0
1593 1
3009 1
1593 0
3009 0
223 1
3711 1
3710 0
4681 1
223 0
4680 1
4681 0
1337 1
4680 0
5131 1
1337 0
3553 1
3711 0
3553 0
3701 1
5131 0
5133 1
4391 1
3701 0
4568 1
5133 0
4391 0
1699 1
4568 0
4569 1
1698 1
1699 0
1698 0
1254 1
4569 0
241 1
242 1
241 0
4925 1
668 1
1254 0
4925 0
242 0
668 0
