79 1
5184 1
1541 1
80 1
79 0
80 0
4501 1
5184 0
1541 0
1542 1
4501 0
503 1
1542 0
2091 1
503 0
504 1
2091 0
6580 1
4179 1
504 0
4179 0
6036 1
6578 1
6579 1
6578 0
6579 0
6580 0
989 1
988 1
2095 1
989 0
988 0
5021 1
6036 0
2095 0
2096 1
5020 1
5021 0
1688 1
2096 0
4240 1
5020 0
1943 1
1688 0
1452 1
4240 0
6968 1
1943 0
6047 1
6968 0
2431 1
2431 0
6962 1
1452 0
537 1
6963 1
6963 0
537 0
6047 0
6094 1
6962 0
6454 1
6094 0
6954 1
6454 0
4381 1
6954 0
6967 1
6967 0
1950 1
4381 0
4380 1
1876 1
4380 0
1876 0
3987 1
3986 1
3987 0
1899 1
1889 1
1889 0
1888 1
1950 0
1951 1
1951 0
1899 0
64 1
64 0
963 1
3986 0
963 0
2014 1
2013 1
2014 0
4242 1
1888 0
4241 1
4242 0
2013 0
664 1
664 0
5921 1
5921 0
7710 1
6555 1
4241 0
6555 0
6053 1
7710 0
3459 1
6053 0
1925 1
1981 1
3459 0
1057 1
1981 0
1925 0
7671 1
7010 1
1057 0
7011 1
7010 0
7108 1
7671 0
7108 0
7107 1
7011 0
7009 1
7107 0
7665 1
7009 0
878 1
7665 0
7030 1
7024 1
878 0
7030 0
7362 1
720 1
7024 0
7027 1
720 0
3371 1
7362 0
7027 0
7041 1
7218 1
7041 0
3371 0
7028 1
7028 0
7181 1
7029 1
7029 0
7031 1
7181 0
7032 1
7032 0
7217 1
7218 0
7217 0
4201 1
4844 1
4201 0
7031 0
7037 1
4844 0
7037 0
