1554 1
896 1
707 1
1554 0
5018 1
707 0
6136 1
6136 0
1463 1
1396 1
5018 0
1301 1
1396 0
5341 1
1301 0
1463 0
1281 1
2072 1
1281 0
797 1
2052 1
5341 0
1299 1
1299 0
2072 0
897 1
896 0
796 1
6813 1
3341 1
3341 0
2052 0
796 0
797 0
962 1
897 0
962 0
6139 1
6813 0
719 1
872 1
719 0
872 0
794 1
6140 1
258 1
5775 1
5774 1
6139 0
5776 1
5776 0
5775 0
6140 0
258 0
7207 1
794 0
1286 1
5774 0
7207 0
757 1
757 0
726 1
6144 1
1286 0
726 0
7399 1
6144 0
6142 1
6142 0
2378 1
6977 1
7399 0
2378 0
847 1
6977 0
6978 1
847 0
769 1
3449 1
769 0
6980 1
6978 0
1443 1
6980 0
3450 1
3449 0
6348 1
1443 0
5671 1
6348 0
4698 1
3212 1
4698 0
264 1
2081 1
2081 0
3450 0
3212 0
5670 1
5671 0
1048 1
5670 0
264 0
2106 1
2106 0
5943 1
1048 0
6018 1
6335 1
5943 0
6018 0
859 1
201 1
6335 0
859 0
1693 1
1572 1
201 0
6435 1
1693 0
4880 1
1572 0
1320 1
1576 1
6435 0
1320 0
1576 0
6103 1
4880 0
4031 1
1864 1
4031 0
6108 1
1864 0
569 1
6103 0
445 1
569 0
5675 1
445 0
580 1
6108 0
5675 0
2542 1
6812 1
7845 1
72 1
72 0
2542 0
7055 1
7055 0
6812 0
3582 1
580 0
7845 0
7844 1
3582 0
803 1
7844 0
4681 1
940 1
803 0
117 1
940 0
1605 1
4681 0
1605 0
7702 1
1931 1
7702 0
117 0
4055 1
7678 1
1931 0
439 1
7678 0
905 1
4055 0
439 0
440 1
440 0
5673 1
5674 1
5673 0
5674 0
7552 1
7552 0
7618 1
7395 1
7618 0
905 0
156 1
156 0
219 1
7395 0
7067 1
2556 1
7067 0
219 0
965 1
512 1
965 0
5431 1
2556 0
5431 0
5438 1
4716 1
512 0
4716 0
1987 1
5138 1
5438 0
1987 0
6816 1
6816 0
3507 1
5138 0
4139 1
4139 0
4071 1
3507 0
3617 1
3617 0
2808 1
2808 0
2798 1
3643 1
4071 0
3643 0
3616 1
3616 0
1816 1
1816 0
2847 1
2798 0
3261 1
3260 1
3261 0
2847 0
3600 1
3608 1
3600 0
3260 0
1249 1
3608 0
2123 1
1250 1
1249 0
967 1
2123 0
1250 0
1254 1
3614 1
967 0
3494 1
1254 0
975 1
3494 0
975 0
1003 1
7298 1
3614 0
405 1
7298 0
1003 0
2118 1
405 0
3475 1
2118 0
354 1
354 0
118 1
3475 0
3476 1
3476 0
5499 1
1035 1
118 0
1035 0
3489 1
5499 0
5500 1
3489 0
3488 1
3465 1
3488 0
3465 0
3464 1
5501 1
5500 0
2719 1
5501 0
3419 1
2719 0
3418 1
3419 0
3464 0
4065 1
5853 1
4065 0
5853 0
3418 0
