978 1
4206 1
978 0
991 1
991 0
4744 1
2842 1
2376 1
2376 0
4206 0
7049 1
2842 0
4744 0
4782 1
7040 1
7049 0
4782 0
4830 1
7040 0
7039 1
48 1
7039 0
4833 1
4830 0
3158 1
48 0
4780 1
4833 0
4780 0
4781 1
4634 1
3158 0
4634 0
4656 1
4723 1
4781 0
2114 1
4656 0
4828 1
4725 1
4723 0
4725 0
4826 1
4827 1
4828 0
3167 1
2114 0
4205 1
4825 1
4825 0
4826 0
4838 1
4837 1
4837 0
4205 0
4827 0
7155 1
3166 1
3166 0
3167 0
4601 1
6434 1
6434 0
1202 1
1202 0
7155 0
4838 0
359 1
359 0
7231 1
7231 0
7230 1
4601 0
4600 1
7230 0
7672 1
7672 0
4797 1
3163 1
4600 0
3163 0
4426 1
4426 0
5514 1
5514 0
5507 1
4797 0
41 1
41 0
4238 1
4238 0
2688 1
5507 0
1125 1
2688 0
2490 1
1125 0
4213 1
2490 0
1379 1
4213 0
4210 1
2695 1
4210 0
4273 1
4273 0
4295 1
4296 1
4296 0
4250 1
1379 0
4295 0
2695 0
2694 1
4250 0
4294 1
4294 0
2219 1
4282 1
2694 0
938 1
2219 0
938 0
939 1
2210 1
939 0
4283 1
4307 1
4303 1
2023 1
2024 1
2024 0
4282 0
4303 0
4307 0
136 1
136 0
2059 1
4283 0
2059 0
4251 1
2211 1
2210 0
4290 1
509 1
4290 0
508 1
508 0
2211 0
4251 0
2023 0
5758 1
4351 1
5758 0
6430 1
509 0
2494 1
4351 0
4783 1
2221 1
6430 0
2221 0
4752 1
6429 1
6429 0
6431 1
4783 0
51 1
2494 0
6431 0
51 0
5886 1
4752 0
689 1
3439 1
689 0
5885 1
5886 0
3440 1
3439 0
3440 0
4969 1
5885 0
2396 1
4969 0
4305 1
2397 1
2396 0
4165 1
4305 0
1679 1
4165 0
2397 0
2422 1
1679 0
3228 1
3229 1
3228 0
2422 0
2407 1
7392 1
3229 0
2407 0
1136 1
1136 0
139 1
7392 0
562 1
139 0
1922 1
7594 1
562 0
1922 0
5958 1
5958 0
5959 1
7594 0
7593 1
5960 1
2641 1
1771 1
7593 0
2435 1
2641 0
5960 0
6493 1
6396 1
5901 1
5901 0
5959 0
6396 0
1803 1
2435 0
1803 0
1804 1
1771 0
1770 1
1828 1
5868 1
5869 1
5869 0
1804 0
5868 0
6492 1
1770 0
2791 1
6491 1
6491 0
6492 0
6493 0
2791 0
1828 0
