1713 1
1714 1
3335 1
3640 1
4063 1
4063 0
1714 0
4064 1
3637 1
976 1
1709 1
3637 0
1709 0
1713 0
3640 0
3334 1
3335 0
3644 1
3334 0
4573 1
4573 0
976 0
1720 1
4016 1
618 1
1720 0
4016 0
4064 0
4554 1
3644 0
4556 1
4554 0
4556 0
428 1
2425 1
618 0
2429 1
2425 0
5405 1
428 0
2429 0
2285 1
1374 1
2285 0
1283 1
5405 0
1283 0
1778 1
2504 1
1374 0
1717 1
2504 0
3642 1
1778 0
1809 1
1717 0
1809 0
1822 1
1821 1
1822 0
3451 1
3642 0
1801 1
3451 0
1582 1
1821 0
3472 1
1582 0
1801 0
3443 1
3472 0
3469 1
3469 0
1802 1
3443 0
3546 1
3546 0
4349 1
535 1
4349 0
1802 0
3548 1
536 1
535 0
3018 1
3548 0
536 0
3797 1
3018 0
2336 1
3017 1
2336 0
3797 0
3796 1
3017 0
1732 1
3796 0
1286 1
3879 1
1732 0
3879 0
1735 1
1286 0
2337 1
1070 1
2337 0
1070 0
1735 0
685 1
1461 1
1461 0
650 1
685 0
689 1
650 0
2457 1
687 1
1245 1
1245 0
689 0
176 1
176 0
688 1
688 0
1722 1
2457 0
1722 0
163 1
1153 1
687 0
3473 1
163 0
3473 0
289 1
524 1
1153 0
675 1
3821 1
289 0
3821 0
3214 1
524 0
434 1
3214 0
3470 1
675 0
3474 1
3470 0
434 0
463 1
3976 1
3474 0
3972 1
463 0
968 1
1545 1
1545 0
256 1
256 0
1576 1
1576 0
5167 1
968 0
1566 1
1574 1
1566 0
4522 1
5167 0
1580 1
1574 0
3972 0
1232 1
662 1
3976 0
1232 0
396 1
1611 1
4522 0
755 1
662 0
1580 0
1581 1
3087 1
1581 0
4386 1
1611 0
1002 1
4386 0
397 1
396 0
644 1
755 0
3087 0
1340 1
4524 1
1002 0
1340 0
1601 1
1601 0
1608 1
2954 1
397 0
3333 1
1608 0
2954 0
236 1
3576 1
3333 0
1883 1
4524 0
1610 1
3480 1
2347 1
4239 1
4239 0
644 0
2301 1
2027 1
2027 0
3480 0
1883 0
1268 1
2086 1
1268 0
2086 0
2087 1
236 0
1292 1
1292 0
1910 1
1610 0
1293 1
1293 0
1911 1
1894 1
1894 0
3576 0
3774 1
2087 0
3556 1
3774 0
3571 1
3556 0
3581 1
1911 0
2861 1
1910 0
212 1
3581 0
3571 0
212 0
2347 0
5399 1
5343 1
660 1
660 0
4545 1
5343 0
2768 1
2768 0
2301 0
5399 0
2861 0
3798 1
4448 1
3798 0
4448 0
3483 1
1468 1
3483 0
4545 0
1968 1
5171 1
1968 0
1806 1
5171 0
2268 1
1468 0
1806 0
3682 1
3979 1
3682 0
2268 0
1592 1
1592 0
2325 1
1903 1
3979 0
2322 1
2325 0
2323 1
2322 0
1903 0
556 1
556 0
661 1
2323 0
3423 1
661 0
5128 1
3423 0
3010 1
3714 1
5128 0
3010 0
270 1
2077 1
270 0
3689 1
3714 0
1124 1
2077 0
3689 0
5207 1
5207 0
5208 1
5345 1
5345 0
2396 1
2396 0
4083 1
4083 0
1862 1
1861 1
1125 1
3396 1
3396 0
1862 0
1124 0
4830 1
4830 0
1125 0
1861 0
3680 1
3680 0
5208 0
