3048 1
4550 1
3048 0
2739 1
2738 1
2739 0
1133 1
4550 0
4405 1
2738 0
3936 1
4405 0
1133 0
5310 1
5310 0
5309 1
4872 1
5309 0
3936 0
121 1
122 1
121 0
4555 1
4872 0
4555 0
4782 1
4204 1
4782 0
4246 1
4204 0
2762 1
275 1
4246 0
275 0
4112 1
1719 1
2900 1
2158 1
2158 0
2900 0
358 1
122 0
1719 0
2762 0
2882 1
4112 0
2881 1
2882 0
2860 1
2881 0
2860 0
2843 1
2843 0
2858 1
420 1
358 0
2914 1
3347 1
2914 0
3347 0
2864 1
5079 1
4255 1
4255 0
2858 0
2435 1
5079 0
2558 1
2849 1
2558 0
2864 0
2916 1
2720 1
562 1
2720 0
2435 0
420 0
2849 0
2916 0
2809 1
2919 1
2809 0
2919 0
1488 1
2850 1
562 0
2850 0
268 1
1488 0
5150 1
2853 1
268 0
2933 1
2853 0
2316 1
5150 0
347 1
2316 0
2863 1
347 0
2937 1
2933 0
2863 0
1079 1
1078 1
2937 0
1079 0
1078 0
1504 1
1389 1
1389 0
1487 1
3869 1
1487 0
1505 1
1505 0
1508 1
1504 0
1508 0
4863 1
1486 1
3869 0
4863 0
722 1
1486 0
2925 1
49 1
2925 0
722 0
2346 1
49 0
1938 1
2346 0
405 1
3848 1
1938 0
405 0
4862 1
466 1
4862 0
3893 1
3138 1
1439 1
4243 1
4243 0
3848 0
3138 0
1913 1
3893 0
1913 0
2227 1
5202 1
1986 1
2227 0
2419 1
466 0
5202 0
8 1
882 1
8 0
1439 0
1796 1
45 1
2419 0
3625 1
1986 0
1796 0
1795 1
3625 0
4630 1
882 0
377 1
725 1
377 0
3190 1
4630 0
2923 1
1795 0
45 0
1085 1
5094 1
725 0
4235 1
5094 0
934 1
1085 0
4403 1
2923 0
3190 0
2188 1
4272 1
4403 0
931 1
934 0
2012 1
2012 0
2523 1
822 1
822 0
849 1
852 1
852 0
4235 0
2523 0
308 1
931 0
2188 0
5440 1
786 1
308 0
935 1
786 0
3751 1
5440 0
935 0
922 1
3751 0
4327 1
849 0
2473 1
790 1
4272 0
4434 1
790 0
154 1
4327 0
922 0
783 1
4434 0
1415 1
2473 0
5115 1
1281 1
783 0
1013 1
1281 0
154 0
1194 1
26 1
5115 0
128 1
1194 0
1013 0
0 1
5337 1
26 0
128 0
758 1
874 1
0 0
5337 0
2963 1
3838 1
874 0
1948 1
2963 0
3838 0
1217 1
4738 1
1415 0
4737 1
1217 0
460 1
758 0
460 0
4295 1
4702 1
4738 0
1948 0
44 1
797 1
4702 0
4295 0
747 1
3091 1
44 0
747 0
4299 1
4737 0
800 1
800 0
257 1
506 1
257 0
801 1
797 0
801 0
2969 1
4304 1
831 1
506 0
813 1
2968 1
2969 0
2988 1
4304 0
2390 1
813 0
3089 1
3089 0
4323 1
4299 0
4045 1
2988 0
728 1
831 0
3091 0
112 1
112 0
5220 1
215 1
215 0
2744 1
2390 0
728 0
741 1
2744 0
3287 1
2968 0
3287 0
3880 1
472 1
741 0
5220 0
98 1
472 0
1351 1
98 0
4592 1
3432 1
5113 1
4570 1
1830 1
4570 0
1830 0
3880 0
1222 1
1222 0
3432 0
1351 0
2639 1
565 1
2640 1
2639 0
565 0
4591 1
1278 1
5113 0
1385 1
4592 0
2126 1
1385 0
1278 0
2640 0
4591 0
4372 1
1211 1
4372 0
196 1
1211 0
544 1
4047 1
4047 0
4323 0
4045 0
196 0
2126 0
4321 1
4051 1
4321 0
3253 1
4051 0
160 1
544 0
33 1
160 0
4038 1
3253 0
2984 1
4038 0
1326 1
33 0
3935 1
1326 0
2984 0
3935 0
