2885 1
4373 1
475 1
4373 0
2885 0
2884 1
5482 1
5481 1
5482 0
2884 0
5481 0
3784 1
3784 0
4114 1
475 0
4041 1
518 1
4114 0
4041 0
5504 1
4984 1
5504 0
518 0
4708 1
4984 0
596 1
4708 0
5300 1
2554 1
5300 0
2553 1
2554 0
2553 0
4622 1
596 0
4170 1
2680 1
4170 0
5373 1
4622 0
5373 0
4615 1
2270 1
4615 0
2789 1
2680 0
2270 0
5032 1
5032 0
5219 1
2690 1
5219 0
2690 0
1760 1
1469 1
2789 0
1760 0
4407 1
3679 1
4407 0
3679 0
3390 1
1740 1
1469 0
1455 1
3390 0
1455 0
4779 1
1740 0
78 1
5101 1
4779 0
2529 1
2528 1
5101 0
2529 0
2631 1
2528 0
4032 1
2631 0
4032 0
1633 1
78 0
3358 1
1633 0
2420 1
380 1
380 0
2300 1
2727 1
4113 1
2300 0
3772 1
2783 1
2727 0
3772 0
2141 1
2783 0
2633 1
2420 0
4113 0
2773 1
2829 1
2773 0
3358 0
2297 1
2141 0
1148 1
3864 1
2829 0
2297 0
3050 1
2633 0
729 1
4657 1
3864 0
3051 1
3050 0
1436 1
1148 0
4657 0
3745 1
2764 1
3051 0
1436 0
1170 1
1170 0
2811 1
2811 0
2764 0
729 0
2543 1
3745 0
2751 1
2543 0
2541 1
2751 0
1509 1
2541 0
3810 1
5064 1
1509 0
3810 0
253 1
5064 0
5190 1
5190 0
205 1
2324 1
253 0
205 0
4583 1
4561 1
2324 0
2462 1
4583 0
2462 0
4750 1
4750 0
2679 1
581 1
5431 1
4561 0
4560 1
2593 1
2593 0
4560 0
581 0
2679 0
4585 1
4585 0
4584 1
5430 1
5431 0
3460 1
4584 0
2810 1
3802 1
5430 0
3110 1
3802 0
4652 1
4652 0
3460 0
3064 1
3822 1
2810 0
3661 1
3064 0
2043 1
3822 0
2043 0
3110 0
3143 1
3143 0
3150 1
3661 0
1028 1
1028 0
1101 1
3150 0
3126 1
1101 0
2759 1
5363 1
2759 0
3111 1
3126 0
4264 1
5363 0
3111 0
354 1
3222 1
3218 1
3136 1
3222 0
3218 0
1128 1
2409 1
1128 0
993 1
3177 1
993 0
3177 0
3136 0
3151 1
3167 1
3151 0
4264 0
4715 1
2409 0
2047 1
354 0
3141 1
3800 1
3167 0
3226 1
3800 0
4715 0
1223 1
3620 1
2047 0
349 1
3141 0
3620 0
371 1
4714 1
1223 0
4110 1
371 0
349 0
732 1
3226 0
379 1
379 0
338 1
3166 1
732 0
4110 0
3046 1
3166 0
5328 1
3163 1
338 0
3163 0
5328 0
2626 1
3046 0
5477 1
4714 0
5477 0
1410 1
2627 1
2626 0
1410 0
537 1
2627 0
4514 1
5026 1
4514 0
1407 1
537 0
5026 0
4513 1
1483 1
4513 0
1407 0
3586 1
1483 0
2233 1
4380 1
2233 0
2920 1
3586 0
4381 1
4380 0
4381 0
1434 1
4231 1
1434 0
1143 1
850 1
2064 1
4179 1
4231 0
2064 0
4179 0
5091 1
1143 0
5091 0
1506 1
1454 1
2920 0
105 1
850 0
105 0
601 1
1400 1
1454 0
4465 1
601 0
4465 0
2169 1
1506 0
1095 1
2169 0
2108 1
1096 1
4382 1
2108 0
1095 0
1096 0
1507 1
1056 1
1056 0
1400 0
4382 0
1390 1
1914 1
1507 0
1390 0
135 1
135 0
5097 1
5097 0
5098 1
72 1
1311 1
147 1
2867 1
2867 0
147 0
1914 0
937 1
72 0
1270 1
412 1
1421 1
412 0
1421 0
1420 1
699 1
1270 0
1345 1
699 0
1480 1
1054 1
3849 1
3849 0
1054 0
1420 0
1055 1
1334 1
1334 0
1480 0
5098 0
419 1
937 0
5187 1
419 0
508 1
1345 0
3740 1
1055 0
1098 1
3740 0
1098 0
5130 1
255 1
5187 0
5130 0
2785 1
508 0
1219 1
2575 1
2785 0
1311 0
2205 1
2575 0
315 1
315 0
362 1
300 1
255 0
362 0
1768 1
3705 1
300 0
1310 1
1219 0
1306 1
3795 1
3705 0
2205 0
2206 1
2206 0
1303 1
1302 1
1299 1
1302 0
1299 0
938 1
1768 0
1306 0
636 1
938 0
636 0
5182 1
4383 1
5182 0
4273 1
3795 0
4383 0
4092 1
4740 1
1310 0
4092 0
4384 1
2585 1
4273 0
457 1
4384 0
1304 1
1303 0
4740 0
133 1
457 0
940 1
2585 0
3863 1
1304 0
476 1
194 1
133 0
476 0
194 0
940 0
4566 1
3909 1
3863 0
4566 0
3917 1
3909 0
3908 1
3757 1
3908 0
3757 0
1655 1
1655 0
2753 1
2753 0
1491 1
3917 0
3852 1
1491 0
3539 1
3852 0
1235 1
1234 1
1235 0
359 1
3539 0
3933 1
1234 0
2132 1
3933 0
359 0
2922 1
2132 0
13 1
4025 1
13 0
4025 0
4074 1
4074 0
4198 1
2922 0
3430 1
4198 0
3916 1
1422 1
3430 0
1212 1
1422 0
3916 0
4065 1
1643 1
4065 0
48 1
1643 0
48 0
67 1
67 0
908 1
4667 1
908 0
3537 1
1212 0
4667 0
9 1
9 0
2944 1
4162 1
2944 0
2386 1
3537 0
2386 0
111 1
4406 1
111 0
4162 0
1350 1
136 1
1350 0
4406 0
2373 1
136 0
1737 1
2373 0
4969 1
4969 0
4455 1
4484 1
1737 0
4455 0
988 1
851 1
4484 0
3722 1
988 0
3943 1
3722 0
851 0
4022 1
3414 1
4022 0
3943 0
4725 1
3414 0
4725 0
