27 37.037
37 27.027
172 5.81395
24 41.6667
34 29.4118
25 40
24 41.6667
25 40
183 5.46448
24 41.6667
25 40
23 43.4783
31 32.2581
34 29.4118
33 30.303
33 30.303
34 29.4118
33 30.303
33 30.303
34 29.4118
40 25
28 35.7143
37 27.027
45 22.2222
35 28.5714
35 28.5714
30 33.3333
29 34.4828
30 33.3333
27 37.037
27 37.037
28 35.7143
29 34.4828
27 37.037
28 35.7143
27 37.037
33 30.303
33 30.303
34 29.4118
32 31.25
34 29.4118
33 30.303
33 30.303
34 29.4118
33 30.303
33 30.303
34 29.4118
33 30.303
33 30.303
34 29.4118
33 30.303
33 30.303
33 30.303
33 30.303
33 30.303
33 30.303
33 30.303
34 29.4118
33 30.303
33 30.303
33 30.303
34 29.4118
33 30.303
33 30.303
33 30.303
33 30.303
34 29.4118
33 30.303
33 30.303
34 29.4118
33 30.303
33 30.303
33 30.303
33 30.303
33 30.303
33 30.303
33 30.303
33 30.303
33 30.303
33 30.303
33 30.303
34 29.4118
33 30.303
33 30.303
34 29.4118
33 30.303
33 30.303
34 29.4118
33 30.303
33 30.303
34 29.4118
33 30.303
33 30.303
34 29.4118
33 30.303
33 30.303
34 29.4118
33 30.303
33 30.303
34 29.4118
33 30.303
33 30.303
34 29.4118
33 30.303
33 30.303
34 29.4118
33 30.303
33 30.303
34 29.4118
33 30.303
33 30.303
34 29.4118
33 30.303
33 30.303
34 29.4118
33 30.303
33 30.303
34 29.4118
33 30.303
34 29.4118
33 30.303
33 30.303
33 30.303
34 29.4118
33 30.303
33 30.303
34 29.4118
33 30.303
33 30.303
34 29.4118
33 30.303
