2552 149.767 1
22 149.767 1
5364 150.005 1
2179 150.005 1
2179 150.104 0
22 150.104 0
4439 150.145 1
2552 150.145 0
5364 150.26 0
4450 150.26 1
5353 150.294 1
4439 150.294 0
3072 150.511 1
5353 150.511 0
4450 151.129 0
4453 151.129 1
3072 151.483 0
2638 151.483 1
3756 151.755 1
2638 151.755 0
2279 151.895 1
4462 151.895 1
4453 151.962 0
2279 151.962 0
2676 153.461 1
3756 153.461 0
4452 153.837 1
4462 153.837 0
2676 154.195 0
3910 154.195 1
4452 155.099 0
4459 155.099 1
1163 157.089 1
3910 157.089 0
1163 158.238 0
4334 158.238 1
4460 159.083 1
4459 159.083 0
4460 159.625 0
1736 159.625 1
1061 160.551 1
4334 160.551 0
1736 161.341 0
3877 161.341 1
1061 163.121 0
2659 163.121 1
2225 164.197 1
4166 166.374 1
2225 166.374 0
451 166.657 1
4166 166.657 0
499 166.658 1
3224 166.658 1
3877 166.658 0
3224 166.658 0
2659 167.792 0
2661 167.792 1
2660 168.602 1
2661 168.602 0
2660 170.047 0
2433 170.047 1
2434 173.043 1
2433 173.043 0
3393 176.797 1
2434 176.797 0
3552 179.345 1
3393 179.345 0
2641 181.275 1
3552 181.275 0
452 181.653 1
451 181.653 0
452 182.603 0
473 182.603 1
474 182.613 1
5056 182.613 1
499 182.613 0
5056 182.613 0
473 183.323 0
2641 186.409 0
4257 186.409 1
2414 190.296 1
4257 190.296 0
2414 194.536 0
2432 194.536 1
2432 196.631 0
2821 196.631 1
4086 198.415 1
474 198.415 0
2822 200.197 1
2821 200.197 0
303 202.989 1
4799 202.989 1
303 203.17 0
1630 203.585 1
4799 203.585 0
5344 203.664 1
5344 203.664 0
2845 203.664 1
2852 203.664 1
2852 203.664 0
4487 203.664 1
2210 205.034 1
4086 205.034 0
1797 205.358 1
4286 205.358 1
4797 206.025 1
3723 206.025 1
4487 206.025 0
4797 206.025 0
1797 206.282 0
1630 206.282 0
3961 206.3 1
2845 206.3 0
4286 207.088 0
4287 207.088 1
3997 207.468 1
2822 207.468 0
3961 208.027 0
1430 208.027 1
3997 209.397 0
2958 209.397 1
2210 209.801 0
1154 209.801 1
5329 209.948 1
1429 209.996 1
1430 209.996 0
2958 210.05 0
5329 211.361 0
5445 211.361 1
3957 211.442 1
3723 211.442 0
3957 211.442 0
471 211.442 1
1154 211.494 0
471 211.494 0
1169 212.029 1
1169 212.094 0
4287 212.094 0
1429 212.146 0
1362 212.146 1
1362 215.66 0
1763 215.66 1
1763 218.708 0
1702 218.708 1
1765 219.793 1
5445 219.793 0
1805 223.399 1
1702 223.399 0
306 226.206 1
1765 226.206 0
1805 228.612 0
342 228.612 1
342 229.478 0
3964 229.478 1
306 233.159 0
4879 233.159 1
3964 236.167 0
3962 236.167 1
2939 237.282 1
4879 237.282 0
3659 241.159 1
3962 241.159 0
2939 241.642 0
5157 241.642 1
3659 244.573 0
3660 244.573 1
4613 249.259 1
4617 249.759 1
4616 249.759 1
4616 249.759 0
3153 249.759 1
3153 249.759 0
3660 249.759 0
4613 250.348 0
4617 255.968 0
5137 255.968 1
3058 262.116 1
5157 262.116 0
5444 264.362 1
5444 264.431 0
1239 264.431 1
1663 264.492 1
5137 264.492 0
2525 264.492 1
1663 264.492 0
1239 265.228 0
3058 265.42 0
1382 265.42 1
3247 288.403 1
2525 288.403 0
443 289.52 1
3828 289.787 1
3828 289.787 0
5467 289.787 1
5467 289.787 0
1382 289.787 0
2508 289.787 1
443 290.465 0
3247 290.971 0
1651 290.971 1
1651 303.295 0
4846 303.295 1
2508 306.605 0
939 306.605 1
939 309.138 0
2948 309.138 1
1704 309.655 1
4846 309.655 0
1704 311.37 0
4473 311.37 1
3448 315.261 1
4473 315.261 0
3448 318.727 0
1652 318.727 1
1884 319.344 1
1652 319.344 0
566 321.174 1
3239 321.494 1
3239 321.494 0
2129 321.494 1
2948 321.494 0
566 321.96 0
3066 324.488 1
3116 324.488 1
4033 324.5 1
3116 324.5 0
4033 324.534 0
3122 324.534 1
3066 324.604 0
2483 324.604 1
5437 324.867 1
2483 324.867 0
3122 324.957 0
958 324.957 1
4605 325.762 1
5437 325.762 0
166 326.2 1
217 326.2 1
166 326.2 0
4288 326.2 1
217 326.2 0
2510 326.2 1
2510 326.2 0
958 326.2 0
3773 326.361 1
3076 326.57 1
2129 326.57 0
3773 326.732 0
1748 328.344 1
1748 328.417 0
4177 328.417 1
4177 328.552 0
2061 328.553 1
4605 328.553 0
2061 328.553 0
2053 328.553 1
2053 328.553 0
453 328.553 1
1884 329.074 0
3305 329.074 1
168 330.344 1
4288 330.344 0
3076 331.234 0
1252 331.234 1
168 331.247 0
4504 331.247 1
3306 331.514 1
3305 331.514 0
453 332.469 0
4176 332.469 1
4176 334.167 0
3924 334.167 1
4504 335.491 0
3438 335.491 1
248 336.607 1
1252 336.607 0
3304 336.733 1
3306 336.733 0
869 337.312 1
3438 337.312 0
3304 338.034 0
1266 338.034 1
273 338.157 1
3924 338.157 0
1567 338.772 1
1266 338.772 0
3088 340.834 1
3082 340.834 1
248 340.889 0
3082 340.889 0
274 341.611 1
273 341.611 0
869 342.676 0
3105 343.172 1
3085 343.555 1
3088 343.555 0
3085 343.621 0
3067 343.621 1
1567 343.734 0
454 343.734 1
3067 344.574 0
3105 344.574 0
454 346.887 0
1840 346.887 1
1997 347.514 1
2052 347.514 1
2052 347.514 0
274 347.514 0
1546 347.514 1
1997 347.514 0
3395 347.529 1
3071 347.584 1
3395 347.822 0
3071 347.822 0
1840 352.2 0
1841 352.2 1
1392 354.868 1
1841 354.868 0
2022 358.219 1
1546 358.219 0
3254 359.686 1
1392 359.686 0
2023 359.897 1
2022 359.897 0
281 360.988 1
2023 360.988 0
3254 368.499 0
489 368.499 1
1614 370.303 1
489 370.303 0
1614 371.296 0
1615 371.296 1
4706 373.682 1
281 373.682 0
2551 377.022 1
4706 377.022 0
1616 377.071 1
1615 377.071 0
1974 381.748 1
2551 381.748 0
1616 383.523 0
1617 383.523 1
1617 384.285 0
144 384.285 1
1974 385.998 0
1977 385.998 1
144 387.757 0
87 387.757 1
1685 390.61 1
87 390.61 0
3301 393.21 1
1685 393.21 0
411 396.016 1
1977 396.016 0
422 397.971 1
411 397.971 0
5503 404.514 1
422 404.514 0
1983 407.372 1
5503 407.372 0
2260 415.729 1
1982 416.402 1
1983 416.402 0
5241 418.445 1
5240 418.445 1
5240 418.829 0
4094 418.829 1
4094 419.225 0
1131 419.225 1
1226 419.255 1
399 419.277 1
1011 419.277 1
1011 419.277 0
400 419.277 1
400 419.277 0
5241 419.277 0
3890 419.277 1
3890 419.277 0
1226 419.312 0
1131 420.036 0
3321 420.036 1
1982 420.213 0
1985 420.213 1
3327 420.765 1
1870 420.765 1
2260 420.78 0
1870 420.78 0
3292 420.861 1
3301 420.861 0
4922 421.031 1
2110 421.031 1
399 421.043 0
2110 421.043 0
4923 422.017 1
4341 422.017 1
4923 422.056 0
4922 422.056 0
177 422.243 1
3321 422.243 0
4340 422.259 1
3327 423.337 0
4341 423.792 0
2066 423.792 1
2066 423.955 0
487 423.955 1
4340 424.034 0
486 424.034 1
1258 424.034 1
1258 424.034 0
177 425.655 0
3236 425.655 1
487 425.939 0
3236 426.427 0
3384 426.427 1
1257 428.395 1
486 428.395 0
1985 428.574 0
4936 428.574 1
1257 429.207 0
1864 429.207 1
3235 429.504 1
3384 429.504 0
1186 433.369 1
3235 433.369 0
1864 435.79 0
361 435.79 1
4936 436.646 0
5165 436.646 1
3564 436.947 1
1186 436.947 0
4140 438.504 1
361 438.504 0
3291 440.87 1
3292 440.87 0
5165 441.134 0
5164 441.134 1
4140 444.093 0
2228 444.093 1
3291 444.646 0
3616 444.646 1
3564 450.067 0
3812 450.067 1
4712 450.652 1
5164 450.652 0
4183 452.226 1
4712 452.226 0
3799 452.375 1
3616 452.375 0
1273 454.96 1
3799 454.96 0
3812 455.908 0
2224 455.908 1
4954 456.352 1
2224 456.418 0
4183 457.029 0
1964 457.029 1
4953 457.098 1
4954 457.098 0
2228 457.217 0
384 457.998 1
4139 457.998 1
4953 458.11 0
5105 458.11 1
4139 458.241 0
384 458.621 0
381 458.621 1
1273 461.346 0
3615 461.346 1
5105 463.883 0
3558 463.883 1
3606 463.925 1
3615 463.925 0
1964 464.764 0
4233 464.764 1
3607 465.564 1
3606 465.564 0
3609 465.83 1
3558 465.83 0
5205 466.373 1
3607 466.373 0
5205 467.062 0
3609 467.062 0
4233 468.67 0
4901 468.67 1
381 469.798 0
440 469.798 1
440 470.964 0
3585 470.964 1
4943 474.97 1
4901 474.97 0
3585 479.364 0
4370 479.364 1
4370 480.019 0
812 480.019 1
884 480.442 1
812 480.442 0
4942 482.527 1
4943 482.527 0
4942 487.058 0
3718 487.058 1
884 490.644 0
1242 490.644 1
3718 493.037 0
3717 493.037 1
1242 494.093 0
1243 494.093 1
3666 498.738 1
1243 498.738 0
3717 504.214 0
3683 504.214 1
3666 507.321 0
432 507.321 1
432 512.386 0
3392 512.386 1
1514 513.682 1
3671 513.682 1
3683 513.745 0
2388 513.745 1
2218 513.745 1
2388 513.745 0
2218 513.745 0
5161 513.745 1
1514 513.964 0
3392 519.669 0
1301 519.669 1
207 523.901 1
292 523.901 1
5161 524.13 0
4079 524.13 1
5269 524.13 1
5269 524.13 0
207 524.369 0
1301 524.864 0
3402 524.864 1
3671 524.933 0
292 524.933 0
3402 526.582 0
3403 526.582 1
1790 530.915 1
3403 530.915 0
1790 533.718 0
3398 533.718 1
3398 534.459 0
5284 534.459 1
5282 536.293 1
5284 536.293 0
4079 536.8 0
5107 536.8 1
1900 536.951 1
4394 536.951 1
906 536.953 1
1900 536.953 0
2664 537.155 1
906 537.155 0
5035 537.32 1
4394 537.32 0
2664 538.204 0
3668 538.204 1
5283 538.685 1
5282 538.685 0
5107 538.712 0
2562 538.712 1
5283 539.524 0
5249 539.524 1
5034 539.757 1
5035 539.757 0
5249 539.977 0
1869 539.977 1
282 540.072 1
3668 540.072 0
5034 540.087 0
1869 540.087 0
282 541.796 0
4952 541.796 1
2370 543.622 1
2562 543.622 0
4952 545.176 0
2353 545.176 1
2355 546.173 1
2353 546.173 0
2370 547.011 0
2369 547.011 1
2369 548.66 0
4193 548.66 1
2355 549.811 0
2354 549.811 1
4193 550.573 0
2392 550.573 1
2354 550.583 0
2377 550.583 1
2392 550.774 0
2377 550.774 0
